time_elapsed,voltage,temperature,pH_uncorrected
0.022949934005737305,-0.7739733116948244,1,7.705690175575296
0.36388611793518066,-0.7765205540733966,1,7.707127595511453
0.47009921073913574,-0.8019929778591148,1,7.721501794873027
0.5615363121032715,-0.7841622812091131,1,7.711439855319926
0.63869309425354,-0.8096347049948314,1,7.7258140546815
0.7460181713104248,-0.7765205540733966,1,7.707127595511453
0.8246946334838867,-0.7994457354805427,1,7.72006437493687
0.9012949466705322,-0.7841622812091131,1,7.711439855319926
0.9781160354614258,-0.7739733116948244,1,7.705690175575296
1.0569143295288086,-0.8019929778591148,1,7.721501794873027
1.1496610641479492,-0.7892567659662575,1,7.7143146951922414
1.2274861335754395,-0.7663315845591079,1,7.701377915766823
1.3059566020965576,-0.7867095235876853,1,7.7128772752560835
1.382847547531128,-0.7714260693162522,1,7.704252755639138
1.4607572555541992,-0.7994457354805427,1,7.72006437493687
1.5392773151397705,-0.8121819473734035,1,7.727251474617657
1.6181557178497314,-0.7968984931019705,1,7.718626955000712
1.6950910091400146,-0.7714260693162522,1,7.704252755639138
1.7738597393035889,-0.804540220237687,1,7.722939214809185
1.8505709171295166,-0.7867095235876853,1,7.7128772752560835
1.928555965423584,-0.781615038830541,1,7.710002435383768
2.005638837814331,-0.7867095235876853,1,7.7128772752560835
2.099478006362915,-0.7765205540733966,1,7.707127595511453
2.1761555671691895,-0.7892567659662575,1,7.7143146951922414
2.255913734436035,-0.7867095235876853,1,7.7128772752560835
2.333740711212158,-0.7765205540733966,1,7.707127595511453
2.410964012145996,-0.7739733116948244,1,7.705690175575296
2.489222526550293,-0.8019929778591148,1,7.721501794873027
2.565796136856079,-0.7968984931019705,1,7.718626955000712
2.6427013874053955,-0.7739733116948244,1,7.705690175575296
2.7056996822357178,-0.7994457354805427,1,7.72006437493687
2.7843751907348633,-0.7790677964519688,1,7.708565015447611
2.8606770038604736,-0.7663315845591079,1,7.701377915766823
2.9375271797180176,-0.7968984931019705,1,7.718626955000712
3.0159130096435547,-0.7790677964519688,1,7.708565015447611
3.09309720993042,-0.7867095235876853,1,7.7128772752560835
3.171870470046997,-0.7918040083448261,1,7.715752115128397
3.2506933212280273,-0.7994457354805427,1,7.72006437493687
3.326502799987793,-0.7714260693162522,1,7.704252755639138
3.4045190811157227,-0.7867095235876853,1,7.7128772752560835
3.482025623321533,-0.7790677964519688,1,7.708565015447611
3.5739052295684814,-0.7968984931019705,1,7.718626955000712
3.6509974002838135,-0.7867095235876853,1,7.7128772752560835
3.7286338806152344,-0.7739733116948244,1,7.705690175575296
3.8075218200683594,-0.7892567659662575,1,7.7143146951922414
3.8853085041046143,-0.7841622812091131,1,7.711439855319926
3.9636876583099365,-0.7688788269376801,1,7.702815335702981
4.042512655258179,-0.7714260693162522,1,7.704252755639138
4.120508193969727,-0.7918040083448261,1,7.715752115128397
4.197761297225952,-0.7765205540733966,1,7.707127595511453
4.274717569351196,-0.781615038830541,1,7.710002435383768
4.351667165756226,-0.7714260693162522,1,7.704252755639138
4.428858757019043,-0.7637843421805357,1,7.699940495830666
4.506638050079346,-0.781615038830541,1,7.710002435383768
4.5862555503845215,-0.7918040083448261,1,7.715752115128397
4.665279388427734,-0.7765205540733966,1,7.707127595511453
4.742303371429443,-0.7790677964519688,1,7.708565015447611
4.821368217468262,-0.7867095235876853,1,7.7128772752560835
4.898515939712524,-0.7714260693162522,1,7.704252755639138
4.976149082183838,-0.7765205540733966,1,7.707127595511453
5.071879863739014,-0.7867095235876853,1,7.7128772752560835
5.15042519569397,-0.781615038830541,1,7.710002435383768
5.227609395980835,-0.7714260693162522,1,7.704252755639138
5.307124853134155,-0.7918040083448261,1,7.715752115128397
5.385241746902466,-0.7765205540733966,1,7.707127595511453
5.464039087295532,-0.7841622812091131,1,7.711439855319926
5.541154146194458,-0.7739733116948244,1,7.705690175575296
5.616439580917358,-0.7841622812091131,1,7.711439855319926
5.695334434509277,-0.7739733116948244,1,7.705690175575296
5.772323846817017,-0.7943512507233983,1,7.717189535064555
5.8492350578308105,-0.7841622812091131,1,7.711439855319926
5.926309108734131,-0.7841622812091131,1,7.711439855319926
6.004756450653076,-0.7867095235876853,1,7.7128772752560835
6.079861402511597,-0.7535953726662505,1,7.694190816086038
6.157784700393677,-0.7867095235876853,1,7.7128772752560835
6.233948469161987,-0.7968984931019705,1,7.718626955000712
6.312435626983643,-0.7637843421805357,1,7.699940495830666
6.420621156692505,-0.781615038830541,1,7.710002435383768
6.498392105102539,-0.7739733116948244,1,7.705690175575296
6.574336051940918,-0.7892567659662575,1,7.7143146951922414
6.6519012451171875,-0.7918040083448261,1,7.715752115128397
6.730759143829346,-0.7637843421805357,1,7.699940495830666
6.807239770889282,-0.781615038830541,1,7.710002435383768
6.887068271636963,-0.7841622812091131,1,7.711439855319926
6.966185092926025,-0.7841622812091131,1,7.711439855319926
7.0422141551971436,-0.7535953726662505,1,7.694190816086038
7.1211466789245605,-0.7867095235876853,1,7.7128772752560835
7.200143814086914,-0.7765205540733966,1,7.707127595511453
7.276721239089966,-0.7663315845591079,1,7.701377915766823
7.3553307056427,-0.781615038830541,1,7.710002435383768
7.4346842765808105,-0.7790677964519688,1,7.708565015447611
7.511749267578125,-0.7510481302876784,1,7.692753396149881
7.589539051055908,-0.781615038830541,1,7.710002435383768
7.666523456573486,-0.7790677964519688,1,7.708565015447611
7.743120431900024,-0.7637843421805357,1,7.699940495830666
7.853286981582642,-0.7765205540733966,1,7.707127595511453
7.932785272598267,-0.7841622812091131,1,7.711439855319926
8.010678052902222,-0.7612370998019671,1,7.698503075894511
8.088550329208374,-0.7765205540733966,1,7.707127595511453
8.165274620056152,-0.7663315845591079,1,7.701377915766823
8.243149757385254,-0.7663315845591079,1,7.701377915766823
8.321969985961914,-0.7739733116948244,1,7.705690175575296
8.399654150009155,-0.7714260693162522,1,7.704252755639138
8.476699829101562,-0.7637843421805357,1,7.699940495830666
8.55449628829956,-0.781615038830541,1,7.710002435383768
8.631568908691406,-0.7586898574233949,1,7.697065655958353
8.70783543586731,-0.7663315845591079,1,7.701377915766823
8.785567045211792,-0.7867095235876853,1,7.7128772752560835
8.863125801086426,-0.7688788269376801,1,7.702815335702981
8.938430309295654,-0.7765205540733966,1,7.707127595511453
9.01708173751831,-0.7765205540733966,1,7.707127595511453
9.095700025558472,-0.7688788269376801,1,7.702815335702981
9.203123092651367,-0.7663315845591079,1,7.701377915766823
9.280641078948975,-0.7714260693162522,1,7.704252755639138
9.357901334762573,-0.7637843421805357,1,7.699940495830666
9.436824560165405,-0.7841622812091131,1,7.711439855319926
9.513240337371826,-0.7535953726662505,1,7.694190816086038
9.590630292892456,-0.7688788269376801,1,7.702815335702981
9.669652462005615,-0.7765205540733966,1,7.707127595511453
9.747671842575073,-0.7612370998019671,1,7.698503075894511
9.825249195098877,-0.7586898574233949,1,7.697065655958353
9.903132200241089,-0.7688788269376801,1,7.702815335702981
9.980713129043579,-0.7586898574233949,1,7.697065655958353
10.058425426483154,-0.7714260693162522,1,7.704252755639138
10.137139320373535,-0.7765205540733966,1,7.707127595511453
10.21603012084961,-0.7790677964519688,1,7.708565015447611
10.29282546043396,-0.7688788269376801,1,7.702815335702981
10.370853185653687,-0.7586898574233949,1,7.697065655958353
10.44968843460083,-0.7535953726662505,1,7.694190816086038
10.527910232543945,-0.7612370998019671,1,7.698503075894511
10.62163496017456,-0.7637843421805357,1,7.699940495830666
10.69943904876709,-0.7637843421805357,1,7.699940495830666
10.776076078414917,-0.7586898574233949,1,7.697065655958353
10.854039669036865,-0.7739733116948244,1,7.705690175575296
10.931657075881958,-0.7637843421805357,1,7.699940495830666
11.007652282714844,-0.7535953726662505,1,7.694190816086038
11.084886074066162,-0.7714260693162522,1,7.704252755639138
11.163005113601685,-0.7612370998019671,1,7.698503075894511
11.23878288269043,-0.7688788269376801,1,7.702815335702981
11.316985845565796,-0.7612370998019671,1,7.698503075894511
11.400437355041504,-0.7663315845591079,1,7.701377915766823
11.485934257507324,-0.7714260693162522,1,7.704252755639138
11.56532073020935,-0.7663315845591079,1,7.701377915766823
11.641084909439087,-0.7535953726662505,1,7.694190816086038
11.717515707015991,-0.7663315845591079,1,7.701377915766823
11.7951180934906,-0.7535953726662505,1,7.694190816086038
11.873271942138672,-0.745953645530534,1,7.689878556277566
11.949300289154053,-0.7739733116948244,1,7.705690175575296
12.044302701950073,-0.7637843421805357,1,7.699940495830666
12.122584104537964,-0.7612370998019671,1,7.698503075894511
12.200214385986328,-0.7688788269376801,1,7.702815335702981
12.278435230255127,-0.7434064031519618,1,7.688441136341408
12.356693744659424,-0.7586898574233949,1,7.697065655958353
12.434916734695435,-0.7663315845591079,1,7.701377915766823
12.509336471557617,-0.7485008879091062,1,7.691315976213723
12.594048261642456,-0.7485008879091062,1,7.691315976213723
12.671864986419678,-0.7612370998019671,1,7.698503075894511
12.750259637832642,-0.7535953726662505,1,7.694190816086038
12.82886004447937,-0.745953645530534,1,7.689878556277566
12.90601396560669,-0.7510481302876784,1,7.692753396149881
12.983946323394775,-0.7663315845591079,1,7.701377915766823
13.061643123626709,-0.7561426150448227,1,7.695628236022196
13.138612270355225,-0.7714260693162522,1,7.704252755639138
13.217541694641113,-0.7663315845591079,1,7.701377915766823
13.296892166137695,-0.7612370998019671,1,7.698503075894511
13.404672145843506,-0.7739733116948244,1,7.705690175575296
13.483095407485962,-0.745953645530534,1,7.689878556277566
13.560874938964844,-0.7408591607733896,1,7.6870037164052505
13.637922048568726,-0.7586898574233949,1,7.697065655958353
13.731577396392822,-0.7714260693162522,1,7.704252755639138
13.809519290924072,-0.7383119183948175,1,7.6855662964690925
13.889498949050903,-0.7485008879091062,1,7.691315976213723
13.967797756195068,-0.7586898574233949,1,7.697065655958353
14.045241832733154,-0.7383119183948175,1,7.6855662964690925
14.123638153076172,-0.7383119183948175,1,7.6855662964690925
14.202873229980469,-0.7663315845591079,1,7.701377915766823
14.28071904182434,-0.7510481302876784,1,7.692753396149881
14.358693599700928,-0.7485008879091062,1,7.691315976213723
14.436345338821411,-0.7612370998019671,1,7.698503075894511
14.51377820968628,-0.7561426150448227,1,7.695628236022196
14.592447280883789,-0.7357646760162453,1,7.684128876532935
14.671030282974243,-0.7586898574233949,1,7.697065655958353
14.747896432876587,-0.7637843421805357,1,7.699940495830666
14.840702295303345,-0.7357646760162453,1,7.684128876532935
14.91727900505066,-0.7586898574233949,1,7.697065655958353
14.995250225067139,-0.7535953726662505,1,7.694190816086038
15.07313323020935,-0.7434064031519618,1,7.688441136341408
15.152563571929932,-0.7612370998019671,1,7.698503075894511
15.230128288269043,-0.7510481302876784,1,7.692753396149881
15.30837368965149,-0.7535953726662505,1,7.694190816086038
15.386887073516846,-0.7561426150448227,1,7.695628236022196
15.463053464889526,-0.7510481302876784,1,7.692753396149881
15.540633916854858,-0.745953645530534,1,7.689878556277566
15.618945360183716,-0.7612370998019671,1,7.698503075894511
15.695773363113403,-0.7485008879091062,1,7.691315976213723
15.774049520492554,-0.7408591607733896,1,7.6870037164052505
15.8531653881073,-0.7612370998019671,1,7.698503075894511
15.929603338241577,-0.7357646760162453,1,7.684128876532935
16.008392810821533,-0.745953645530534,1,7.689878556277566
16.085988759994507,-0.7612370998019671,1,7.698503075894511
16.16206192970276,-0.7306701912591045,1,7.681254036660622
16.256576538085938,-0.7383119183948175,1,7.6855662964690925
16.333579063415527,-0.7586898574233949,1,7.697065655958353
16.410727977752686,-0.7434064031519618,1,7.688441136341408
16.48824644088745,-0.745953645530534,1,7.689878556277566
16.56620502471924,-0.7612370998019671,1,7.698503075894511
16.644126176834106,-0.7306701912591045,1,7.681254036660622
16.723662614822388,-0.7485008879091062,1,7.691315976213723
16.801334381103516,-0.7612370998019671,1,7.698503075894511
16.877291679382324,-0.7485008879091062,1,7.691315976213723
16.956276655197144,-0.7408591607733896,1,7.6870037164052505
17.034014463424683,-0.7535953726662505,1,7.694190816086038
17.109817028045654,-0.7281229488805323,1,7.679816616724464
17.203688621520996,-0.7510481302876784,1,7.692753396149881
17.280625581741333,-0.745953645530534,1,7.689878556277566
17.35861325263977,-0.7510481302876784,1,7.692753396149881
17.437726259231567,-0.7434064031519618,1,7.688441136341408
17.513802766799927,-0.7663315845591079,1,7.701377915766823
17.592164516448975,-0.7434064031519618,1,7.688441136341408
17.686205863952637,-0.7663315845591079,1,7.701377915766823
17.761837244033813,-0.745953645530534,1,7.689878556277566
17.840731143951416,-0.7255757065019601,1,7.678379196788307
17.919779062271118,-0.7281229488805323,1,7.679816616724464
17.997133255004883,-0.7561426150448227,1,7.695628236022196
18.07688331604004,-0.6975560403376697,1,7.662567577490576
18.154686212539673,-0.628780496116228,1,7.623757239214327
18.23248314857483,-0.5752884061662193,1,7.593571420555023
18.32526659965515,-0.453020771994769,1,7.524575263619469
18.40293598175049,-0.3944341972876195,1,7.491514605087851
18.479724645614624,-0.2950917445233152,1,7.435455227577714
18.558810234069824,-0.19574929175901445,1,7.379395850067578
18.636258125305176,-0.1498989289447188,1,7.353522291216745
18.71310782432556,-0.07093441520899191,1,7.308962273195867
18.78911018371582,0.013124583283879332,1,7.261527415302675
18.86610507965088,0.06916391561246016,1,7.229904176707213
18.944231510162354,0.15577015648390358,1,7.181031898877863
19.03839921951294,0.242376397355347,1,7.132159621048513
19.115353107452393,0.27803779065535394,1,7.112035741942309
19.191540718078613,0.3799274857982269,1,7.054538944496016
19.269519805908203,0.4487030300196686,1,7.015728606219766
19.34633469581604,0.5149313318625346,1,6.978355687879676
19.423790454864502,0.6193682693839833,1,6.919421470497224
19.502769708633423,0.6830493288482771,1,6.8834859720932915
19.581613540649414,0.7620138425840075,1,6.838925954072412
19.658058404922485,0.8384311139411622,1,6.795803355987692
19.73742699623108,0.8995649310268838,1,6.761305277519917
19.814482927322388,0.960698748112609,1,6.726807199052141
19.89069962501526,1.0447577466054803,1,6.679372341158948
19.969637155532837,1.0957025941769167,1,6.650623942435801
20.04800820350647,1.172119865534075,1,6.607501344351079
20.125189781188965,1.2383481673769445,1,6.570128426010988
20.20312476158142,1.312218196355527,1,6.528443247862425
20.28069233894348,1.3555213167912505,1,6.504007108947749
20.374111890792847,1.4446748000412661,1,6.453697411182241
20.451210498809814,1.4905251628555582,1,6.42782385233141
20.530693769454956,1.546564495184139,1,6.396200613735948
20.60648536682129,1.5873203732412868,1,6.373201894757432
20.686277389526367,1.6382652208127233,1,6.344453496034285
20.764418601989746,1.6815683412484468,1,6.3200173571196085
20.841159105300903,1.7401549159556033,1,6.2869566985879874
20.9186007976532,1.7477966430913163,1,6.282644438779517
20.9960994720459,1.8063832177984658,1,6.2495837802478995
21.0740327835083,1.8547808229913336,1,6.2222728014609086
21.152706623077393,1.8700642772627667,1,6.213648281843963
21.23068380355835,1.90572567056277,1,6.193524402737761
21.307218551635742,1.9464815486199178,1,6.170525683759245
21.385083198547363,1.9719539724056396,1,6.15615148439767
21.463263750076294,2.0178043352199317,1,6.130277925546839
21.538660526275635,2.045824001384222,1,6.114466306249108
21.618595600128174,2.063654698034224,1,6.104404366696007
21.698259353637695,2.1069578184699473,1,6.079968227781331
21.806132555007935,2.147713696527095,1,6.056969508802815
21.885454177856445,2.2012057864771073,1,6.026783690143509
21.963072299957275,2.2012057864771073,1,6.026783690143509
22.042930364608765,2.2470561492913994,1,6.0009101312926765
22.12198567390442,2.267434088319977,1,5.989410771803416
22.199073791503906,2.287812027348547,1,5.97791141231416
22.277304887771606,2.3311151477842706,1,5.953475273399484
22.355430126190186,2.336209632541415,1,5.950600433527169
22.43207025527954,2.361682056327137,1,5.936226234165593
22.50922966003418,2.399890692005709,1,5.914664935123237
22.588595867156982,2.4253631157914306,1,5.900290735761661
22.66543221473694,2.4330048429271436,1,5.895978475953191
22.744080543518066,2.4737607209842984,1,5.8729797569746705
22.822922229766846,2.501780387148589,1,5.85716813767694
22.900659799575806,2.514516599041446,1,5.849981037996153
22.979607582092285,2.539989022827161,1,5.8356068386345825
23.057741403579712,2.570555931370027,1,5.818357799400692
23.15014624595642,2.57819765850574,1,5.814045539592222
23.226409196853638,2.5909338703986045,1,5.806858439911432
23.30341148376465,2.631689748455752,1,5.783859720932915
23.380950450897217,2.6291425060771765,1,5.7852971408690745
23.45954132080078,2.6597094146200426,1,5.768048101635184
23.53676700592041,2.680087353648613,1,5.756548742145928
23.614118576049805,2.6826345960271887,1,5.7551113222097685
23.69326114654541,2.718295989327192,1,5.734987443103567
23.770169496536255,2.751410140248627,1,5.716300983933521
23.847543478012085,2.733579443598625,1,5.726362923486622
23.926602125167847,2.7717880792772043,1,5.704801624444261
24.00491428375244,2.7921660183057746,1,5.693302264955005
24.081672430038452,2.7921660183057746,1,5.693302264955005
24.157743215560913,2.8099967149557834,1,5.6832403254019
24.23541259765625,2.838016381120074,1,5.667428706104169
24.297346115112305,2.835469138741498,1,5.668866126040329
24.37544560432434,2.850752593012931,1,5.660241606423384
24.437894821166992,2.8711305320415086,1,5.648742246934123
24.530790328979492,2.873677774420077,1,5.647304826997967
24.608853578567505,2.8864139863129346,1,5.640117727317182
24.672706127166748,2.906791925341512,1,5.628618367827921
24.736044883728027,2.906791925341512,1,5.628618367827921
24.812578678131104,2.9093391677200806,1,5.627180947891766
24.88964033126831,2.9399060762629468,1,5.609931908657876
24.951393842697144,2.9271698643700894,1,5.617119008338662
25.02850317955017,2.9322643491272267,1,5.61424416846635
25.090500116348267,2.9475478033986597,1,5.605619648849405
25.161309957504272,2.962831257670093,1,5.59699512923246
25.2316415309906,2.967925742427237,1,5.594120289360145
25.309661865234375,2.985756439077239,1,5.584058349807044
25.388018369674683,2.9959454085915276,1,5.578308670062414
25.465081691741943,2.9806619543200945,1,5.5869331896793595
25.541149377822876,3.023965074755818,1,5.562497050764684
25.603957653045654,3.031606801891531,1,5.558184790956212
25.66611099243164,3.016323347620105,1,5.566809310573154
25.742086172103882,3.0443430137843954,1,5.550997691275423
25.81800389289856,3.0494374985415327,1,5.548122851403112
25.89404320716858,3.0647209528129657,1,5.539498331786167
25.987027645111084,3.080004407084399,1,5.530873812169221
26.050476551055908,3.072362679948686,1,5.535186071977692
26.126367330551147,3.0672681951915415,1,5.538060911850007
26.203256130218506,3.1003823461129763,1,5.519374452679961
26.281737565994263,3.102929588491545,1,5.517937032743806
26.36056900024414,3.1207602851415466,1,5.507875093190705
26.43746280670166,3.148779951305837,1,5.492063473892975
26.514439821243286,3.1284020122772667,1,5.50356283338223
26.591722011566162,3.1538744360629813,1,5.489188634020659
26.668249130249023,3.156421678441557,1,5.4877512140845
26.74622941017151,3.1589689208201257,1,5.486313794148344
26.80998468399048,3.1818941022272718,1,5.473377014722928
26.88632345199585,3.197177556498705,1,5.464752495105983
26.964192390441895,3.186988586984416,1,5.470502174850613
27.043079137802124,3.202272041255849,1,5.461877655233668
27.120081424713135,3.2226499802844195,1,5.450378295744412
27.196980476379395,3.186988586984416,1,5.470502174850613
27.276454210281372,3.2226499802844195,1,5.450378295744412
27.354689598083496,3.217555495527275,1,5.453253135616727
27.44833278656006,3.220102737905851,1,5.451815715680567
27.527355432510376,3.235386192177284,1,5.443191196063622
27.605089902877808,3.243027919312997,1,5.4388789362551515
27.68155527114868,3.2455751616915656,1,5.437441516318996
27.760684728622437,3.2481224040701413,1,5.436004096382836
27.837151050567627,3.281236554991576,1,5.417317637212791
27.901036977767944,3.265953100720143,1,5.425942156829736
27.963110208511353,3.265953100720143,1,5.425942156829736
28.039933681488037,3.2939727668844334,1,5.410130537532005
28.102927923202515,3.311803463534435,1,5.400068597978904
28.18015480041504,3.291425524505865,1,5.4115679574681606
28.25700855255127,3.311803463534435,1,5.400068597978904
28.33415389060974,3.321992433048724,1,5.394318918234274
28.411082983016968,3.334728644941581,1,5.387131818553488
28.486847400665283,3.337275887320157,1,5.3856943986173285
28.563019037246704,3.334728644941581,1,5.387131818553488
28.641709327697754,3.3652955534844473,1,5.369882779319598
28.718946933746338,3.3652955534844473,1,5.369882779319598
28.79573702812195,3.3551065839701586,1,5.375632459064228
28.87398099899292,3.3703900382415917,1,5.367007939447283
28.968019485473633,3.3729372806201603,1,5.365570519511127
29.045108556747437,3.3729372806201603,1,5.365570519511127
29.12410593032837,3.3933152196487377,1,5.354071160021867
29.203262329101562,3.406051431541595,1,5.346884060341081
29.281208753585815,3.383126250134449,1,5.359820839766497
29.359510898590088,3.406051431541595,1,5.346884060341081
29.437486171722412,3.4264293705701725,1,5.335384700851821
29.515217542648315,3.4111459162987394,1,5.344009220468767
29.59360980987549,3.416240401055884,1,5.341134380596451
29.67002248764038,3.43916558246303,1,5.328197601171036
29.747004508972168,3.4264293705701725,1,5.335384700851821
29.82503318786621,3.4417128248415985,1,5.32676018123488
29.90472912788391,3.462090763870176,1,5.315260821745619
29.982242584228516,3.446807309598743,1,5.323885341362565
30.045650720596313,3.4417128248415985,1,5.32676018123488
30.109381198883057,3.451901794355887,1,5.32101050149025
30.187382698059082,3.477374218141609,1,5.306636302128674
30.265440940856934,3.4824687028987533,1,5.303761462256359
30.359346628189087,3.4799214605201776,1,5.305198882192519
30.436508893966675,3.500299399548755,1,5.293699522703259
30.51444911956787,3.4977521571701864,1,5.295136942639414
30.59235954284668,3.492657672413042,1,5.298011782511729
30.66907501220703,3.525771823334477,1,5.279325323341683
30.745978355407715,3.5053938843058994,1,5.2908246828309435
30.808521509170532,3.5206773385773324,1,5.282200163213998
30.88592791557312,3.530866308091614,1,5.276450483469372
30.963725090026855,3.525771823334477,1,5.279325323341683
31.04152011871338,3.5436025199844785,1,5.269263383788583
31.118314266204834,3.56143321663448,1,5.259201444235481
31.19608235359192,3.538508035227334,1,5.272138223660898
31.274543523788452,3.569074943770193,1,5.254889184427011
31.35203766822815,3.5818111556630576,1,5.247702084746221
31.42999768257141,3.563980459013049,1,5.257764024299327
31.508001565933228,3.594547367555915,1,5.2405149850654364
31.584937572479248,3.5920001251773392,1,5.241952405001595
31.66310143470764,3.5741694285273375,1,5.252014344554697
31.758689165115356,3.586905640420195,1,5.24482724487391
31.835870027542114,3.609830821827348,1,5.23189046544849
31.91324734687805,3.6047363370702037,1,5.234765305320806
31.990962743759155,3.632756003234494,1,5.218953686023075
32.066720962524414,3.6353032456130627,1,5.217516266086919
32.14124917984009,3.632756003234494,1,5.218953686023075
32.22128343582153,3.6429449727487757,1,5.213204006278449
32.2969913482666,3.6353032456130627,1,5.217516266086919
32.37621569633484,3.6531339422630644,1,5.207454326533819
32.45408010482788,3.670964638913066,1,5.197392386980718
32.530717611312866,3.6531339422630644,1,5.207454326533819
32.61001420021057,3.665870154155929,1,5.200267226853029
32.68687343597412,3.678606366048786,1,5.1930801271722435
32.7628493309021,3.681153608427355,1,5.191642707236088
32.840147733688354,3.6989843050773565,1,5.181580767682988
32.903109312057495,3.7168150017273653,1,5.171518828129882
32.97902154922485,3.6837008508059306,1,5.1902052872999285
33.05705189704895,3.7142677593487896,1,5.172956248066042
33.15036869049072,3.719362244105934,1,5.170081408193727
33.228129625320435,3.7066260322130766,1,5.177268507874512
33.306044578552246,3.7371929407559357,1,5.160019468640626
33.36923789978027,3.74228742551308,1,5.157144628768311
33.44612646102905,3.7371929407559357,1,5.160019468640626
33.52359962463379,3.7626653645416575,1,5.145645269279051
33.60188150405884,3.7601181221630817,1,5.14708268921521
33.6792893409729,3.7448346678916558,1,5.155707208832151
33.75806951522827,3.765212606920226,1,5.144207849342895
33.83557152748108,3.7855905459488035,1,5.132708489853635
33.91240119934082,3.767759849298802,1,5.142770429406736
33.992271423339844,3.7830433035702278,1,5.134145909789794
34.0690553188324,3.8008740002202366,1,5.12408397023669
34.14681267738342,3.790685030705948,1,5.12983364998132
34.225687980651855,3.803421242598805,1,5.122646550300534
34.30411767959595,3.8237991816273826,1,5.111147190811273
34.38091278076172,3.813610212113094,1,5.1168968705559035
34.45992374420166,3.813610212113094,1,5.1168968705559035
34.553659200668335,3.83653539352024,1,5.103960091130489
34.630741596221924,3.8390826358988086,1,5.102522671194333
34.70764517784119,3.8416298782773843,1,5.101085251258173
34.78651452064514,3.8569133325488174,1,5.0924607316412285
34.86303424835205,3.8620078173059618,1,5.0895858917689125
34.94232106208801,3.8645550596845304,1,5.088148471832758
35.01908206939697,3.882385756334532,1,5.078086532279657
35.09530544281006,3.8721967868202434,1,5.083836212024287
35.173073053359985,3.907858180120254,1,5.063712332918081
35.24890851974487,3.884932998713108,1,5.076649112343498
35.324674129486084,3.9104054224988225,1,5.062274912981926
35.40278244018555,3.915499907255967,1,5.059400073109611
35.48058605194092,3.9307833615274,1,5.050775553492666
35.574323654174805,3.9256888767702556,1,5.053650393364981
35.65361547470093,3.946066815798833,1,5.0421510338757205
35.73073744773865,3.9333306039059686,1,5.04933813355651
35.80768299102783,3.9486140581774016,1,5.040713613939564
35.90156626701355,3.9664447548274033,1,5.030651674386464
35.9794979095459,3.9511613005559703,1,5.03927619400341
36.056395053863525,3.9817282090988364,1,5.022027154769519
36.133474826812744,3.9893699362345494,1,5.017714894961048
36.21144914627075,3.976633724341692,1,5.024901994641834
36.28731417655945,4.007200632884558,1,5.007652955407943
36.36577081680298,3.9970116633702695,1,5.013402635152573
36.44504737854004,3.9970116633702695,1,5.013402635152573
36.52229619026184,4.032673056670273,1,4.993278756046372
36.60107111930847,4.037767541427417,1,4.990403916174057
36.67948651313782,4.02503132953456,1,4.997591015854843
36.75536513328552,4.050503753320275,1,4.983216816493272
36.83409833908081,4.05305099569885,1,4.981779396557112
36.91263198852539,4.037767541427417,1,4.990403916174057
36.990713119506836,4.055598238077419,1,4.980341976620957
37.06893253326416,4.081070661863141,1,4.965967777259381
37.14774203300476,4.081070661863141,1,4.965967777259381
37.25462365150452,4.098901358513142,1,4.955905837706281
37.333030223846436,4.11927929754172,1,4.9444064782170205
37.409257650375366,4.091259631377429,1,4.960218097514751
37.487441062927246,4.126921024677433,1,4.94009421840855
37.56448721885681,4.109090328027431,1,4.950156157961651
37.64065456390381,4.126921024677433,1,4.94009421840855
37.71920657157898,4.1523934484631475,1,4.925720019046978
37.79705786705017,4.134562751813146,1,4.935781958600079
37.875242948532104,4.142204478948866,1,4.931469698791604
37.9530725479126,4.172771387491725,1,4.914220659557718
38.03079557418823,4.157487933220292,1,4.922845179174663
38.108062505722046,4.177865872248869,1,4.911345819685403
38.185646533966064,4.200791053656015,1,4.898409040259987
38.26429200172424,4.193149326520302,1,4.902721300068458
38.341222524642944,4.200791053656015,1,4.898409040259987
38.41938638687134,4.208432780791728,1,4.894096780451516
38.49764442443848,4.210980023170304,1,4.892659360515357
38.57604384422302,4.20588553841316,1,4.895534200387672
38.67091202735901,4.251735901227452,1,4.869660641536841
38.75085949897766,4.2466414164703075,1,4.872535481409155
38.829010248184204,4.244094174091739,1,4.8739729013453115
38.90598106384277,4.264472113120309,1,4.862473541856055
38.98428177833557,4.284850052148887,1,4.8509741823667945
39.06116080284119,4.279755567391742,1,4.8538490222391095
39.13821458816528,4.284850052148887,1,4.8509741823667945
39.2150981426239,4.302680748798888,1,4.840912242813694
39.29193639755249,4.30013350642032,1,4.842349662749849
39.36967635154724,4.325605930206034,1,4.827975463388277
39.44747734069824,4.32815317258461,1,4.826538043452119
39.52472805976868,4.32815317258461,1,4.826538043452119
39.60419821739197,4.343436626856043,1,4.817913523835173
39.68218946456909,4.345983869234612,1,4.816476103899018
39.76040077209473,4.340889384477467,1,4.819350943771333
39.83808779716492,4.3790980201560465,1,4.797789644728972
39.91786980628967,4.376550777777471,1,4.799227064665132
40.04206705093384,4.371456293020334,1,4.802101904537443
40.13481879234314,4.391834232048904,1,4.790602545048186
40.21368384361267,4.409664928698906,1,4.780540605495085
40.29154586791992,4.39438147442748,1,4.789165125112026
40.36850118637085,4.435137352484627,1,4.76616640613351
40.44654059410095,4.427495625348914,1,4.770478665941981
40.52359366416931,4.44277907962034,1,4.76185414632504
40.60277009010315,4.460609776270342,1,4.751792206771938
40.6805477142334,4.452968049134629,1,4.7561044665804095
40.75955033302307,4.458062533891773,1,4.7532296267080945
40.8387017250061,4.460609776270342,1,4.751792206771938
40.91652297973633,4.4809877152989195,1,4.740292847282678
40.99541234970093,4.48862944243464,1,4.735980587474204
41.07321763038635,4.48862944243464,1,4.735980587474204
41.15099859237671,4.514101866220354,1,4.721606388112633
41.22880578041077,4.5039128967060655,1,4.727356067857263
41.30754852294922,4.5039128967060655,1,4.727356067857263
41.38407921791077,4.542121532384645,1,4.705794768814902
41.47955536842346,4.554857744277502,1,4.698607669134116
41.558616161346436,4.539574290006076,1,4.707232188751057
41.634241819381714,4.565046713791791,1,4.692857989389486
41.71255326271057,4.565046713791791,1,4.692857989389486
41.78892540931702,4.572688440927511,1,4.688545729581012
41.86424899101257,4.595613622334657,1,4.6756089501555955
41.942317485809326,4.585424652820368,1,4.681358629900226
42.01963186264038,4.60325534947037,1,4.671296690347125
42.0961594581604,4.600708107091801,1,4.6727341102832805
42.17428469657898,4.608349834227514,1,4.66842185047481
42.25090479850769,4.623633288498947,1,4.659797330857865
42.32871341705322,4.63127501563466,1,4.6554850710493945
42.40543246269226,4.636369500391805,1,4.6526102311770785
42.48474669456482,4.656747439420382,1,4.641110871687818
42.56104016304016,4.659294681798951,1,4.639673451751664
42.63974618911743,4.674578136070384,1,4.631048932134718
42.71773076057434,4.679672620827528,1,4.6281740922624035
42.79403877258301,4.664389166556095,1,4.636798611879348
42.873396158218384,4.682219863206097,1,4.626736672326247
42.968807220458984,4.702597802234674,1,4.615237312836987
43.046042680740356,4.7076922869918185,1,4.612362472964673
43.124568939208984,4.7076922869918185,1,4.612362472964673
43.203362226486206,4.72552298364182,1,4.602300533411571
43.280099391937256,4.728070226020389,1,4.600863113475416
43.359007120132446,4.7229757412632445,1,4.603737953347731
43.43725037574768,4.748448165048966,1,4.589363753986156
43.514076471328735,4.766278861698968,1,4.579301814433055
43.59095811843872,4.7459009226703905,1,4.590801173922316
43.6668815612793,4.768826104077544,1,4.5778643944968955
43.74408531188965,4.776467831213257,1,4.573552134688425
43.82410955429077,4.773920588834681,1,4.574989554624585
43.901594161987305,4.81212922451326,1,4.553428255582223
43.97783064842224,4.799393012620403,1,4.560615355263009
44.05661702156067,4.8095819821346915,1,4.5548656755183785
44.13412404060364,4.8325071635418375,1,4.541928896092963
44.2108895778656,4.817223709270404,1,4.550553415709908
44.28935194015503,4.847790617813271,1,4.533304376476018
44.367419719696045,4.855432344948984,1,4.528992116667547
44.47530436515808,4.845243375434695,1,4.5347417964121775
44.553475856781006,4.857979587327552,1,4.527554696731392
44.632441997528076,4.875810283977561,1,4.517492757178287
44.708370208740234,4.865621314463272,1,4.523242436922917
44.78769516944885,4.880904768734705,1,4.514617917305972
44.865920305252075,4.898735465384707,1,4.504555977752871
44.94271516799927,4.891093738248987,1,4.508868237561346
45.0226891040802,4.896188223006131,1,4.50599339768903
45.102638244628906,4.919113404413277,1,4.493056618263616
45.178359031677246,4.898735465384707,1,4.504555977752871
45.25700545310974,4.9343968586847105,1,4.4844320986466695
45.33583092689514,4.939491343441855,1,4.481557258774355
45.41336178779602,4.942038585820423,1,4.480119838838199
45.48948693275452,4.9267551315489975,1,4.48874435845514
45.5656464099884,4.962416524849001,1,4.468620479348939
45.642680406570435,4.9573220400918565,1,4.471495319221254
45.720714807510376,4.967511009606145,1,4.465745639476624
45.79768252372742,4.980247221499003,1,4.458558539795838
45.890435457229614,4.975152736741858,1,4.461433379668153
45.96942710876465,4.990436191013291,1,4.452808860051208
46.048630237579346,4.990436191013291,1,4.452808860051208
46.12488126754761,5.00062516052758,1,4.447059180306578
46.202534198760986,5.005719645284724,1,4.444184340434263
46.28145956993103,5.018455857177582,1,4.4369972407534775
46.35957050323486,5.008266887663293,1,4.442746920498108
46.43581509590149,5.033739311449015,1,4.428372721136532
46.51338720321655,5.038833796206159,1,4.425497881264217
46.59104871749878,5.038833796206159,1,4.425497881264217
46.67073154449463,5.041381038584728,1,4.424060461328061
46.74962067604065,5.056664492856161,1,4.415435941711117
46.8264422416687,5.056664492856161,1,4.415435941711117
46.90430951118469,5.049022765720448,1,4.419748201519587
46.99905467033386,5.071947947127594,1,4.4068114220941705
47.07769536972046,5.071947947127594,1,4.4068114220941705
47.15521311759949,5.079589674263307,1,4.4024991622857
47.23306131362915,5.092325886156164,1,4.395312062604915
47.32644724845886,5.084684159020451,1,4.399624322413386
47.403287410736084,5.112703825184742,1,4.383812703115654
47.481133699417114,5.112703825184742,1,4.383812703115654
47.55962300300598,5.105062098049029,1,4.388124962924126
47.63610315322876,5.127987279456175,1,4.375188183498709
47.713621616363525,5.140723491349032,1,4.368001083817924
47.79063534736633,5.127987279456175,1,4.375188183498709
47.868525981903076,5.148365218484745,1,4.3636888240094525
47.94572830200195,5.140723491349032,1,4.368001083817924
48.023696184158325,5.12289279469903,1,4.378063023371024
48.09950923919678,5.156006945620465,1,4.3593765642009785
48.190152645111084,5.153459703241889,1,4.360813984137138
48.26858711242676,5.171290399891891,1,4.350752044584038
48.346035957336426,5.166195915134754,1,4.353626884456348
48.42456364631653,5.163648672756178,1,4.355064304392508
48.50206780433655,5.1840266117847555,1,4.343564944903248
48.57987833023071,5.1891210965419,1,4.340690105030933
48.656821727752686,5.1687431575133225,1,4.352189464520192
48.749422788619995,5.194215581299044,1,4.337815265158618
48.824944734573364,5.178932127027611,1,4.346439784775563
48.902846813201904,5.222235247463335,1,4.322003645860887
48.97968363761902,5.214593520327615,1,4.326315905669361
49.05588126182556,5.1993100660561815,1,4.334940425286307
49.13282346725464,5.224782489841903,1,4.320566225924731
49.210963010787964,5.232424216977616,1,4.31625396611626
49.304261207580566,5.222235247463335,1,4.322003645860887
49.381712675094604,5.240065944113336,1,4.3119417063077865
49.459925413131714,5.224782489841903,1,4.320566225924731
49.53745484352112,5.250254913627625,1,4.306192026563156
49.61695837974548,5.247707671249049,1,4.307629446499315
49.694316387176514,5.247707671249049,1,4.307629446499315
49.773094177246094,5.240065944113336,1,4.3119417063077865
49.84943962097168,5.27572733741334,1,4.291817827201585
49.92619299888611,5.242613186491905,1,4.31050428637163
50.00427985191345,5.262991125520482,1,4.29900492688237
50.08099031448364,5.283369064549053,1,4.287505567393113
50.174129247665405,5.27572733741334,1,4.291817827201585
50.25326490402222,5.268085610277627,1,4.296130087010055
50.33147573471069,5.296105276441917,1,4.280318467712324
50.407652616500854,5.296105276441917,1,4.280318467712324
50.487189531326294,5.2935580340633415,1,4.281755887648483
50.56498718261719,5.311388730713343,1,4.271693948095383
50.63991332054138,5.2935580340633415,1,4.281755887648483
50.719046115875244,5.3164832154704875,1,4.268819108223068
50.79794979095459,5.321577700227632,1,4.2659442683507525
50.87479066848755,5.321577700227632,1,4.2659442683507525
50.95268702507019,5.331766669741921,1,4.260194588606122
51.031097412109375,5.329219427363352,1,4.2616320085422785
51.10899639129639,5.321577700227632,1,4.2659442683507525
51.18613910675049,5.329219427363352,1,4.2616320085422785
51.262975215911865,5.347050124013354,1,4.251570068989178
51.34171414375305,5.331766669741921,1,4.260194588606122
51.41976594924927,5.344502881634778,1,4.253007488925338
51.51253366470337,5.336861154499065,1,4.257319748733808
51.58932828903198,5.354691851149067,1,4.247257809180708
51.66809701919556,5.362333578284787,1,4.242945549372232
51.746490478515625,5.364880820663355,1,4.2415081294360775
51.824111223220825,5.354691851149067,1,4.247257809180708
51.904146909713745,5.367428063041924,1,4.240070709499921
51.98214364051819,5.382711517313357,1,4.231446189882976
52.05911207199097,5.359786335906211,1,4.244382969308392
52.138006925582886,5.375069790177644,1,4.235758449691447
52.213942527770996,5.387806002070501,1,4.228571350010661
52.28976631164551,5.377617032556213,1,4.234321029755291
52.36784029006958,5.4030894563419345,1,4.219946830393716
52.445483684539795,5.387806002070501,1,4.228571350010661
52.522052526474,5.380164274934788,1,4.232883609819131
52.59998893737793,5.4107311834776475,1,4.215634570585245
52.679609537124634,5.4107311834776475,1,4.215634570585245
52.7574679851532,5.395447729206214,1,4.224259090202191
52.83640933036804,5.405636698720503,1,4.2185094104575604
52.930631160736084,5.436203607263369,1,4.20126037122367
53.0084924697876,5.408183941099079,1,4.217071990521401
53.08611869812012,5.4260146377490805,1,4.2070100509683
53.16260075569153,5.441298092020514,1,4.198385531351355
53.23901724815369,5.418372910613368,1,4.2113223107767705
53.31815481185913,5.441298092020514,1,4.198385531351355
53.396013498306274,5.454034303913371,1,4.1911984316705695
53.473108768463135,5.443845334399082,1,4.1969481114152
53.552908420562744,5.431109122506225,1,4.204135211095985
53.62966537475586,5.448939819156227,1,4.194073271542884
53.706607818603516,5.438750849641938,1,4.199822951287514
53.78475308418274,5.459128788670515,1,4.1883235917982535
53.86270070075989,5.46422327342766,1,4.185448751925939
53.954580307006836,5.451487061534802,1,4.192635851606725
54.0327844619751,5.46422327342766,1,4.185448751925939
54.10960555076599,5.45658154629194,1,4.189761011734413
54.187607526779175,5.45658154629194,1,4.189761011734413
54.26503324508667,5.48460121245623,1,4.173949392436683
54.36016130447388,5.459128788670515,1,4.1883235917982535
54.43857955932617,5.474412242941948,1,4.179699072181309
54.51674270629883,5.494790181970519,1,4.1681997126920525
54.595789670944214,5.4973374243490944,1,4.166762292755893
54.67409372329712,5.482053970077661,1,4.175386812372839
54.75263833999634,5.489695697213374,1,4.1710745525643675
54.82955861091614,5.507526393863383,1,4.161012613011263
54.905850410461426,5.494790181970519,1,4.1681997126920525
54.98308277130127,5.510073636241952,1,4.159575193075108
55.06253242492676,5.510073636241952,1,4.159575193075108
55.14099597930908,5.502431909106239,1,4.1638874528835785
55.218910455703735,5.5202626057562405,1,4.153825513330478
55.29737591743469,5.515168120999096,1,4.156700353202792
55.37529015541077,5.504979151484807,1,4.162450032947422
55.4533851146698,5.515168120999096,1,4.156700353202792
55.53117275238037,5.530451575270529,1,4.148075833585848
55.60728454589844,5.517715363377665,1,4.155262933266637
55.70128393173218,5.543187787163387,1,4.1408887339050615
55.77905631065369,5.538093302406242,1,4.143763573777377
55.857861280441284,5.5202626057562405,1,4.153825513330478
55.934035539627075,5.545735029541955,1,4.139451313968906
56.01196503639221,5.543187787163387,1,4.1408887339050615
56.091557264328,5.5202626057562405,1,4.153825513330478
56.17109799385071,5.530451575270529,1,4.148075833585848
56.24789357185364,5.545735029541955,1,4.139451313968906
56.32725667953491,5.545735029541955,1,4.139451313968906
56.40526342391968,5.538093302406242,1,4.143763573777377
56.48186421394348,5.566112968570533,1,4.127951954479646
56.55980706214905,5.555923999056244,1,4.133701634224276
56.63858962059021,5.55847124143482,1,4.132264214288116
56.715741872787476,5.568660210949101,1,4.126514534543491
56.79516077041626,5.561018483813388,1,4.130826794351961
56.87333798408508,5.561018483813388,1,4.130826794351961
56.95072102546692,5.571207453327677,1,4.125077114607331
57.04302763938904,5.576301938084821,1,4.122202274735016
57.12085437774658,5.561018483813388,1,4.130826794351961
57.19879174232483,5.589038149977679,1,4.11501517505423
57.27863097190857,5.583943665220534,1,4.1178900149265445
57.356422424316406,5.573754695706246,1,4.123639694671175
57.43379592895508,5.571207453327677,1,4.125077114607331
57.51323175430298,5.591585392356254,1,4.1135777551180706
57.59265446662903,5.60686884662768,1,4.10495323550113
57.67026686668396,5.591585392356254,1,4.1135777551180706
57.74620079994202,5.609416089006256,1,4.10351581556497
57.82386875152588,5.589038149977679,1,4.11501517505423
57.900296688079834,5.609416089006256,1,4.10351581556497
57.97997498512268,5.622152300899113,1,4.096328715884184
58.05834341049194,5.601774361870536,1,4.107828075373444
58.13667011260986,5.60686884662768,1,4.10495323550113
58.21505570411682,5.6145105737634005,1,4.100640975692654
58.291762351989746,5.601774361870536,1,4.107828075373444
58.3680956363678,5.619605058520545,1,4.09776613582034
58.47991442680359,5.627246785656258,1,4.0934538760118695
58.557506799697876,5.611963331384825,1,4.102078395628814
58.634488344192505,5.627246785656258,1,4.0934538760118695
58.71377968788147,5.617057816141969,1,4.0992035557565
58.789916038513184,5.622152300899113,1,4.096328715884184
58.8664231300354,5.632341270413402,1,4.0905790361395535
58.9442081451416,5.629794028034826,1,4.092016456075713
59.02274703979492,5.619605058520545,1,4.09776613582034
59.099884033203125,5.647624724684835,1,4.081954516522609
59.176156759262085,5.627246785656258,1,4.0934538760118695
59.25418305397034,5.632341270413402,1,4.0905790361395535
59.332080125808716,5.639982997549115,1,4.086266776331083
59.41104316711426,5.6527192094419725,1,4.079079676650298
59.489105224609375,5.642530239927691,1,4.084829356394923
59.56469178199768,5.662908178956261,1,4.0733299969056675
59.64257860183716,5.655266451820548,1,4.077642256714138
59.71953558921814,5.6450774823062595,1,4.083391936458768
59.813103437423706,5.662908178956261,1,4.0733299969056675
59.89124584197998,5.6527192094419725,1,4.079079676650298
59.96783685684204,5.6680026637134056,1,4.0704551570333525
60.04544949531555,5.670549906091981,1,4.069017737097193
60.124876737594604,5.660360936577693,1,4.074767416841823
60.20209550857544,5.657813694199117,1,4.076204836777983
60.28072500228882,5.670549906091981,1,4.069017737097193
60.35787391662598,5.6680026637134056,1,4.0704551570333525
60.435747385025024,5.6680026637134056,1,4.0704551570333525
60.51288914680481,5.693475087499127,1,4.056080957671777
60.589683532714844,5.6680026637134056,1,4.0704551570333525
60.665411710739136,5.696022329877696,1,4.054643537735622
60.743568420410156,5.693475087499127,1,4.056080957671777
60.82138752937317,5.670549906091981,1,4.069017737097193
60.89933681488037,5.70111681463484,1,4.051768697863307
60.976109743118286,5.690927845120552,1,4.057518377607937
61.05525255203247,5.680738875606263,1,4.063268057352567
61.14897012710571,5.698569572256272,1,4.053206117799462
61.22697997093201,5.70111681463484,1,4.051768697863307
61.30399799346924,5.683286117984839,1,4.061830637416407
61.38252544403076,5.70111681463484,1,4.051768697863307
61.45955801010132,5.698569572256272,1,4.053206117799462
61.537601947784424,5.70111681463484,1,4.051768697863307
61.61587858200073,5.703664057013416,1,4.050331277927147
61.693055868148804,5.706211299391985,1,4.048893857990992
61.77175974845886,5.696022329877696,1,4.054643537735622
61.84966516494751,5.703664057013416,1,4.050331277927147
61.92765688896179,5.711305784149129,1,4.046019018118677
62.00408601760864,5.703664057013416,1,4.050331277927147
62.08196973800659,5.713853026527698,1,4.044581598182521
62.158878326416016,5.708758541770553,1,4.0474564380548355
62.23633885383606,5.703664057013416,1,4.050331277927147
62.31511950492859,5.716400268906273,1,4.0431441782463615
62.3931097984314,5.721494753663418,1,4.0402693383740464
62.46914720535278,5.708758541770553,1,4.0474564380548355
62.57723689079285,5.744419935070564,1,4.027332558948631
62.655675172805786,5.713853026527698,1,4.044581598182521
62.734124183654785,5.734230965556275,1,4.033082238693261
62.81075859069824,5.729136480799131,1,4.035957078565575
62.88963198661804,5.7316837231777065,1,4.034519658629416
62.96720790863037,5.736778207934844,1,4.031644818757105
63.04446291923523,5.764797874099134,1,4.015833199459374
63.1384117603302,5.741872692691988,1,4.028769978884791
63.21527719497681,5.741872692691988,1,4.028769978884791
63.293482542037964,5.752061662206277,1,4.0230202991401605
63.37163853645325,5.741872692691988,1,4.028769978884791
63.44993042945862,5.7622506317205655,1,4.01727061939553
63.526957511901855,5.746967177449132,1,4.025895139012475
63.603116273880005,5.744419935070564,1,4.027332558948631
63.67963194847107,5.7698923588562785,1,4.012958359587059
63.756625175476074,5.749514419827708,1,4.024457719076315
63.83619475364685,5.752061662206277,1,4.0230202991401605
63.92973494529724,5.76734511647771,1,4.014395779523214
64.00766468048096,5.759703389341997,1,4.018708039331685
64.0860984325409,5.774986843613423,1,4.010083519714744
64.1629285812378,5.780081328370567,1,4.007208679842429
64.23884201049805,5.7546089045848525,1,4.021582879204001
64.31797409057617,5.774986843613423,1,4.010083519714744
64.39677476882935,5.777534085991999,1,4.008646099778584
64.47329068183899,5.774986843613423,1,4.010083519714744
64.55207347869873,5.774986843613423,1,4.010083519714744
64.62891006469727,5.7928175402634245,1,4.000021580161643
64.70511293411255,5.777534085991999,1,4.008646099778584
64.78196120262146,5.777534085991999,1,4.008646099778584
64.85887813568115,5.772439601234854,1,4.0115209396509
64.93531584739685,5.772439601234854,1,4.0115209396509
65.013263463974,5.785175813127712,1,4.004333839970114
65.09010648727417,5.780081328370567,1,4.007208679842429
65.16714787483215,5.7928175402634245,1,4.000021580161643
65.26213693618774,5.805553752156289,1,3.9928344804808535
65.35525012016296,5.785175813127712,1,4.004333839970114
65.43338656425476,5.805553752156289,1,3.9928344804808535
65.51145577430725,5.815742721670578,1,3.9870848007362234
65.58936142921448,5.795364782642,1,3.9985841602254837
65.6677918434143,5.803006509777713,1,3.9942719004170133
65.74561476707458,5.810648236913433,1,3.9899596406085385
65.82309341430664,5.790270297884856,1,4.001459000097799
65.90050411224365,5.823384448806291,1,3.982772540927753
65.97747278213501,5.825931691184859,1,3.9813351209915973
66.0564022064209,5.805553752156289,1,3.9928344804808535
66.13307666778564,5.825931691184859,1,3.9813351209915973
66.2115228176117,5.831026175942004,1,3.978460281119282
66.28794407844543,5.815742721670578,1,3.9870848007362234
66.36549234390259,5.815742721670578,1,3.9870848007362234
66.4437665939331,5.825931691184859,1,3.9813351209915973
66.52001881599426,5.810648236913433,1,3.9899596406085385
66.59537768363953,5.823384448806291,1,3.982772540927753
66.69075059890747,5.810648236913433,1,3.9899596406085385
66.76716613769531,5.825931691184859,1,3.9813351209915973
66.8439552783966,5.825931691184859,1,3.9813351209915973
66.92343330383301,5.813195479292002,1,3.988522220672383
67.00052237510681,5.831026175942004,1,3.978460281119282
67.07741117477417,5.823384448806291,1,3.982772540927753
67.1572642326355,5.820837206427715,1,3.9842099608639123
67.23391199111938,5.838667903077724,1,3.974148021310808
67.31336498260498,5.841215145456292,1,3.9727106013746525
67.39067673683167,5.828478933563435,1,3.979897701055438
67.46627998352051,5.843762387834868,1,3.9712731814384927
67.54583764076233,5.831026175942004,1,3.978460281119282
67.62563586235046,5.848856872592005,1,3.9683983415661817
67.71778988838196,5.838667903077724,1,3.974148021310808
67.81193399429321,5.876876538756296,1,3.952586722268451
67.88835763931274,5.841215145456292,1,3.9727106013746525
67.96426129341125,5.86159308448487,1,3.961211241885392
68.05964589118958,5.851404114970581,1,3.9669609216300223
68.13853311538696,5.85395135734915,1,3.9655235016938666
68.21632409095764,5.8641403268634384,1,3.9597738219492364
68.29453444480896,5.869234811620583,1,3.9568989820769214
68.3742311000824,5.846309630213437,1,3.9698357615023374
68.45191407203674,5.8641403268634384,1,3.9597738219492364
68.53059005737305,5.8717820539991585,1,3.955461562140762
68.60958790779114,5.866687569242014,1,3.958336402013077
68.68485689163208,5.859045842106294,1,3.9626486618215515
68.76273107528687,5.8717820539991585,1,3.955461562140762
68.84269714355469,5.8717820539991585,1,3.955461562140762
68.92004251480103,5.859045842106294,1,3.9626486618215515
68.99905729293823,5.8794237811348715,1,3.9511493023322912
69.07707810401917,5.8870655082705845,1,3.946837042523821
69.1531183719635,5.86159308448487,1,3.961211241885392
69.23063683509827,5.869234811620583,1,3.9568989820769214
69.3076171875,5.85395135734915,1,3.9655235016938666
69.4010214805603,5.8641403268634384,1,3.9597738219492364
69.47887182235718,5.88961275064916,1,3.945399622587661
69.55705142021179,5.866687569242014,1,3.958336402013077
69.63523173332214,5.8794237811348715,1,3.9511493023322912
69.71487522125244,5.894707235406305,1,3.942524782715346
69.79109215736389,5.8641403268634384,1,3.9597738219492364
69.86896753311157,5.88197102351344,1,3.949711882396136
69.96222138404846,5.88961275064916,1,3.945399622587661
70.03930449485779,5.876876538756296,1,3.952586722268451
70.11901497840881,5.88197102351344,1,3.949711882396136
70.19777083396912,5.894707235406305,1,3.942524782715346
70.27505445480347,5.894707235406305,1,3.942524782715346
70.3511335849762,5.897254477784873,1,3.9410873627791907
70.42792081832886,5.894707235406305,1,3.942524782715346
70.50417065620422,5.88961275064916,1,3.945399622587661
70.58068871498108,5.902348962542018,1,3.9382125229068756
70.65912365913391,5.904896204920586,1,3.93677510297072
70.73686194419861,5.899801720163449,1,3.939649942843031
70.8287661075592,5.915085174434875,1,3.9310254232260897
70.90678024291992,5.88961275064916,1,3.945399622587661
70.98351693153381,5.904896204920586,1,3.93677510297072
71.06330013275146,5.897254477784873,1,3.9410873627791907
71.14272427558899,5.904896204920586,1,3.93677510297072
71.22061467170715,5.904896204920586,1,3.93677510297072
71.29957914352417,5.925274143949164,1,3.9252757434814596
71.3786735534668,5.907443447299162,1,3.9353376830345606
71.45717287063599,5.899801720163449,1,3.939649942843031
71.53528022766113,5.899801720163449,1,3.939649942843031
71.6133770942688,5.909990689677731,1,3.933900263098405
71.68944954872131,5.907443447299162,1,3.9353376830345606
71.76639819145203,5.922726901570595,1,3.9267131634176153
71.84399580955505,5.930368628706308,1,3.9224009036091445
71.92114758491516,5.922726901570595,1,3.9267131634176153
71.9996509552002,5.930368628706308,1,3.9224009036091445
72.07660126686096,5.932915871084877,1,3.920963483672989
72.18429708480835,5.915085174434875,1,3.9310254232260897
72.26407432556152,5.935463113463452,1,3.9195260637368294
72.3419668674469,5.925274143949164,1,3.9252757434814596
72.41908812522888,5.915085174434875,1,3.9310254232260897
72.49710249900818,5.925274143949164,1,3.9252757434814596
72.57514500617981,5.935463113463452,1,3.9195260637368294
72.65084910392761,5.927821386327739,1,3.9238383235453003
72.72974491119385,5.938010355842021,1,3.918088643800674
72.80878829956055,5.935463113463452,1,3.9195260637368294
72.8855619430542,5.917632416813451,1,3.9295880032899304
72.96390390396118,5.945652082977741,1,3.9137763839921993
73.04178237915039,5.938010355842021,1,3.918088643800674
73.11776924133301,5.938010355842021,1,3.918088643800674
73.19484663009644,5.95584105249203,1,3.908026704247569
73.27325940132141,5.927821386327739,1,3.9238383235453003
73.3496880531311,5.953293810113454,1,3.909464124183729
73.42911863327026,5.958388294870598,1,3.906589284311414
73.53676199913025,5.938010355842021,1,3.918088643800674
73.61391544342041,5.950746567734885,1,3.910901544119884
73.69307327270508,5.958388294870598,1,3.906589284311414
73.76880979537964,5.927821386327739,1,3.9238383235453003
73.8449182510376,5.958388294870598,1,3.906589284311414
73.92452788352966,5.950746567734885,1,3.910901544119884
74.00177574157715,5.943104840599165,1,3.915213803928359
74.0786395072937,5.971124506763456,1,3.899402184630628
74.15667724609375,5.945652082977741,1,3.9137763839921993
74.23576998710632,5.958388294870598,1,3.906589284311414
74.31454253196716,5.971124506763456,1,3.899402184630628
74.39099407196045,5.966030022006311,1,3.902277024502943
74.46991682052612,5.95584105249203,1,3.908026704247569
74.54797315597534,5.963482779627743,1,3.9037144444390988
74.62426996231079,5.966030022006311,1,3.902277024502943
74.70307636260986,5.94819932535631,1,3.912338964056044
74.78180241584778,5.9736717491420315,1,3.8979647646944686
74.86167740821838,5.960935537249174,1,3.905151864375254
74.9685366153717,5.9736717491420315,1,3.8979647646944686
75.04642271995544,5.9762189915206,1,3.896527344758313
75.12413048744202,5.960935537249174,1,3.905151864375254
75.20098543167114,5.968577264384887,1,3.9008396045667837
75.27961468696594,5.968577264384887,1,3.9008396045667837
75.35847568511963,5.968577264384887,1,3.9008396045667837
75.43423438072205,5.978766233899176,1,3.8950899248221535
75.51315546035767,5.978766233899176,1,3.8950899248221535
75.59238195419312,5.9889552034134645,1,3.8893402450775234
75.68322777748108,5.9736717491420315,1,3.8979647646944686
75.76078796386719,5.9889552034134645,1,3.8893402450775234
75.84000039100647,5.9813134762777445,1,3.893652504885998
75.91693902015686,5.978766233899176,1,3.8950899248221535
75.99297738075256,6.006785900063466,1,3.8792783055244224
76.07091546058655,5.9736717491420315,1,3.8979647646944686
76.14788222312927,5.994049688170602,1,3.8864654052052123
76.22681140899658,5.991502445792033,1,3.8879028251413676
76.3356466293335,5.978766233899176,1,3.8950899248221535
76.41345953941345,6.0042386576848905,1,3.880715725460582
76.49287104606628,6.006785900063466,1,3.8792783055244224
76.57182550430298,6.0042386576848905,1,3.880715725460582
76.65017700195312,5.999144172927746,1,3.8835905653328973
76.72903847694397,5.9889552034134645,1,3.8893402450775234
76.82186985015869,5.9813134762777445,1,3.893652504885998
76.90083599090576,5.9813134762777445,1,3.893652504885998
76.97748637199402,6.001691415306322,1,3.8821531453967375
77.05317497253418,6.001691415306322,1,3.8821531453967375
77.13081097602844,6.0042386576848905,1,3.880715725460582
77.20787620544434,5.991502445792033,1,3.8879028251413676
77.2840747833252,5.9889552034134645,1,3.8893402450775234
77.36178374290466,6.001691415306322,1,3.8821531453967375
77.43881869316101,5.991502445792033,1,3.8879028251413676
77.51481652259827,6.022069354334892,1,3.8706537859074817
77.59164428710938,6.009333142442035,1,3.877840885588267
77.68733787536621,6.001691415306322,1,3.8821531453967375
77.76467180252075,6.022069354334892,1,3.8706537859074817
77.84407925605774,6.009333142442035,1,3.877840885588267
77.93760108947754,6.027163839092037,1,3.8677789460351666
78.01550197601318,6.011880384820611,1,3.876403465652108
78.09313631057739,6.027163839092037,1,3.8677789460351666
78.17115068435669,6.006785900063466,1,3.8792783055244224
78.24733138084412,6.027163839092037,1,3.8677789460351666
78.32692956924438,6.016974869577755,1,3.8735286257797927
78.40430569648743,6.016974869577755,1,3.8735286257797927
78.48042058944702,6.022069354334892,1,3.8706537859074817
78.5596399307251,6.019522111956324,1,3.872091205843637
78.63780879974365,6.011880384820611,1,3.876403465652108
78.71439743041992,6.037352808606325,1,3.8620292662905364
78.79181170463562,6.034805566227757,1,3.8634666862266918
78.87064838409424,6.027163839092037,1,3.8677789460351666
78.94773817062378,6.032258323849181,1,3.8649041061628515
79.05626153945923,6.029711081470612,1,3.866341526099007
79.13568878173828,6.029711081470612,1,3.866341526099007
79.2116186618805,6.029711081470612,1,3.866341526099007
79.28977751731873,6.039900050984901,1,3.8605918463543767
79.36789417266846,6.022069354334892,1,3.8706537859074817
79.4461042881012,6.034805566227757,1,3.8634666862266918
79.52491068840027,6.04244729336347,1,3.8591544264182214
79.60166120529175,6.024616596713468,1,3.869216365971322
79.67957091331482,6.039900050984901,1,3.8605918463543767
79.7584285736084,6.04244729336347,1,3.8591544264182214
79.8370156288147,6.029711081470612,1,3.866341526099007
79.91409397125244,6.034805566227757,1,3.8634666862266918
79.99294114112854,6.050089020499183,1,3.8548421666097505
80.07071328163147,6.029711081470612,1,3.866341526099007
80.14705204963684,6.039900050984901,1,3.8605918463543767
80.22594547271729,6.047541778120614,1,3.8562795865459063
80.32064151763916,6.034805566227757,1,3.8634666862266918
80.42859292030334,6.057730747634903,1,3.850529906801276
80.50468111038208,6.032258323849181,1,3.8649041061628515
80.5813844203949,6.047541778120614,1,3.8562795865459063
80.66124773025513,6.052636262877758,1,3.8534047466735912
80.73910784721375,6.052636262877758,1,3.8534047466735912
80.81690788269043,6.062825232392047,1,3.847655066928961
80.89535284042358,6.060277990013471,1,3.8490924868651204
80.97315526008606,6.04244729336347,1,3.8591544264182214
81.04967284202576,6.055183505256327,1,3.8519673267374355
81.12868762016296,6.062825232392047,1,3.847655066928961
81.20767092704773,6.057730747634903,1,3.850529906801276
81.28418302536011,6.044994535742045,1,3.8577170064820616
81.39111804962158,6.078108686663473,1,3.83903054731202
81.47006225585938,6.057730747634903,1,3.850529906801276
81.54599094390869,6.080655929042049,1,3.83759312737586
81.62388825416565,6.07046695952776,1,3.8433428071204903
81.70210719108582,6.057730747634903,1,3.850529906801276
81.77889609336853,6.075561444284904,1,3.840467967248175
81.8734679222107,6.065372474770616,1,3.8462176469928053
81.95073771476746,6.067919717149191,1,3.844780227056646
82.02780389785767,6.073014201906336,1,3.841905387184331
82.10548281669617,6.073014201906336,1,3.841905387184331
82.18466544151306,6.060277990013471,1,3.8490924868651204
82.26268458366394,6.078108686663473,1,3.83903054731202
82.34014654159546,6.080655929042049,1,3.83759312737586
82.41679954528809,6.060277990013471,1,3.8490924868651204
82.49536371231079,6.083203171420617,1,3.836155707439705
82.57394456863403,6.078108686663473,1,3.83903054731202
82.65079379081726,6.065372474770616,1,3.8462176469928053
82.72843837738037,6.0908448985563375,1,3.83184344763123
82.80684304237366,6.080655929042049,1,3.83759312737586
82.88575029373169,6.060277990013471,1,3.8490924868651204
82.96332740783691,6.067919717149191,1,3.844780227056646
83.04175472259521,6.095939383313482,1,3.828968607758915
83.11901497840881,6.065372474770616,1,3.8462176469928053
83.22705030441284,6.080655929042049,1,3.83759312737586
83.30593156814575,6.0908448985563375,1,3.83184344763123
83.38169074058533,6.07046695952776,1,3.8433428071204903
83.45860409736633,6.088297656177762,1,3.8332808675673897
83.53632664680481,6.075561444284904,1,3.840467967248175
83.61192297935486,6.093392140934906,1,3.8304060276950747
83.68794536590576,6.080655929042049,1,3.83759312737586
83.76582908630371,6.093392140934906,1,3.8304060276950747
83.84148788452148,6.093392140934906,1,3.8304060276950747
83.91983890533447,6.080655929042049,1,3.83759312737586
83.99785709381104,6.093392140934906,1,3.8304060276950747
84.07583117485046,6.101033868070626,1,3.8260937678866
84.1531069278717,6.088297656177762,1,3.8332808675673897
84.23075771331787,6.0908448985563375,1,3.83184344763123
84.30851626396179,6.1061283528277635,1,3.8232189280142888
84.38713908195496,6.083203171420617,1,3.836155707439705
84.46521401405334,6.0908448985563375,1,3.83184344763123
84.54315400123596,6.116317322342052,1,3.8174692482696586
84.63509917259216,6.101033868070626,1,3.8260937678866
84.71320867538452,6.1061283528277635,1,3.8232189280142888
84.80754470825195,6.0984866256920505,1,3.8275311878227596
84.88485765457153,6.095939383313482,1,3.828968607758915
84.96297311782837,6.093392140934906,1,3.8304060276950747
85.03863501548767,6.101033868070626,1,3.8260937678866
85.11761927604675,6.093392140934906,1,3.8304060276950747
85.19606852531433,6.116317322342052,1,3.8174692482696586
85.2730872631073,6.111222837584908,1,3.8203440881419737
85.35225296020508,6.111222837584908,1,3.8203440881419737
85.42982602119446,6.101033868070626,1,3.8260937678866
85.5067880153656,6.126506291856341,1,3.8117195685250285
85.5866322517395,6.111222837584908,1,3.8203440881419737
85.66591000556946,6.111222837584908,1,3.8203440881419737
85.74314212799072,6.111222837584908,1,3.8203440881419737
85.82079839706421,6.111222837584908,1,3.8203440881419737
85.89763450622559,6.1214118070991965,1,3.8145944083973435
86.00741052627563,6.126506291856341,1,3.8117195685250285
86.08636403083801,6.116317322342052,1,3.8174692482696586
86.16541075706482,6.116317322342052,1,3.8174692482696586
86.24326276779175,6.126506291856341,1,3.8117195685250285
86.31980156898499,6.116317322342052,1,3.8174692482696586
86.39724922180176,6.118864564720628,1,3.8160318283334993
86.47343754768372,6.123959049477772,1,3.8131569884611842
86.55080986022949,6.111222837584908,1,3.8203440881419737
86.6273558139801,6.129053534234917,1,3.810282148588869
86.70325446128845,6.108675595206339,1,3.8217815080781294
86.78058624267578,6.126506291856341,1,3.8117195685250285
86.85834050178528,6.129053534234917,1,3.810282148588869
86.9357807636261,6.123959049477772,1,3.8131569884611842
87.01377964019775,6.129053534234917,1,3.810282148588869
87.09253740310669,6.13669526137063,1,3.8059698887803983
87.16928505897522,6.1214118070991965,1,3.8145944083973435
87.24679017066956,6.1214118070991965,1,3.8145944083973435
87.32383155822754,6.141789746127774,1,3.8030950489080833
87.41774940490723,6.1214118070991965,1,3.8145944083973435
87.49681282043457,6.141789746127774,1,3.8030950489080833
87.57440710067749,6.151978715642063,1,3.797345369163453
87.65141010284424,6.123959049477772,1,3.8131569884611842
87.72993540763855,6.1214118070991965,1,3.8145944083973435
87.80597949028015,6.149431473263487,1,3.798782789099613
87.8835244178772,6.118864564720628,1,3.8160318283334993
87.96179437637329,6.141789746127774,1,3.8030950489080833
88.04073643684387,6.13669526137063,1,3.8059698887803983
88.11968040466309,6.149431473263487,1,3.798782789099613
88.19879937171936,6.141789746127774,1,3.8030950489080833
88.27670550346375,6.154525958020631,1,3.795907949227298
88.3537003993988,6.144336988506343,1,3.801657628971928
88.43365383148193,6.149431473263487,1,3.798782789099613
88.51055598258972,6.146884230884918,1,3.800220209035768
88.58743619918823,6.146884230884918,1,3.800220209035768
88.66475629806519,6.149431473263487,1,3.798782789099613
88.7416832447052,6.162167685156344,1,3.791595689418827
88.83561635017395,6.141789746127774,1,3.8030950489080833
88.91497731208801,6.139242503749198,1,3.804532468844243
88.99312996864319,6.167262169913489,1,3.788720849546512
89.07307958602905,6.157073200399207,1,3.794470529291138
89.15181398391724,6.141789746127774,1,3.8030950489080833
89.23064422607422,6.149431473263487,1,3.798782789099613
89.31031465530396,6.162167685156344,1,3.791595689418827
89.38834643363953,6.149431473263487,1,3.798782789099613
89.46567153930664,6.146884230884918,1,3.800220209035768
89.54266476631165,6.162167685156344,1,3.791595689418827
89.6207172870636,6.162167685156344,1,3.791595689418827
89.69815707206726,6.146884230884918,1,3.800220209035768
89.77725553512573,6.157073200399207,1,3.794470529291138
89.85511636734009,6.159620442777776,1,3.7930331093549827
89.93197274208069,6.149431473263487,1,3.798782789099613
90.00928783416748,6.172356654670633,1,3.7858460096741973
90.08901810646057,6.182545624184922,1,3.780096329929567
90.1809446811676,6.162167685156344,1,3.791595689418827
90.26100993156433,6.172356654670633,1,3.7858460096741973
90.33924508094788,6.167262169913489,1,3.788720849546512
90.41679167747498,6.162167685156344,1,3.791595689418827
90.49500179290771,6.169809412292064,1,3.7872834296103526
90.57490587234497,6.174903897049209,1,3.7844085897380375
90.65242862701416,6.172356654670633,1,3.7858460096741973
90.73112297058105,6.162167685156344,1,3.791595689418827
90.80709433555603,6.162167685156344,1,3.791595689418827
90.88409090042114,6.162167685156344,1,3.791595689418827
90.96070384979248,6.174903897049209,1,3.7844085897380375
91.03926086425781,6.174903897049209,1,3.7844085897380375
91.11679553985596,6.177451139427777,1,3.782971169801882
91.19470143318176,6.177451139427777,1,3.782971169801882
91.27448844909668,6.185092866563497,1,3.7786589099934074
91.3512830734253,6.179998381806353,1,3.7815337498657224
91.43115663528442,6.169809412292064,1,3.7872834296103526
91.50903248786926,6.190187351320635,1,3.7757840701210963
91.61495566368103,6.169809412292064,1,3.7872834296103526
91.69087195396423,6.190187351320635,1,3.7757840701210963
91.76930618286133,6.195281836077779,1,3.772909230248781
91.84524416923523,6.177451139427777,1,3.782971169801882
91.92421007156372,6.200376320834923,1,3.770034390376466
92.00203657150269,6.185092866563497,1,3.7786589099934074
92.07946443557739,6.177451139427777,1,3.782971169801882
92.15804886817932,6.19273459369921,1,3.774346650184937
92.23521304130554,6.19273459369921,1,3.774346650184937
92.31107473373413,6.185092866563497,1,3.7786589099934074
92.38794136047363,6.19273459369921,1,3.774346650184937
92.46616911888123,6.182545624184922,1,3.780096329929567
92.5433759689331,6.187640108942066,1,3.777221490057252
92.620840549469,6.210565290349212,1,3.764284710631836
92.69989848136902,6.187640108942066,1,3.777221490057252
92.77773094177246,6.195281836077779,1,3.772909230248781
92.87154626846313,6.19273459369921,1,3.774346650184937
92.95076274871826,6.179998381806353,1,3.7815337498657224
93.04546022415161,6.19273459369921,1,3.774346650184937
93.12387275695801,6.2156597751063565,1,3.761409870759521
93.20043706893921,6.19273459369921,1,3.774346650184937
93.27963376045227,6.19273459369921,1,3.774346650184937
93.3574321269989,6.205470805592068,1,3.767159550504151
93.43441081047058,6.197829078456355,1,3.771471810312622
93.51251983642578,6.187640108942066,1,3.777221490057252
93.58842349052429,6.202923563213499,1,3.768596970440307
93.66405463218689,6.195281836077779,1,3.772909230248781
93.74264979362488,6.205470805592068,1,3.767159550504151
93.81964755058289,6.228395986999214,1,3.7542227710787355
93.92607927322388,6.213112532727788,1,3.7628472906956767
94.04878044128418,6.195281836077779,1,3.772909230248781
94.12616181373596,6.197829078456355,1,3.771471810312622
94.20192432403564,6.2080180479706435,1,3.7657221305679918
94.28158187866211,6.205470805592068,1,3.767159550504151
94.36041307449341,6.210565290349212,1,3.764284710631836
94.47013998031616,6.218207017484925,1,3.7599724508233656
94.54981589317322,6.213112532727788,1,3.7628472906956767
94.62600779533386,6.213112532727788,1,3.7628472906956767
94.70581865310669,6.2233015022420695,1,3.7570976109510505
94.7838077545166,6.213112532727788,1,3.7628472906956767
94.86064434051514,6.2156597751063565,1,3.761409870759521
94.93733930587769,6.220754259863501,1,3.758535030887206
95.01465439796448,6.205470805592068,1,3.767159550504151
95.09143042564392,6.233490471756358,1,3.7513479312064204
95.16921925544739,6.2233015022420695,1,3.7570976109510505
95.24648714065552,6.202923563213499,1,3.768596970440307
95.32310438156128,6.2385849565135025,1,3.7484730913341053
95.40208029747009,6.2309432293777895,1,3.7527853511425757
95.47963666915894,6.2156597751063565,1,3.761409870759521
95.55588221549988,6.2156597751063565,1,3.761409870759521
95.63342332839966,6.228395986999214,1,3.7542227710787355
95.71263670921326,6.2080180479706435,1,3.7657221305679918
95.78883647918701,6.236037714134934,1,3.7499105112702606
95.88448333740234,6.2233015022420695,1,3.7570976109510505
95.96386170387268,6.2156597751063565,1,3.761409870759521
96.04062056541443,6.2385849565135025,1,3.7484730913341053
96.11813163757324,6.225848744620645,1,3.755660191014891
96.1960997581482,6.210565290349212,1,3.764284710631836
96.27280068397522,6.233490471756358,1,3.7513479312064204
96.34962511062622,6.225848744620645,1,3.755660191014891
96.44202041625977,6.225848744620645,1,3.755660191014891
96.51703310012817,6.2309432293777895,1,3.7527853511425757
96.59430742263794,6.220754259863501,1,3.758535030887206
96.67207026481628,6.2309432293777895,1,3.7527853511425757
96.74716138839722,6.228395986999214,1,3.7542227710787355
96.82474374771118,6.2309432293777895,1,3.7527853511425757
96.90398669242859,6.2385849565135025,1,3.7484730913341053
96.97978401184082,6.228395986999214,1,3.7542227710787355
97.05757641792297,6.2385849565135025,1,3.7484730913341053
97.13736653327942,6.241132198892078,1,3.7470356713979456
97.24454045295715,6.233490471756358,1,3.7513479312064204
97.32131958007812,6.248773926027791,1,3.742723411589475
97.39713716506958,6.2462266836492155,1,3.7441608315256345
97.4728901386261,6.248773926027791,1,3.742723411589475
97.54923582077026,6.248773926027791,1,3.742723411589475
97.6252031326294,6.248773926027791,1,3.742723411589475
97.70083570480347,6.253868410784936,1,3.73984857171716
97.77786350250244,6.2309432293777895,1,3.7527853511425757
97.87113499641418,6.25896289554208,1,3.736973731844845
97.94892716407776,6.253868410784936,1,3.73984857171716
98.02879929542542,6.243679441270647,1,3.7455982514617903
98.1053991317749,6.253868410784936,1,3.73984857171716
98.18100333213806,6.248773926027791,1,3.742723411589475
98.28875350952148,6.248773926027791,1,3.742723411589475
98.38036489486694,6.256415653163504,1,3.7384111517810044
98.45625019073486,6.266604622677793,1,3.732661472036374
98.53407645225525,6.25132116840636,1,3.7412859916533194
98.608971118927,6.2462266836492155,1,3.7441608315256345
98.71772742271423,6.264057380299224,1,3.73409889197253
98.79648399353027,6.256415653163504,1,3.7384111517810044
98.87328457832336,6.256415653163504,1,3.7384111517810044
98.95299172401428,6.25132116840636,1,3.7412859916533194
99.03072953224182,6.256415653163504,1,3.7384111517810044
99.10728120803833,6.253868410784936,1,3.73984857171716
99.20103216171265,6.269151865056369,1,3.731224052100215
99.29577732086182,6.253868410784936,1,3.73984857171716
99.38932752609253,6.271699107434937,1,3.729786632164059
99.46722769737244,6.271699107434937,1,3.729786632164059
99.54569292068481,6.25132116840636,1,3.7412859916533194
99.62424159049988,6.276793592192082,1,3.726911792291744
99.72004055976868,6.269151865056369,1,3.731224052100215
99.81078147888184,6.264057380299224,1,3.73409889197253
99.88763689994812,6.264057380299224,1,3.73409889197253
99.96745324134827,6.274246349813506,1,3.728349212227904
100.04533362388611,6.25896289554208,1,3.736973731844845
100.15207815170288,6.271699107434937,1,3.729786632164059
100.22986650466919,6.269151865056369,1,3.731224052100215
100.32266807556152,6.269151865056369,1,3.731224052100215
100.40129470825195,6.266604622677793,1,3.732661472036374
100.49122142791748,6.261510137920649,1,3.7355363119086893
100.56821656227112,6.284435319327795,1,3.7225995324832737
100.64539408683777,6.264057380299224,1,3.73409889197253
100.72098302841187,6.271699107434937,1,3.729786632164059
100.79767656326294,6.253868410784936,1,3.73984857171716
100.87576961517334,6.25896289554208,1,3.736973731844845
100.95301699638367,6.27934083457065,1,3.7254743723555888
101.0306646823883,6.274246349813506,1,3.728349212227904
101.10926961898804,6.274246349813506,1,3.728349212227904
101.18587064743042,6.266604622677793,1,3.732661472036374
101.26306128501892,6.271699107434937,1,3.729786632164059
101.34239315986633,6.25896289554208,1,3.736973731844845
101.43514490127563,6.276793592192082,1,3.726911792291744
101.56180667877197,6.274246349813506,1,3.728349212227904
101.64109683036804,6.281888076949226,1,3.724036952419429
101.71615171432495,6.281888076949226,1,3.724036952419429
101.79467129707336,6.28698256170637,1,3.721162112547114
101.87348675727844,6.297171531220659,1,3.715412432802484
101.95002889633179,6.304813258356372,1,3.7111001729940134
102.0288188457489,6.289529804084939,1,3.7197246926109586
102.12057304382324,6.292077046463515,1,3.718287272674799
102.21531963348389,6.307360500734941,1,3.7096627530578576
102.29461789131165,6.284435319327795,1,3.7225995324832737
102.38438153266907,6.297171531220659,1,3.715412432802484
102.46332550048828,6.271699107434937,1,3.729786632164059
102.54063367843628,6.281888076949226,1,3.724036952419429
102.63260507583618,6.292077046463515,1,3.718287272674799
102.71046161651611,6.284435319327795,1,3.7225995324832737
102.78922462463379,6.292077046463515,1,3.718287272674799
102.88197636604309,6.299718773599228,1,3.7139750128663285
102.97530746459961,6.284435319327795,1,3.7225995324832737
103.09799766540527,6.292077046463515,1,3.718287272674799
103.19206309318542,6.292077046463515,1,3.718287272674799
103.28481578826904,6.28698256170637,1,3.721162112547114
103.37903952598572,6.28698256170637,1,3.721162112547114
103.46981811523438,6.292077046463515,1,3.718287272674799
103.54663443565369,6.28698256170637,1,3.721162112547114
103.62442946434021,6.289529804084939,1,3.7197246926109586
103.70136713981628,6.297171531220659,1,3.715412432802484
103.79312086105347,6.292077046463515,1,3.718287272674799
103.87290716171265,6.304813258356372,1,3.7111001729940134
103.96765375137329,6.304813258356372,1,3.7111001729940134
104.06040573120117,6.289529804084939,1,3.7197246926109586
104.15371584892273,6.292077046463515,1,3.718287272674799
104.24646663665771,6.294624288842083,1,3.7168498527386435
104.33921885490417,6.294624288842083,1,3.7168498527386435
104.43097352981567,6.312454985492085,1,3.7067879131855426
104.50829672813416,6.309907743113516,1,3.7082253331216983
104.61794352531433,6.297171531220659,1,3.715412432802484
104.69580817222595,6.292077046463515,1,3.718287272674799
104.7915518283844,6.304813258356372,1,3.7111001729940134
104.8850793838501,6.320096712627805,1,3.702475653377068
104.96238851547241,6.307360500734941,1,3.7096627530578576
105.05744528770447,6.299718773599228,1,3.7139750128663285
105.15019631385803,6.315002227870661,1,3.7053504932493833
105.24295377731323,6.299718773599228,1,3.7139750128663285
105.32174277305603,6.315002227870661,1,3.7053504932493833
105.39754033088684,6.330285682142087,1,3.696725973632442
105.47732830047607,6.3251911973849495,1,3.699600813504753
105.57064509391785,6.304813258356372,1,3.7111001729940134
105.6474404335022,6.309907743113516,1,3.7082253331216983
105.72665238380432,6.304813258356372,1,3.7111001729940134
105.80643796920776,6.312454985492085,1,3.7067879131855426
105.88423109054565,6.327738439763518,1,3.6981633935685974
105.96214580535889,6.317549470249229,1,3.7039130733132275
106.07306933403015,6.312454985492085,1,3.7067879131855426
106.14921236038208,6.327738439763518,1,3.6981633935685974
106.22647452354431,6.312454985492085,1,3.7067879131855426
106.30390644073486,6.315002227870661,1,3.7053504932493833
106.38163614273071,6.317549470249229,1,3.7039130733132275
106.45975351333618,6.315002227870661,1,3.7053504932493833
106.53759121894836,6.3251911973849495,1,3.699600813504753
106.61590433120728,6.327738439763518,1,3.6981633935685974
106.6946268081665,6.315002227870661,1,3.7053504932493833
106.77306175231934,6.312454985492085,1,3.7067879131855426
106.85006189346313,6.320096712627805,1,3.702475653377068
106.92687654495239,6.312454985492085,1,3.7067879131855426
107.00377869606018,6.330285682142087,1,3.696725973632442
107.08054161071777,6.317549470249229,1,3.7039130733132275
107.15634489059448,6.3251911973849495,1,3.699600813504753
107.23482036590576,6.335380166899231,1,3.693851133760127
107.31083512306213,6.317549470249229,1,3.7039130733132275
107.40419960021973,6.3251911973849495,1,3.699600813504753
107.54401445388794,6.3251911973849495,1,3.699600813504753
107.62240862846375,6.335380166899231,1,3.693851133760127
107.6994981765747,6.335380166899231,1,3.693851133760127
107.7782883644104,6.3404746516563755,1,3.690976293887812
107.87103962898254,6.337927409277807,1,3.692413713823967
107.9630138874054,6.3328329245206625,1,3.6952885536962823
108.04033350944519,6.322643955006374,1,3.7010382334409124
108.1340184211731,6.343021894034951,1,3.689538873951652
108.21080899238586,6.327738439763518,1,3.6981633935685974
108.28900384902954,6.327738439763518,1,3.6981633935685974
108.36679601669312,6.3557581059278085,1,3.6823517742708667
108.44280052185059,6.330285682142087,1,3.696725973632442
108.51984000205994,6.343021894034951,1,3.689538873951652
108.61059713363647,6.335380166899231,1,3.693851133760127
108.70237803459167,6.337927409277807,1,3.692413713823967
108.79713988304138,6.350663621170664,1,3.6852266141431818
108.87438559532166,6.335380166899231,1,3.693851133760127
108.99637508392334,6.35321086354924,1,3.6837891942070224
109.07520842552185,6.330285682142087,1,3.696725973632442
109.15226101875305,6.35321086354924,1,3.6837891942070224
109.24661231040955,6.358305348306377,1,3.6809143543347114
109.32599902153015,6.34556913641352,1,3.688101454015497
109.4037938117981,6.337927409277807,1,3.692413713823967
109.48359942436218,6.3557581059278085,1,3.6823517742708667
109.5634093284607,6.358305348306377,1,3.6809143543347114
109.64110922813416,6.335380166899231,1,3.693851133760127
109.71950721740723,6.35321086354924,1,3.6837891942070224
109.79772138595581,6.360852590684953,1,3.6794769343985516
109.87463045120239,6.348116378792096,1,3.6866640340793375
109.96638464927673,6.3557581059278085,1,3.6823517742708667
110.05914068222046,6.337927409277807,1,3.692413713823967
110.16773319244385,6.3633998330635215,1,3.6780395144623963
110.27534198760986,6.350663621170664,1,3.6852266141431818
110.36842083930969,6.3557581059278085,1,3.6823517742708667
110.47738456726074,6.35321086354924,1,3.6837891942070224
110.5862169265747,6.360852590684953,1,3.6794769343985516
110.67964315414429,6.3633998330635215,1,3.6780395144623963
110.77205514907837,6.350663621170664,1,3.6852266141431818
110.84954237937927,6.3633998330635215,1,3.6780395144623963
110.92848992347717,6.3633998330635215,1,3.6780395144623963
111.00470924377441,6.348116378792096,1,3.6866640340793375
111.09795880317688,6.360852590684953,1,3.6794769343985516
111.17612886428833,6.37358880257781,1,3.672289834717766
111.25433850288391,6.3557581059278085,1,3.6823517742708667
111.33100366592407,6.3633998330635215,1,3.6780395144623963
111.40929174423218,6.3557581059278085,1,3.6823517742708667
111.486257314682,6.368494317820666,1,3.6751646745900812
111.56513953208923,6.365947075442097,1,3.6766020945262365
111.64313411712646,6.368494317820666,1,3.6751646745900812
111.71946907043457,6.358305348306377,1,3.6809143543347114
111.79811382293701,6.3633998330635215,1,3.6780395144623963
111.87624168395996,6.3557581059278085,1,3.6823517742708667
111.98310732841492,6.37358880257781,1,3.672289834717766
112.0588846206665,6.371041560199242,1,3.6737272546539215
112.13597083091736,6.3633998330635215,1,3.6780395144623963
112.2140200138092,6.358305348306377,1,3.6809143543347114
112.29014110565186,6.360852590684953,1,3.6794769343985516
112.36993098258972,6.371041560199242,1,3.6737272546539215
112.44983386993408,6.368494317820666,1,3.6751646745900812
112.52730989456177,6.376136044956386,1,3.6708524147816064
112.60512161254883,6.368494317820666,1,3.6751646745900812
112.68313026428223,6.383777772092099,1,3.666540154973136
112.76033115386963,6.371041560199242,1,3.6737272546539215
112.84047245979309,6.365947075442097,1,3.6766020945262365
112.92049074172974,6.38123052971353,1,3.6679775749092913
112.99756717681885,6.386325014470668,1,3.6651027350369803
113.07485127449036,6.376136044956386,1,3.6708524147816064
113.15487456321716,6.358305348306377,1,3.6809143543347114
113.23247051239014,6.388872256849243,1,3.663665315100821
113.34143829345703,6.37358880257781,1,3.672289834717766
113.41845989227295,6.37358880257781,1,3.672289834717766
113.49569773674011,6.391419499227812,1,3.662227895164665
113.58924221992493,6.386325014470668,1,3.6651027350369803
113.66827297210693,6.38123052971353,1,3.6679775749092913
113.7450339794159,6.388872256849243,1,3.663665315100821
113.8224937915802,6.376136044956386,1,3.6708524147816064
113.90150094032288,6.393966741606388,1,3.660790475228506
113.97849202156067,6.383777772092099,1,3.666540154973136
114.05724716186523,6.37358880257781,1,3.672289834717766
114.13351082801819,6.378683287334955,1,3.669414994845451
114.21171474456787,6.399061226363532,1,3.657915635356191
114.28904294967651,6.376136044956386,1,3.6708524147816064
114.36825609207153,6.383777772092099,1,3.666540154973136
114.44417452812195,6.404155711120676,1,3.6550407954838757
114.52291774749756,6.386325014470668,1,3.6651027350369803
114.60107946395874,6.391419499227812,1,3.662227895164665
114.7072377204895,6.383777772092099,1,3.666540154973136
114.78355288505554,6.393966741606388,1,3.660790475228506
114.86048245429993,6.401608468742101,1,3.656478215420035
114.93719458580017,6.401608468742101,1,3.656478215420035
115.01401901245117,6.388872256849243,1,3.663665315100821
115.09196090698242,6.388872256849243,1,3.663665315100821
115.17089605331421,6.386325014470668,1,3.6651027350369803
115.25031852722168,6.401608468742101,1,3.656478215420035
115.3263669013977,6.416891923013534,1,3.64785369580309
115.40623545646667,6.391419499227812,1,3.662227895164665
115.48299765586853,6.404155711120676,1,3.6550407954838757
115.55984997749329,6.406702953499245,1,3.65360337554772
115.63762998580933,6.393966741606388,1,3.660790475228506
115.71491575241089,6.416891923013534,1,3.64785369580309
115.80595684051514,6.401608468742101,1,3.656478215420035
115.88503336906433,6.404155711120676,1,3.6550407954838757
115.963050365448,6.401608468742101,1,3.656478215420035
116.03880023956299,6.386325014470668,1,3.6651027350369803
116.14955997467041,6.409250195877821,1,3.6521659556115607
116.22751593589783,6.404155711120676,1,3.6550407954838757
116.30500292778015,6.393966741606388,1,3.660790475228506
116.38373160362244,6.388872256849243,1,3.663665315100821
116.4608793258667,6.414344680634958,1,3.6492911157392496
116.53853726387024,6.396513983984956,1,3.65935305529235
116.61552572250366,6.404155711120676,1,3.6550407954838757
116.69305419921875,6.409250195877821,1,3.6521659556115607
116.7708523273468,6.393966741606388,1,3.660790475228506
116.84586453437805,6.401608468742101,1,3.656478215420035
116.92429852485657,6.386325014470668,1,3.6651027350369803
117.00120210647583,6.401608468742101,1,3.656478215420035
117.07810473442078,6.406702953499245,1,3.65360337554772
117.15739870071411,6.404155711120676,1,3.6550407954838757
117.233731508255,6.396513983984956,1,3.65935305529235
117.31248569488525,6.421986407770678,1,3.6449788559307748
117.39069604873657,6.406702953499245,1,3.65360337554772
117.4985990524292,6.411797438256389,1,3.650728535675405
117.57646059989929,6.409250195877821,1,3.6521659556115607
117.6530601978302,6.409250195877821,1,3.6521659556115607
117.73184752464294,6.414344680634958,1,3.6492911157392496
117.80814480781555,6.411797438256389,1,3.650728535675405
117.88513422012329,6.406702953499245,1,3.65360337554772
117.96202564239502,6.409250195877821,1,3.6521659556115607
118.03865694999695,6.414344680634958,1,3.6492911157392496
118.11636090278625,6.411797438256389,1,3.650728535675405
118.19462251663208,6.424533650149247,1,3.6435414359946194
118.27312922477722,6.406702953499245,1,3.65360337554772
118.35112953186035,6.416891923013534,1,3.64785369580309
118.42942905426025,6.411797438256389,1,3.650728535675405
118.50793504714966,6.416891923013534,1,3.64785369580309
118.58451962471008,6.401608468742101,1,3.656478215420035
118.66171979904175,6.421986407770678,1,3.6449788559307748
118.73900198936462,6.419439165392102,1,3.6464162758669345
118.84789562225342,6.421986407770678,1,3.6449788559307748
118.92680191993713,6.427080892527822,1,3.6421040160584597
119.0060806274414,6.421986407770678,1,3.6449788559307748
119.08277368545532,6.414344680634958,1,3.6492911157392496
119.16047930717468,6.421986407770678,1,3.6449788559307748
119.25321245193481,6.421986407770678,1,3.6449788559307748
119.32938170433044,6.437269862042111,1,3.6363543363138295
119.40772914886475,6.427080892527822,1,3.6421040160584597
119.48596405982971,6.416891923013534,1,3.64785369580309
119.56406688690186,6.419439165392102,1,3.6464162758669345
119.6406729221344,6.429628134906391,1,3.6406665961223044
119.71784448623657,6.427080892527822,1,3.6421040160584597
119.79438543319702,6.4423643467992555,1,3.6334794964415145
119.87088656425476,6.432175377284967,1,3.6392291761861446
119.9348349571228,6.416891923013534,1,3.64785369580309
120.01143145561218,6.437269862042111,1,3.6363543363138295
120.08861231803894,6.427080892527822,1,3.6421040160584597
120.16605496406555,6.419439165392102,1,3.6464162758669345
120.26000189781189,6.35321086354924,1,3.6837891942070224
120.33867001533508,6.292077046463515,1,3.718287272674799
120.41640305519104,6.243679441270647,1,3.7455982514617903
120.4930477142334,6.225848744620645,1,3.755660191014891
120.57110476493835,6.172356654670633,1,3.7858460096741973
120.64732074737549,6.13669526137063,1,3.8059698887803983
120.72539186477661,6.1137700799634835,1,3.8189066682058144
120.8035683631897,6.04244729336347,1,3.8591544264182214
120.87905621528625,5.9889552034134645,1,3.8893402450775234
120.95521640777588,5.920179659192019,1,3.9281505833537746
121.03112816810608,5.836120660699148,1,3.975585441246967
121.10968947410583,5.736778207934844,1,4.031644818757105
121.18663835525513,5.629794028034826,1,4.092016456075713
121.26361894607544,5.507526393863383,1,4.161012613011263
121.32744550704956,5.413278425856223,1,4.214197150649086
121.40524291992188,5.288463549306197,1,4.284630727520799
121.4848210811615,5.138176248970463,1,4.369438503754079
121.56444430351257,4.987888948634723,1,4.454246279987363
121.64081811904907,4.860526829706128,1,4.526117276795232
121.71723580360413,4.700050559856098,1,4.616674732773147
121.81196522712708,4.51664910859893,1,4.720168968176473
121.88697290420532,4.3638145658846135,1,4.806414164345917
121.9661853313446,4.208432780791728,1,4.894096780451516
122.0445601940155,4.083617904241709,1,4.964530357323225
122.12038898468018,3.9358778462845443,1,5.047900713620351
122.19831728935242,3.7932322730845165,1,5.128396230045164
122.27664470672607,3.6607756693987845,1,5.203142066725344
122.35449838638306,3.5283190657130454,1,5.277887903405528
122.43213653564453,3.3856734925130176,1,5.358383419830341
122.51083731651306,3.2685003430987187,1,5.424504736893576
122.5874457359314,3.115665800384402,1,5.51074993306302
122.66575837135315,2.985756439077239,1,5.584058349807044
122.74314999580383,2.843110865877218,1,5.664553866231854
122.82100081443787,2.741221170734338,1,5.722050663678151
122.89969944953918,2.603670082291462,1,5.799671340230646
122.9755220413208,2.499233144770013,1,5.858605557613099
123.05339765548706,2.389701722491427,1,5.9204146148678625
123.13120985031128,2.287812027348547,1,5.97791141231416
123.207594871521,2.1833750898271056,1,6.036845629696609
123.28467559814453,2.1069578184699473,1,6.079968227781331
123.39213275909424,1.9948791538127857,1,6.143214704972254
123.4680426120758,1.9031784281842015,1,6.194961822673918
123.53196597099304,1.844591853477045,1,6.228022481205539
123.60926938056946,1.7910997635270398,1,6.258208299864841
123.68650531768799,1.7172297345484502,1,6.2998934780134075
123.7633364200592,1.656095917462732,1,6.33439155648118
123.84330749511719,1.60260382751272,1,6.364577375140486
123.91907358169556,1.5669424342127165,1,6.384701254246687
123.99723410606384,1.50835585950556,1,6.4177619127783085
124.07527542114258,1.4726944662055566,1,6.4378857918845105
124.15225434303284,1.429391345769833,1,6.462321930799186
124.22919154167175,1.391182710091254,1,6.483883229841547
124.30859661102295,1.3529740744126748,1,6.505444528883908
124.38766765594482,1.3325961353841045,1,6.516943888373165
124.46566152572632,1.289293014948381,1,6.541380027287841
124.54298710823059,1.274009560676948,1,6.550004546904786
124.62065577507019,1.2459898945126575,1,6.5658161662025165
124.69830846786499,1.2154229859697985,1,6.583065205436403
124.77684998512268,1.1848560774269323,1,6.600314244670294
124.85581254959106,1.1899505621840767,1,6.597439404797979
124.9798309803009,1.1288167450983515,1,6.631937483265755
125.05681252479553,1.1211750179626385,1,6.6362497430742255
125.13305306434631,1.100797078934061,1,6.647749102563486
125.19702982902527,1.0804191399054908,1,6.659248462052743
125.275887966156,1.0676829280126263,1,6.6664355617335325
125.35266470909119,1.047304988984056,1,6.677934921222788
125.43170619010925,1.0294742923340543,1,6.687996860775889
125.5090274810791,1.02437980757691,1,6.690871700648204
125.58699083328247,1.0218325651983342,1,6.692309120584364
125.6646523475647,1.0090963533054769,1,6.699496220265149
125.74230480194092,0.9938128990340438,1,6.708120739882094
125.81934094429016,0.9632459904911848,1,6.725369779115981
125.89677286148071,0.9734349600054735,1,6.719620099371351
125.9754695892334,0.960698748112609,1,6.726807199052141
126.05225539207458,0.9454152938411831,1,6.735431718669082
126.13184189796448,0.953057020976896,1,6.731119458860611
126.21019220352173,0.9428680514626073,1,6.7368691386052415
126.2864499092102,0.9352263243268943,1,6.741181398413712
126.36492276191711,0.9250373548126056,1,6.746931078158342
126.42810273170471,0.9224901124340299,1,6.748368498094502
126.53628826141357,0.93013183956975,1,6.744056238286027
126.61310482025146,0.9021121734054596,1,6.759867857583758
126.68938684463501,0.9072066581626039,1,6.756993017711443
126.766357421875,0.9021121734054596,1,6.759867857583758
126.84506416320801,0.8893759615126022,1,6.767054957264543
126.92291259765625,0.9046594157840282,1,6.758430437647602
126.99961924552917,0.8740925072411692,1,6.775679476881488
127.07907915115356,0.8817342343768821,1,6.771367217073018
127.15609669685364,0.8791869919983135,1,6.772804637009173
127.23388981819153,0.8715452648625934,1,6.777116896817648
127.3119912147522,0.8791869919983135,1,6.772804637009173
127.3909912109375,0.8689980224840248,1,6.778554316753803
127.46849036216736,0.8537145682125917,1,6.787178836370749
127.54602885246277,0.8588090529697361,1,6.7843039964984335
127.62487196922302,0.8562618105911639,1,6.7857414164345915
127.70280861854553,0.8511673258340196,1,6.788616256306907
127.78093123435974,0.8409783563197344,1,6.794365936051534
127.85873413085938,0.8613562953483083,1,6.782866576562276
127.93613648414612,0.8537145682125917,1,6.787178836370749
128.0150260925293,0.8460728410768787,1,6.79149109617922
128.10979413986206,0.8333366291840179,1,6.798678195860007
128.1877212524414,0.8256949020483013,1,6.80299045566848
128.26573586463928,0.8384311139411622,1,6.795803355987692
128.3600561618805,0.8409783563197344,1,6.794365936051534
128.4360876083374,0.8486200834554509,1,6.790053676243062
128.51493740081787,0.8256949020483013,1,6.80299045566848
128.5920217037201,0.8256949020483013,1,6.80299045566848
128.6708071231842,0.8333366291840179,1,6.798678195860007
128.74914026260376,0.8206004172911605,1,6.805865295540793
128.8257954120636,0.812958690155444,1,6.810177555349266
128.90446972846985,0.8282421444268735,1,6.801553035732322
128.9821538925171,0.8231476596697291,1,6.804427875604637
129.06070256233215,0.8307893868054457,1,6.800115615796164
129.1368591785431,0.8307893868054457,1,6.800115615796164
129.21412229537964,0.8180531749125883,1,6.8073027154769505
129.2917833328247,0.8078642053982996,1,6.813052395221581
129.36851978302002,0.8231476596697291,1,6.804427875604637
129.44671845436096,0.812958690155444,1,6.810177555349266
129.52446269989014,0.8206004172911605,1,6.805865295540793
129.60213470458984,0.8256949020483013,1,6.80299045566848
129.69734501838684,0.8053169630197274,1,6.814489815157738
129.77518105506897,0.8256949020483013,1,6.80299045566848
129.85431361198425,0.8307893868054457,1,6.800115615796164
129.932030916214,0.8180531749125883,1,6.8073027154769505
130.0088222026825,0.8409783563197344,1,6.794365936051534
130.08583092689514,0.8486200834554509,1,6.790053676243062
130.16308617591858,0.8180531749125883,1,6.8073027154769505
130.23939728736877,0.83588387156259,1,6.79724077592385
130.31677889823914,0.8384311139411622,1,6.795803355987692
130.3957498073578,0.83588387156259,1,6.79724077592385
130.47154426574707,0.8384311139411622,1,6.795803355987692
130.548513174057,0.8384311139411622,1,6.795803355987692
130.625741481781,0.8282421444268735,1,6.801553035732322
130.7035427093506,0.83588387156259,1,6.79724077592385
130.7815864086151,0.8256949020483013,1,6.80299045566848
130.86067843437195,0.8256949020483013,1,6.80299045566848
130.93809604644775,0.8307893868054457,1,6.800115615796164
131.01676869392395,0.8333366291840179,1,6.798678195860007
131.0938069820404,0.8435255986983066,1,6.792928516115377
131.1713993549347,0.83588387156259,1,6.79724077592385
131.2642204761505,0.83588387156259,1,6.79724077592385
131.34171319007874,0.8409783563197344,1,6.794365936051534
131.4195373058319,0.8486200834554509,1,6.790053676243062
131.49751615524292,0.8409783563197344,1,6.794365936051534
131.5752911567688,0.8282421444268735,1,6.801553035732322
131.6532850265503,0.8409783563197344,1,6.794365936051534
131.73210787773132,0.8486200834554509,1,6.790053676243062
131.80985474586487,0.8486200834554509,1,6.790053676243062
131.8868269920349,0.8511673258340196,1,6.788616256306907
131.96580147743225,0.8460728410768787,1,6.79149109617922
132.04161548614502,0.8409783563197344,1,6.794365936051534
132.11829829216003,0.8613562953483083,1,6.782866576562276
132.19512176513672,0.8562618105911639,1,6.7857414164345915
132.27438831329346,0.8409783563197344,1,6.794365936051534
132.3518078327179,0.8639035377268804,1,6.7814291566261184
132.42996525764465,0.8486200834554509,1,6.790053676243062
132.5071098804474,0.8588090529697361,1,6.7843039964984335
132.58302450180054,0.8537145682125917,1,6.787178836370749
132.66078186035156,0.8460728410768787,1,6.79149109617922
132.7389736175537,0.8613562953483083,1,6.782866576562276
132.83202028274536,0.8460728410768787,1,6.79149109617922
132.91082859039307,0.8537145682125917,1,6.787178836370749
132.98662519454956,0.8613562953483083,1,6.782866576562276
133.0631287097931,0.8511673258340196,1,6.788616256306907
133.1401138305664,0.8588090529697361,1,6.7843039964984335
133.20311951637268,0.8639035377268804,1,6.7814291566261184
133.2799711227417,0.8486200834554509,1,6.790053676243062
133.35869216918945,0.8435255986983066,1,6.792928516115377
133.43778085708618,0.8588090529697361,1,6.7843039964984335
133.5132656097412,0.8562618105911639,1,6.7857414164345915
133.59206914901733,0.8689980224840248,1,6.778554316753803
133.67188048362732,0.8486200834554509,1,6.790053676243062
133.7488193511963,0.8613562953483083,1,6.782866576562276
133.81173849105835,0.8562618105911639,1,6.7857414164345915
133.89001488685608,0.8562618105911639,1,6.7857414164345915
133.96811175346375,0.8664507801054526,1,6.779991736689961
134.0461163520813,0.8537145682125917,1,6.787178836370749
134.12989234924316,0.8511673258340196,1,6.788616256306907
134.2035038471222,0.8537145682125917,1,6.787178836370749
134.3105492591858,0.8486200834554509,1,6.790053676243062
134.37357139587402,0.8537145682125917,1,6.787178836370749
134.4507236480713,0.8639035377268804,1,6.7814291566261184
134.52817058563232,0.8537145682125917,1,6.787178836370749
134.60653066635132,0.8639035377268804,1,6.7814291566261184
134.68300938606262,0.8740925072411692,1,6.775679476881488
134.7607340812683,0.8511673258340196,1,6.788616256306907
134.83878707885742,0.8537145682125917,1,6.787178836370749
134.91423678398132,0.8460728410768787,1,6.79149109617922
134.9931881427765,0.8613562953483083,1,6.782866576562276
135.0731966495514,0.8639035377268804,1,6.7814291566261184
135.14985537528992,0.8613562953483083,1,6.782866576562276
135.22761964797974,0.8588090529697361,1,6.7843039964984335
135.3056194782257,0.8613562953483083,1,6.782866576562276
135.38203620910645,0.8689980224840248,1,6.778554316753803
135.4607708454132,0.8664507801054526,1,6.779991736689961
135.53933906555176,0.8791869919983135,1,6.772804637009173
135.61522269248962,0.8613562953483083,1,6.782866576562276
135.7206790447235,0.8766397496197378,1,6.774242056945333
135.7968714237213,0.8715452648625934,1,6.777116896817648
135.87306714057922,0.8791869919983135,1,6.772804637009173
135.95080161094666,0.8766397496197378,1,6.774242056945333
136.02867245674133,0.8715452648625934,1,6.777116896817648
136.10556721687317,0.8740925072411692,1,6.775679476881488
136.18492555618286,0.8689980224840248,1,6.778554316753803
136.2643129825592,0.8740925072411692,1,6.775679476881488
136.3418939113617,0.8689980224840248,1,6.778554316753803
136.4216492176056,0.8740925072411692,1,6.775679476881488
136.49956941604614,0.8766397496197378,1,6.774242056945333
136.57678198814392,0.8664507801054526,1,6.779991736689961
136.65621161460876,0.8842814767554579,1,6.769929797136858
136.73496913909912,0.8893759615126022,1,6.767054957264543
136.81164407730103,0.8766397496197378,1,6.774242056945333
136.89166641235352,0.8766397496197378,1,6.774242056945333
136.96859073638916,0.8919232038911709,1,6.765617537328388
137.04412508010864,0.8842814767554579,1,6.769929797136858
137.12219071388245,0.8664507801054526,1,6.779991736689961
137.21720671653748,0.8919232038911709,1,6.765617537328388
137.29490900039673,0.8766397496197378,1,6.774242056945333
137.3707399368286,0.9021121734054596,1,6.759867857583758
137.44926691055298,0.8995649310268838,1,6.761305277519917
137.54198026657104,0.8842814767554579,1,6.769929797136858
137.62079501152039,0.8944704462697395,1,6.7641801173922325
137.6977767944336,0.8842814767554579,1,6.769929797136858
137.77542448043823,0.8842814767554579,1,6.769929797136858
137.85358929634094,0.8995649310268838,1,6.761305277519917
137.9311032295227,0.9046594157840282,1,6.758430437647602
138.00818061828613,0.8893759615126022,1,6.767054957264543
138.08650016784668,0.8944704462697395,1,6.7641801173922325
138.16410040855408,0.8791869919983135,1,6.772804637009173
138.23987746238708,0.8919232038911709,1,6.765617537328388
138.31768202781677,0.8970176886483152,1,6.762742697456073
138.39279890060425,0.9021121734054596,1,6.759867857583758
138.46913266181946,0.8970176886483152,1,6.762742697456073
138.54779410362244,0.9123011429197483,1,6.7541181778391275
138.65690755844116,0.8919232038911709,1,6.765617537328388
138.73418283462524,0.9046594157840282,1,6.758430437647602
138.81181597709656,0.8893759615126022,1,6.767054957264543
138.8879997730255,0.9072066581626039,1,6.756993017711443
138.96564078330994,0.9097539005411726,1,6.755555597775287
139.04307413101196,0.9097539005411726,1,6.755555597775287
139.11996173858643,0.9123011429197483,1,6.7541181778391275
139.19915580749512,0.9199428700554613,1,6.749805918030657
139.27797889709473,0.9352263243268943,1,6.741181398413712
139.35623502731323,0.9021121734054596,1,6.759867857583758
139.43365168571472,0.8970176886483152,1,6.762742697456073
139.51148295402527,0.9148483852983169,1,6.752680757902972
139.58940029144287,0.9123011429197483,1,6.7541181778391275
139.66823077201843,0.9123011429197483,1,6.7541181778391275
139.74707508087158,0.8995649310268838,1,6.761305277519917
139.82486414909363,0.9072066581626039,1,6.756993017711443
139.90274500846863,0.9072066581626039,1,6.756993017711443
139.97940135002136,0.9275845971911743,1,6.745493658222187
140.08625435829163,0.9224901124340299,1,6.748368498094502
140.16517853736877,0.9250373548126056,1,6.746931078158342
140.2440299987793,0.9250373548126056,1,6.746931078158342
140.3205382823944,0.9199428700554613,1,6.749805918030657
140.39865469932556,0.93013183956975,1,6.744056238286027
140.47766041755676,0.9097539005411726,1,6.755555597775287
140.5555830001831,0.9173956276768926,1,6.751243337966812
140.63418674468994,0.9250373548126056,1,6.746931078158342
140.713613986969,0.9173956276768926,1,6.751243337966812
140.78985047340393,0.9224901124340299,1,6.748368498094502
140.8681197166443,0.9275845971911743,1,6.745493658222187
140.9478349685669,0.9275845971911743,1,6.745493658222187
141.02608156204224,0.9173956276768926,1,6.751243337966812
141.1032419204712,0.9352263243268943,1,6.741181398413712
141.18167209625244,0.9199428700554613,1,6.749805918030657
141.25676274299622,0.9123011429197483,1,6.7541181778391275
141.33506989479065,0.9352263243268943,1,6.741181398413712
141.4130380153656,0.9224901124340299,1,6.748368498094502
141.50530004501343,0.9173956276768926,1,6.751243337966812
141.58168029785156,0.9275845971911743,1,6.745493658222187
141.6615490913391,0.9224901124340299,1,6.748368498094502
141.73934674263,0.9123011429197483,1,6.7541181778391275
141.81859827041626,0.9224901124340299,1,6.748368498094502
141.89544367790222,0.9250373548126056,1,6.746931078158342
141.97148203849792,0.9326790819483186,1,6.742618818349872
142.0512080192566,0.9123011429197483,1,6.7541181778391275
142.131982088089,0.9250373548126056,1,6.746931078158342
142.20847415924072,0.9224901124340299,1,6.748368498094502
142.28683805465698,0.937773566705463,1,6.739743978477557
142.36390328407288,0.9403208090840387,1,6.738306558541397
142.4410274028778,0.9275845971911743,1,6.745493658222187
142.51730465888977,0.9275845971911743,1,6.745493658222187
142.59381008148193,0.9224901124340299,1,6.748368498094502
142.67087173461914,0.9199428700554613,1,6.749805918030657
142.748868227005,0.9275845971911743,1,6.745493658222187
142.82619547843933,0.9250373548126056,1,6.746931078158342
142.90259456634521,0.9326790819483186,1,6.742618818349872
142.99549961090088,0.9352263243268943,1,6.741181398413712
143.07392477989197,0.9275845971911743,1,6.745493658222187
143.15169310569763,0.9428680514626073,1,6.7368691386052415
143.23250460624695,0.9403208090840387,1,6.738306558541397
143.31144380569458,0.9428680514626073,1,6.7368691386052415
143.38831639289856,0.9275845971911743,1,6.745493658222187
143.4641478061676,0.9275845971911743,1,6.745493658222187
143.54082918167114,0.9275845971911743,1,6.745493658222187
143.61781120300293,0.9326790819483186,1,6.742618818349872
143.69690918922424,0.9352263243268943,1,6.741181398413712
143.77639627456665,0.93013183956975,1,6.744056238286027
143.85409712791443,0.93013183956975,1,6.744056238286027
143.93353009223938,0.93013183956975,1,6.744056238286027
144.01075839996338,0.93013183956975,1,6.744056238286027
144.08633685112,0.9352263243268943,1,6.741181398413712
144.1660397052765,0.9428680514626073,1,6.7368691386052415
144.24354457855225,0.9326790819483186,1,6.742618818349872
144.32038021087646,0.9224901124340299,1,6.748368498094502
144.43025517463684,0.9275845971911743,1,6.745493658222187
144.50900506973267,0.9275845971911743,1,6.745493658222187
144.58709955215454,0.9403208090840387,1,6.738306558541397
144.6654496192932,0.9403208090840387,1,6.738306558541397
144.74191069602966,0.9403208090840387,1,6.738306558541397
144.8195400238037,0.9428680514626073,1,6.7368691386052415
144.89599347114563,0.9454152938411831,1,6.735431718669082
144.9739100933075,0.937773566705463,1,6.739743978477557
145.0519073009491,0.937773566705463,1,6.739743978477557
145.12905049324036,0.93013183956975,1,6.744056238286027
145.20532846450806,0.93013183956975,1,6.744056238286027
145.28259205818176,0.9326790819483186,1,6.742618818349872
145.35979342460632,0.9403208090840387,1,6.738306558541397
145.4365222454071,0.937773566705463,1,6.739743978477557
145.51585507392883,0.9454152938411831,1,6.735431718669082
145.59461569786072,0.9428680514626073,1,6.7368691386052415
145.67079401016235,0.9403208090840387,1,6.738306558541397
145.74788093566895,0.9352263243268943,1,6.741181398413712
145.85660123825073,0.9326790819483186,1,6.742618818349872
145.93326473236084,0.9403208090840387,1,6.738306558541397
146.0107135772705,0.9428680514626073,1,6.7368691386052415
146.08983826637268,0.9556042633554647,1,6.729682038924455
146.16580653190613,0.9428680514626073,1,6.7368691386052415
146.24317908287048,0.937773566705463,1,6.739743978477557
146.32109594345093,0.9428680514626073,1,6.7368691386052415
146.3972954750061,0.9454152938411831,1,6.735431718669082
146.47525095939636,0.9352263243268943,1,6.741181398413712
146.55209112167358,0.9581515057340404,1,6.728244618988296
146.6292769908905,0.9556042633554647,1,6.729682038924455
146.7250587940216,0.9454152938411831,1,6.735431718669082
146.80254530906677,0.9505097785983203,1,6.73255687879677
146.87893271446228,0.9505097785983203,1,6.73255687879677
146.9557113647461,0.9454152938411831,1,6.735431718669082
147.03463172912598,0.9454152938411831,1,6.735431718669082
147.11002326011658,0.9454152938411831,1,6.735431718669082
147.18900561332703,0.9505097785983203,1,6.73255687879677
147.28176522254944,0.9428680514626073,1,6.7368691386052415
147.35798144340515,0.960698748112609,1,6.726807199052141
147.4378216266632,0.953057020976896,1,6.731119458860611
147.5166494846344,0.9632459904911848,1,6.725369779115981
147.5930745601654,0.9479625362197517,1,6.733994298732926
147.6709747314453,0.9454152938411831,1,6.735431718669082
147.74907732009888,0.9581515057340404,1,6.728244618988296
147.82610940933228,0.9454152938411831,1,6.735431718669082
147.90569496154785,0.9428680514626073,1,6.7368691386052415
147.98281455039978,0.9581515057340404,1,6.728244618988296
148.05950474739075,0.9556042633554647,1,6.729682038924455
148.137704372406,0.9479625362197517,1,6.733994298732926
148.21686601638794,0.9556042633554647,1,6.729682038924455
148.29424023628235,0.9734349600054735,1,6.719620099371351
148.3739264011383,0.9479625362197517,1,6.733994298732926
148.45197820663452,0.9632459904911848,1,6.725369779115981
148.52832078933716,0.9581515057340404,1,6.728244618988296
148.60581707954407,0.9556042633554647,1,6.729682038924455
148.68406343460083,0.960698748112609,1,6.726807199052141
148.77854013442993,0.9759822023840421,1,6.718182679435195
148.85772800445557,0.953057020976896,1,6.731119458860611
148.93580865859985,0.9683404752483291,1,6.722494939243666
149.01411628723145,0.9734349600054735,1,6.719620099371351
149.09068870544434,0.9556042633554647,1,6.729682038924455
149.16736221313477,0.9810766871411865,1,6.715307839562881
149.24424600601196,0.9734349600054735,1,6.719620099371351
149.3232238292694,0.9581515057340404,1,6.728244618988296
149.40039896965027,0.9708877176268977,1,6.721057519307511
149.4791533946991,0.9683404752483291,1,6.722494939243666
149.55681037902832,0.9734349600054735,1,6.719620099371351
149.6342535018921,0.9581515057340404,1,6.728244618988296
149.7119174003601,0.9708877176268977,1,6.721057519307511
149.78870058059692,0.9734349600054735,1,6.719620099371351
149.8664538860321,0.9836239295197551,1,6.7138704196267245
149.94403743743896,0.9759822023840421,1,6.718182679435195
150.0219988822937,0.9759822023840421,1,6.718182679435195
150.099946975708,0.9759822023840421,1,6.718182679435195
150.2220814228058,0.9836239295197551,1,6.7138704196267245
150.30010223388672,0.9861711718983308,1,6.712432999690565
150.37604427337646,0.9810766871411865,1,6.715307839562881
150.4543526172638,0.9759822023840421,1,6.718182679435195
150.5332329273224,0.9861711718983308,1,6.712432999690565
150.61026334762573,0.9861711718983308,1,6.712432999690565
150.68858098983765,0.9963601414126195,1,6.706683319945935
150.76704740524292,0.9938128990340438,1,6.708120739882094
150.84329676628113,0.9989073837911882,1,6.705245900009779
150.92241263389587,0.9887184142768994,1,6.710995579754409
150.9996280670166,0.9861711718983308,1,6.712432999690565
151.07545375823975,0.9938128990340438,1,6.708120739882094
151.15182256698608,0.9989073837911882,1,6.705245900009779
151.23054003715515,1.0014546261697639,1,6.70380848007362
151.30771732330322,0.9989073837911882,1,6.705245900009779
151.3843638896942,0.9887184142768994,1,6.710995579754409
151.46246147155762,0.9938128990340438,1,6.708120739882094
151.55321884155273,0.9836239295197551,1,6.7138704196267245
151.65993309020996,0.9989073837911882,1,6.705245900009779
151.73686480522156,0.9861711718983308,1,6.712432999690565
151.81424403190613,1.0040018685483325,1,6.702371060137464
151.8930983543396,1.0065491109269011,1,6.700933640201309
151.97012877464294,1.0040018685483325,1,6.702371060137464
152.0473268032074,1.0269270499554786,1,6.689434280712049
152.12586855888367,0.9963601414126195,1,6.706683319945935
152.2040753364563,1.0014546261697639,1,6.70380848007362
152.28072023391724,1.0116435956840455,1,6.698058800328994
152.360116481781,1.0192853228197656,1,6.693746540520519
152.43843722343445,0.9912656566554752,1,6.7095581598182505
152.51590299606323,1.0065491109269011,1,6.700933640201309
152.59406542778015,1.0116435956840455,1,6.698058800328994
152.67332315444946,1.0065491109269011,1,6.700933640201309
152.7520730495453,0.9989073837911882,1,6.705245900009779
152.8299388885498,1.0116435956840455,1,6.698058800328994
152.90706539154053,1.0040018685483325,1,6.702371060137464
152.98400688171387,0.9989073837911882,1,6.705245900009779
153.07770013809204,1.0167380804411899,1,6.695183960456679
153.15440583229065,1.0116435956840455,1,6.698058800328994
153.23341012001038,1.0141908380626212,1,6.696621380392834
153.31102657318115,1.0090963533054769,1,6.699496220265149
153.3881552219391,1.0065491109269011,1,6.700933640201309
153.4661467075348,1.0167380804411899,1,6.695183960456679
153.54421210289001,1.02437980757691,1,6.690871700648204
153.62275743484497,1.0065491109269011,1,6.700933640201309
153.70168280601501,1.0065491109269011,1,6.700933640201309
153.77954483032227,1.0116435956840455,1,6.698058800328994
153.85665273666382,1.0116435956840455,1,6.698058800328994
153.9366500377655,1.0192853228197656,1,6.693746540520519
154.01325869560242,1.0218325651983342,1,6.692309120584364
154.0894968509674,1.0065491109269011,1,6.700933640201309
154.16805481910706,1.0167380804411899,1,6.695183960456679
154.24495911598206,1.0192853228197656,1,6.693746540520519
154.3219814300537,1.0192853228197656,1,6.693746540520519
154.43036460876465,1.0269270499554786,1,6.689434280712049
154.50907921791077,1.0218325651983342,1,6.692309120584364
154.58608222007751,1.0167380804411899,1,6.695183960456679
154.66431999206543,1.0269270499554786,1,6.689434280712049
154.74183297157288,1.032021534712623,1,6.6865594408397335
154.81872129440308,1.0371160194697673,1,6.6836846009674185
154.89695167541504,1.032021534712623,1,6.6865594408397335
154.9763491153717,1.02437980757691,1,6.690871700648204
155.05341792106628,1.0345687770911987,1,6.685122020903574
155.12965416908264,1.039663261848336,1,6.682247181031263
155.20745754241943,1.0218325651983342,1,6.692309120584364
155.28483819961548,1.02437980757691,1,6.690871700648204
155.36420822143555,1.039663261848336,1,6.682247181031263
155.4433889389038,1.0345687770911987,1,6.685122020903574
155.52142572402954,1.0167380804411899,1,6.695183960456679
155.59882998466492,1.032021534712623,1,6.6865594408397335
155.6760151386261,1.0422105042269116,1,6.680809761095103
155.75207710266113,1.02437980757691,1,6.690871700648204
155.86308765411377,1.02437980757691,1,6.690871700648204
155.94042921066284,1.0141908380626212,1,6.696621380392834
156.01733446121216,1.02437980757691,1,6.690871700648204
156.09483551979065,1.0371160194697673,1,6.6836846009674185
156.17190074920654,1.032021534712623,1,6.6865594408397335
156.2506902217865,1.02437980757691,1,6.690871700648204
156.32784581184387,1.0269270499554786,1,6.689434280712049
156.40557956695557,1.0269270499554786,1,6.689434280712049
156.4820671081543,1.039663261848336,1,6.682247181031263
156.56027007102966,1.0447577466054803,1,6.679372341158948
156.63844180107117,1.0218325651983342,1,6.692309120584364
156.7151141166687,1.0371160194697673,1,6.6836846009674185
156.7921872138977,1.0294742923340543,1,6.687996860775889
156.8701310157776,1.0269270499554786,1,6.689434280712049
156.95081663131714,1.02437980757691,1,6.690871700648204
157.02875542640686,1.0269270499554786,1,6.689434280712049
157.1053421497345,1.0141908380626212,1,6.696621380392834
157.20008373260498,1.0269270499554786,1,6.689434280712049
157.27971816062927,1.039663261848336,1,6.682247181031263
157.3559410572052,1.0269270499554786,1,6.689434280712049
157.43307304382324,1.0167380804411899,1,6.695183960456679
157.51112866401672,1.0269270499554786,1,6.689434280712049
157.58890676498413,1.0218325651983342,1,6.692309120584364
157.66695284843445,1.0447577466054803,1,6.679372341158948
157.74493527412415,1.0371160194697673,1,6.6836846009674185
157.82272243499756,1.0218325651983342,1,6.692309120584364
157.90216088294983,1.0269270499554786,1,6.689434280712049
157.98024082183838,1.0422105042269116,1,6.680809761095103
158.05703473091125,1.0447577466054803,1,6.679372341158948
158.15075302124023,1.0422105042269116,1,6.680809761095103
158.2272756099701,1.032021534712623,1,6.6865594408397335
158.304452419281,1.0269270499554786,1,6.689434280712049
158.38310384750366,1.032021534712623,1,6.6865594408397335
158.46072554588318,1.0447577466054803,1,6.679372341158948
158.56868958473206,1.047304988984056,1,6.677934921222788
158.6478307247162,1.0269270499554786,1,6.689434280712049
158.7251055240631,1.0447577466054803,1,6.679372341158948
158.80084896087646,1.0345687770911987,1,6.685122020903574
158.89572596549988,1.0498522313626246,1,6.676497501286633
158.98684763908386,1.0269270499554786,1,6.689434280712049
159.07962656021118,1.0422105042269116,1,6.680809761095103
159.15741801261902,1.047304988984056,1,6.677934921222788
159.23415899276733,1.0269270499554786,1,6.689434280712049
159.3439598083496,1.0422105042269116,1,6.680809761095103
159.43723225593567,1.0294742923340543,1,6.687996860775889
159.5167281627655,1.039663261848336,1,6.682247181031263
159.59407830238342,1.047304988984056,1,6.677934921222788
159.6727592945099,1.0345687770911987,1,6.685122020903574
159.75077533721924,1.032021534712623,1,6.6865594408397335
159.82909059524536,1.0345687770911987,1,6.685122020903574
159.90648770332336,1.047304988984056,1,6.677934921222788
159.98402905464172,1.0447577466054803,1,6.679372341158948
160.0776481628418,1.0422105042269116,1,6.680809761095103
160.15346002578735,1.032021534712623,1,6.6865594408397335
160.23325037956238,1.0371160194697673,1,6.6836846009674185
160.31306314468384,1.0345687770911987,1,6.685122020903574
160.39105892181396,1.0523994737412004,1,6.675060081350473
160.46829223632812,1.039663261848336,1,6.682247181031263
160.5465657711029,1.054946716119769,1,6.673622661414318
160.6232385635376,1.0345687770911987,1,6.685122020903574
160.73024821281433,1.0371160194697673,1,6.6836846009674185
160.83833408355713,1.0422105042269116,1,6.680809761095103
160.93124151229858,1.0269270499554786,1,6.689434280712049
161.02546644210815,1.0447577466054803,1,6.679372341158948
161.1024374961853,1.0371160194697673,1,6.6836846009674185
161.18115258216858,1.047304988984056,1,6.677934921222788
161.27347040176392,1.047304988984056,1,6.677934921222788
161.35126495361328,1.0345687770911987,1,6.685122020903574
161.42933702468872,1.047304988984056,1,6.677934921222788
161.5239963531494,1.047304988984056,1,6.677934921222788
161.60079050064087,1.0422105042269116,1,6.680809761095103
161.68063163757324,1.047304988984056,1,6.677934921222788
161.76046061515808,1.0574939584983447,1,6.672185241478158
161.83726596832275,1.0447577466054803,1,6.679372341158948
161.9310154914856,1.0523994737412004,1,6.675060081350473
162.02277040481567,1.054946716119769,1,6.673622661414318
162.10207390785217,1.047304988984056,1,6.677934921222788
162.17986536026,1.047304988984056,1,6.677934921222788
162.2586851119995,1.0447577466054803,1,6.679372341158948
162.33647775650024,1.047304988984056,1,6.677934921222788
162.41455936431885,1.0498522313626246,1,6.676497501286633
162.49135422706604,1.0574939584983447,1,6.672185241478158
162.56915020942688,1.0498522313626246,1,6.676497501286633
162.64795327186584,1.039663261848336,1,6.682247181031263
162.7257468700409,1.0447577466054803,1,6.679372341158948
162.80254483222961,1.054946716119769,1,6.673622661414318
162.91324424743652,1.0523994737412004,1,6.675060081350473
162.99103569984436,1.0498522313626246,1,6.676497501286633
163.08290910720825,1.0447577466054803,1,6.679372341158948
163.1736650466919,1.070230170391202,1,6.664998141797373
163.26494073867798,1.0498522313626246,1,6.676497501286633
163.34363460540771,1.062588443255489,1,6.669310401605843
163.42256474494934,1.062588443255489,1,6.669310401605843
163.52986979484558,1.054946716119769,1,6.673622661414318
163.6076033115387,1.0574939584983447,1,6.672185241478158
163.68595957756042,1.062588443255489,1,6.669310401605843
163.76574683189392,1.0574939584983447,1,6.672185241478158
163.84417343139648,1.0574939584983447,1,6.672185241478158
163.9359269142151,1.0447577466054803,1,6.679372341158948
164.01373147964478,1.054946716119769,1,6.673622661414318
164.09129095077515,1.0574939584983447,1,6.672185241478158
164.16908478736877,1.039663261848336,1,6.682247181031263
164.2468740940094,1.047304988984056,1,6.677934921222788
164.3266921043396,1.047304988984056,1,6.677934921222788
164.40445375442505,1.047304988984056,1,6.677934921222788
164.5161542892456,1.0422105042269116,1,6.680809761095103
164.59394598007202,1.054946716119769,1,6.673622661414318
164.67174196243286,1.062588443255489,1,6.669310401605843
164.75053429603577,1.0447577466054803,1,6.679372341158948
164.82963466644287,1.0371160194697673,1,6.6836846009674185
164.9058849811554,1.047304988984056,1,6.677934921222788
165.00156927108765,1.0371160194697673,1,6.6836846009674185
165.0933232307434,1.062588443255489,1,6.669310401605843
165.17012286186218,1.0523994737412004,1,6.675060081350473
165.24816846847534,1.047304988984056,1,6.677934921222788
165.324236869812,1.0523994737412004,1,6.675060081350473
165.4030270576477,1.0600412008769133,1,6.670747821542003
165.47982144355774,1.0422105042269116,1,6.680809761095103
165.55739641189575,1.0676829280126263,1,6.6664355617335325
165.63718271255493,1.0753246551483464,1,6.662123301925058
165.7149739265442,1.0523994737412004,1,6.675060081350473
165.80675196647644,1.0574939584983447,1,6.672185241478158
165.88551807403564,1.0574939584983447,1,6.672185241478158
165.96530485153198,1.047304988984056,1,6.677934921222788
166.04309797286987,1.077871897526915,1,6.660685881988902
166.15479850769043,1.0676829280126263,1,6.6664355617335325
166.26450538635254,1.0574939584983447,1,6.672185241478158
166.3432958126068,1.0600412008769133,1,6.670747821542003
166.4220838546753,1.0676829280126263,1,6.6664355617335325
166.49887800216675,1.0574939584983447,1,6.672185241478158
166.5928566455841,1.0727774127697707,1,6.663560721861217
166.68785786628723,1.070230170391202,1,6.664998141797373
166.77916812896729,1.0600412008769133,1,6.670747821542003
166.85601949691772,1.070230170391202,1,6.664998141797373
166.93342685699463,1.054946716119769,1,6.673622661414318
167.02617835998535,1.070230170391202,1,6.664998141797373
167.10481572151184,1.0651356856340577,1,6.667872981669688
167.1841423511505,1.0574939584983447,1,6.672185241478158
167.2619345188141,1.0600412008769133,1,6.670747821542003
167.3578553199768,1.0523994737412004,1,6.675060081350473
167.4515655040741,1.0727774127697707,1,6.663560721861217
167.54431533813477,1.0574939584983447,1,6.672185241478158
167.62310338020325,1.054946716119769,1,6.673622661414318
167.71485781669617,1.0574939584983447,1,6.672185241478158
167.8248152732849,1.0651356856340577,1,6.667872981669688
167.90087604522705,1.0600412008769133,1,6.670747821542003
167.97904706001282,1.0600412008769133,1,6.670747821542003
168.07179975509644,1.0651356856340577,1,6.667872981669688
168.14959073066711,1.0574939584983447,1,6.672185241478158
168.2273828983307,1.0727774127697707,1,6.663560721861217
168.30597281455994,1.0829663822840594,1,6.657811042116587
168.3830177783966,1.0600412008769133,1,6.670747821542003
168.4627559185028,1.0676829280126263,1,6.6664355617335325
168.55706000328064,1.0829663822840594,1,6.657811042116587
168.63325476646423,1.0676829280126263,1,6.6664355617335325
168.71074151992798,1.062588443255489,1,6.669310401605843
168.78758120536804,1.062588443255489,1,6.669310401605843
168.87930488586426,1.070230170391202,1,6.664998141797373
168.9710624217987,1.0676829280126263,1,6.6664355617335325
169.04891204833984,1.0676829280126263,1,6.6664355617335325
169.12770318984985,1.0855136246626351,1,6.6563736221804275
169.2076117992401,1.0727774127697707,1,6.663560721861217
169.29989790916443,1.070230170391202,1,6.664998141797373
169.37645888328552,1.070230170391202,1,6.664998141797373
169.45324802398682,1.077871897526915,1,6.660685881988902
169.52969789505005,1.0600412008769133,1,6.670747821542003
169.60852122306824,1.0753246551483464,1,6.662123301925058
169.6866099834442,1.0880608670412037,1,6.654936202244272
169.76419138908386,1.0651356856340577,1,6.667872981669688
169.84164905548096,1.0727774127697707,1,6.663560721861217
169.92072319984436,1.0676829280126263,1,6.6664355617335325
169.9984610080719,1.070230170391202,1,6.664998141797373
170.0766305923462,1.0727774127697707,1,6.663560721861217
170.1535346508026,1.0804191399054908,1,6.659248462052743
170.22960472106934,1.0753246551483464,1,6.662123301925058
170.3058454990387,1.077871897526915,1,6.660685881988902
170.38288044929504,1.077871897526915,1,6.660685881988902
170.46063899993896,1.070230170391202,1,6.664998141797373
170.5374870300293,1.077871897526915,1,6.660685881988902
170.6317503452301,1.062588443255489,1,6.669310401605843
170.72607111930847,1.0753246551483464,1,6.662123301925058
170.82012033462524,1.0753246551483464,1,6.662123301925058
170.89632391929626,1.0676829280126263,1,6.6664355617335325
170.9733498096466,1.0753246551483464,1,6.662123301925058
171.06710934638977,1.0727774127697707,1,6.663560721861217
171.14667987823486,1.077871897526915,1,6.660685881988902
171.22349953651428,1.093155351798348,1,6.652061362371957
171.29945969581604,1.0753246551483464,1,6.662123301925058
171.37724995613098,1.070230170391202,1,6.664998141797373
171.45437359809875,1.0880608670412037,1,6.654936202244272
171.53266787528992,1.062588443255489,1,6.669310401605843
171.61052322387695,1.0753246551483464,1,6.662123301925058
171.68733096122742,1.0829663822840594,1,6.657811042116587
171.76563119888306,1.0855136246626351,1,6.6563736221804275
171.8434727191925,1.0804191399054908,1,6.659248462052743
171.92123651504517,1.0829663822840594,1,6.657811042116587
172.02958369255066,1.0829663822840594,1,6.657811042116587
172.10764622688293,1.0829663822840594,1,6.657811042116587
172.18490052223206,1.093155351798348,1,6.652061362371957
172.27898025512695,1.0880608670412037,1,6.654936202244272
172.35597443580627,1.093155351798348,1,6.652061362371957
172.43473935127258,1.0957025941769167,1,6.650623942435801
172.51261043548584,1.070230170391202,1,6.664998141797373
172.5902817249298,1.0880608670412037,1,6.654936202244272
172.66828513145447,1.100797078934061,1,6.647749102563486
172.74701738357544,1.0982498365554925,1,6.649186522499642
172.8242702484131,1.0829663822840594,1,6.657811042116587
172.9025435447693,1.093155351798348,1,6.652061362371957
172.9805407524109,1.093155351798348,1,6.652061362371957
173.05735898017883,1.0855136246626351,1,6.6563736221804275
173.13514375686646,1.0957025941769167,1,6.650623942435801
173.21240139007568,1.0906081094197795,1,6.653498782308112
173.28920078277588,1.1033443213126368,1,6.646311682627327
173.36614441871643,1.0957025941769167,1,6.650623942435801
173.4437804222107,1.077871897526915,1,6.660685881988902
173.52157163619995,1.0880608670412037,1,6.654936202244272
173.6133258342743,1.0880608670412037,1,6.654936202244272
173.73499989509583,1.093155351798348,1,6.652061362371957
173.82974696159363,1.0804191399054908,1,6.659248462052743
173.92252945899963,1.0957025941769167,1,6.650623942435801
173.9993360042572,1.0906081094197795,1,6.653498782308112
174.07899951934814,1.0804191399054908,1,6.659248462052743
174.15583753585815,1.0855136246626351,1,6.6563736221804275
174.23362469673157,1.093155351798348,1,6.652061362371957
174.31242036819458,1.077871897526915,1,6.660685881988902
174.39023971557617,1.0906081094197795,1,6.653498782308112
174.46651601791382,1.077871897526915,1,6.660685881988902
174.5438232421875,1.0753246551483464,1,6.662123301925058
174.6217441558838,1.0957025941769167,1,6.650623942435801
174.6986906528473,1.093155351798348,1,6.652061362371957
174.7780408859253,1.0880608670412037,1,6.654936202244272
174.85786962509155,1.0829663822840594,1,6.657811042116587
174.93401193618774,1.1033443213126368,1,6.646311682627327
175.0107843875885,1.0855136246626351,1,6.6563736221804275
175.09071826934814,1.0906081094197795,1,6.653498782308112
175.19659781455994,1.077871897526915,1,6.660685881988902
175.27288103103638,1.0880608670412037,1,6.654936202244272
175.35060453414917,1.0880608670412037,1,6.654936202244272
175.42757844924927,1.0855136246626351,1,6.6563736221804275
175.50434255599976,1.093155351798348,1,6.652061362371957
175.58092665672302,1.0855136246626351,1,6.6563736221804275
175.65775179862976,1.0880608670412037,1,6.654936202244272
175.73448824882507,1.0957025941769167,1,6.650623942435801
175.8132495880127,1.0829663822840594,1,6.657811042116587
175.8899223804474,1.0982498365554925,1,6.649186522499642
175.96707606315613,1.1084388060697812,1,6.643436842755012
176.04484176635742,1.0829663822840594,1,6.657811042116587
176.12125968933105,1.1084388060697812,1,6.643436842755012
176.199063539505,1.0982498365554925,1,6.649186522499642
176.27754950523376,1.093155351798348,1,6.652061362371957
176.35340332984924,1.0906081094197795,1,6.653498782308112
176.43157958984375,1.0880608670412037,1,6.654936202244272
176.51037096977234,1.077871897526915,1,6.660685881988902
176.61766648292542,1.100797078934061,1,6.647749102563486
176.695631980896,1.1033443213126368,1,6.646311682627327
176.7717843055725,1.0982498365554925,1,6.649186522499642
176.8491849899292,1.1109860484483498,1,6.641999422818856
176.9264817237854,1.0957025941769167,1,6.650623942435801
177.00202345848083,1.1033443213126368,1,6.646311682627327
177.0785961151123,1.1033443213126368,1,6.646311682627327
177.15581607818604,1.1109860484483498,1,6.641999422818856
177.2330286502838,1.1160805332054942,1,6.639124582946541
177.31017065048218,1.093155351798348,1,6.652061362371957
177.38996148109436,1.1109860484483498,1,6.641999422818856
177.4679355621338,1.1033443213126368,1,6.646311682627327
177.54786682128906,1.1033443213126368,1,6.646311682627327
177.62717843055725,1.0957025941769167,1,6.650623942435801
177.70497155189514,1.1084388060697812,1,6.643436842755012
177.78400802612305,1.0982498365554925,1,6.649186522499642
177.85882425308228,1.0957025941769167,1,6.650623942435801
177.93662452697754,1.11862777558407,1,6.637687163010382
178.01424407958984,1.100797078934061,1,6.647749102563486
178.10756826400757,1.1058915636912054,1,6.644874262691171
178.1849889755249,1.1084388060697812,1,6.643436842755012
178.26310801506042,1.1109860484483498,1,6.641999422818856
178.33909225463867,1.1058915636912054,1,6.644874262691171
178.41804575920105,1.1084388060697812,1,6.643436842755012
178.49702835083008,1.0957025941769167,1,6.650623942435801
178.57546615600586,1.0982498365554925,1,6.649186522499642
178.65448474884033,1.1109860484483498,1,6.641999422818856
178.7323100566864,1.1058915636912054,1,6.644874262691171
178.8091390132904,1.093155351798348,1,6.652061362371957
178.88590121269226,1.11862777558407,1,6.637687163010382
178.9637587070465,1.0982498365554925,1,6.649186522499642
179.04008793830872,1.1033443213126368,1,6.646311682627327
179.1187207698822,1.100797078934061,1,6.647749102563486
179.1950581073761,1.1033443213126368,1,6.646311682627327
179.27180099487305,1.1058915636912054,1,6.644874262691171
179.3502221107483,1.1262695027197829,1,6.6333749032019105
179.42797255516052,1.0982498365554925,1,6.649186522499642
179.53363180160522,1.1211750179626385,1,6.6362497430742255
179.60960006713867,1.0982498365554925,1,6.649186522499642
179.68794703483582,1.1135332908269255,1,6.640562002882697
179.7636160850525,1.0906081094197795,1,6.653498782308112
179.84242630004883,1.100797078934061,1,6.647749102563486
179.9196982383728,1.1262695027197829,1,6.6333749032019105
179.99549961090088,1.0727774127697707,1,6.663560721861217
180.07272267341614,1.1288167450983515,1,6.631937483265755
180.14981198310852,1.1109860484483498,1,6.641999422818856
180.22592759132385,1.1058915636912054,1,6.644874262691171
180.30482459068298,1.100797078934061,1,6.647749102563486
180.38439393043518,1.1084388060697812,1,6.643436842755012
180.4606511592865,1.1058915636912054,1,6.644874262691171
180.54071474075317,1.1135332908269255,1,6.640562002882697
180.61785292625427,1.1237222603412071,1,6.63481232313807
180.69547629356384,1.1109860484483498,1,6.641999422818856
180.77186226844788,1.1058915636912054,1,6.644874262691171
180.84966278076172,1.1211750179626385,1,6.6362497430742255
180.9559874534607,1.100797078934061,1,6.647749102563486
181.03484535217285,1.1135332908269255,1,6.640562002882697
181.11305284500122,1.1033443213126368,1,6.646311682627327
181.20477771759033,1.1135332908269255,1,6.640562002882697
181.28308534622192,1.1058915636912054,1,6.644874262691171
181.3588786125183,1.093155351798348,1,6.652061362371957
181.43522953987122,1.0957025941769167,1,6.650623942435801
181.51208019256592,1.1135332908269255,1,6.640562002882697
181.61879539489746,1.1160805332054942,1,6.639124582946541
181.6965880393982,1.100797078934061,1,6.647749102563486
181.7725794315338,1.1160805332054942,1,6.639124582946541
181.849369764328,1.1211750179626385,1,6.6362497430742255
181.94213008880615,1.1109860484483498,1,6.641999422818856
182.03361344337463,1.1135332908269255,1,6.640562002882697
182.12572407722473,1.1084388060697812,1,6.643436842755012
182.21904158592224,1.1109860484483498,1,6.641999422818856
182.3267433643341,1.1109860484483498,1,6.641999422818856
182.41750049591064,1.1135332908269255,1,6.640562002882697
182.52521228790283,1.1135332908269255,1,6.640562002882697
182.61696791648865,1.1160805332054942,1,6.639124582946541
182.69376254081726,1.1135332908269255,1,6.640562002882697
182.7725510597229,1.1109860484483498,1,6.641999422818856
182.86430597305298,1.1262695027197829,1,6.6333749032019105
182.94210124015808,1.1135332908269255,1,6.640562002882697
183.0180516242981,1.1160805332054942,1,6.639124582946541
183.09384942054749,1.1135332908269255,1,6.640562002882697
183.1711709499359,1.1084388060697812,1,6.643436842755012
183.26292634010315,1.11862777558407,1,6.637687163010382
183.34028124809265,1.1135332908269255,1,6.640562002882697
183.41777205467224,1.11862777558407,1,6.637687163010382
183.50953125953674,1.1084388060697812,1,6.643436842755012
183.58584427833557,1.1160805332054942,1,6.639124582946541
183.66276097297668,1.11862777558407,1,6.637687163010382
183.75451469421387,1.1237222603412071,1,6.63481232313807
183.83131051063538,1.1262695027197829,1,6.6333749032019105
183.9220929145813,1.1033443213126368,1,6.646311682627327
184.0142467021942,1.1084388060697812,1,6.643436842755012
184.1395025253296,1.1135332908269255,1,6.640562002882697
184.23325037956238,1.1288167450983515,1,6.631937483265755
184.32699990272522,1.1084388060697812,1,6.643436842755012
184.434711933136,1.1135332908269255,1,6.640562002882697
184.50951194763184,1.1135332908269255,1,6.640562002882697
184.60326290130615,1.1288167450983515,1,6.631937483265755
184.69501519203186,1.1262695027197829,1,6.6333749032019105
184.78699040412903,1.1084388060697812,1,6.643436842755012
184.86378502845764,1.1313639874769272,1,6.630500063329595
184.95512223243713,1.1211750179626385,1,6.6362497430742255
185.03291869163513,1.1262695027197829,1,6.6333749032019105
185.10871696472168,1.1160805332054942,1,6.639124582946541
185.20115494728088,1.1288167450983515,1,6.631937483265755
185.27928137779236,1.11862777558407,1,6.637687163010382
185.3568172454834,1.1135332908269255,1,6.640562002882697
185.4336121082306,1.1288167450983515,1,6.631937483265755
185.511403799057,1.11862777558407,1,6.637687163010382
185.59070134162903,1.1211750179626385,1,6.6362497430742255
185.7156527042389,1.1288167450983515,1,6.631937483265755
185.80895948410034,1.1211750179626385,1,6.6362497430742255
185.88575410842896,1.1237222603412071,1,6.63481232313807
185.96254873275757,1.11862777558407,1,6.637687163010382
186.0423367023468,1.1313639874769272,1,6.630500063329595
186.12012767791748,1.1390057146126402,1,6.626187803521125
186.1979205608368,1.1262695027197829,1,6.6333749032019105
186.2777075767517,1.1237222603412071,1,6.63481232313807
186.35450220108032,1.1288167450983515,1,6.631937483265755
186.43129634857178,1.1390057146126402,1,6.626187803521125
186.51108312606812,1.1313639874769272,1,6.630500063329595
186.60283732414246,1.1313639874769272,1,6.630500063329595
186.69609999656677,1.1313639874769272,1,6.630500063329595
186.77335453033447,1.1160805332054942,1,6.639124582946541
186.8661277294159,1.1390057146126402,1,6.626187803521125
186.96060252189636,1.1288167450983515,1,6.631937483265755
187.05233359336853,1.1237222603412071,1,6.63481232313807
187.14475631713867,1.1288167450983515,1,6.631937483265755
187.26731419563293,1.1441001993697846,1,6.62331296364881
187.34461760520935,1.1288167450983515,1,6.631937483265755
187.4214117527008,1.1262695027197829,1,6.6333749032019105
187.51318287849426,1.141552956991216,1,6.624750383584965
187.60492205619812,1.1390057146126402,1,6.626187803521125
187.68171501159668,1.1364584722340716,1,6.627625223457281
187.7600359916687,1.1339112298554959,1,6.62906264339344
187.85177183151245,1.141552956991216,1,6.624750383584965
187.92756938934326,1.1288167450983515,1,6.631937483265755
188.00240206718445,1.1262695027197829,1,6.6333749032019105
188.09711718559265,1.1313639874769272,1,6.630500063329595
188.1744740009308,1.1237222603412071,1,6.63481232313807
188.24936437606812,1.1364584722340716,1,6.627625223457281
188.34272074699402,1.1237222603412071,1,6.63481232313807
188.42152070999146,1.1313639874769272,1,6.630500063329595
188.49931263923645,1.1339112298554959,1,6.62906264339344
188.59106826782227,1.1262695027197829,1,6.6333749032019105
188.66915225982666,1.1288167450983515,1,6.631937483265755
188.779367685318,1.1441001993697846,1,6.62331296364881
188.857159614563,1.1364584722340716,1,6.627625223457281
188.9349811077118,1.1441001993697846,1,6.62331296364881
189.0143337249756,1.149194684126929,1,6.620438123776495
189.09312391281128,1.1339112298554959,1,6.62906264339344
189.1848771572113,1.1441001993697846,1,6.62331296364881
189.27715945243835,1.141552956991216,1,6.624750383584965
189.3547477722168,1.1390057146126402,1,6.626187803521125
189.43353652954102,1.1441001993697846,1,6.62331296364881
189.51232647895813,1.1390057146126402,1,6.626187803521125
189.6050775051117,1.1390057146126402,1,6.626187803521125
189.69683265686035,1.149194684126929,1,6.620438123776495
189.77362847328186,1.1339112298554959,1,6.62906264339344
189.8514199256897,1.141552956991216,1,6.624750383584965
189.93120646476746,1.1288167450983515,1,6.631937483265755
190.00999569892883,1.1390057146126402,1,6.626187803521125
190.08579301834106,1.1441001993697846,1,6.62331296364881
190.1655797958374,1.1390057146126402,1,6.626187803521125
190.24536633491516,1.1364584722340716,1,6.627625223457281
190.35307836532593,1.1390057146126402,1,6.626187803521125
190.4593803882599,1.1364584722340716,1,6.627625223457281
190.53418040275574,1.1288167450983515,1,6.631937483265755
190.61097478866577,1.1390057146126402,1,6.626187803521125
190.68876695632935,1.1390057146126402,1,6.626187803521125
190.76573085784912,1.1390057146126402,1,6.626187803521125
190.84451913833618,1.141552956991216,1,6.624750383584965
190.9223117828369,1.1339112298554959,1,6.62906264339344
190.99811005592346,1.1466474417483603,1,6.621875543712651
191.07590126991272,1.1390057146126402,1,6.626187803521125
191.154691696167,1.1390057146126402,1,6.626187803521125
191.23347973823547,1.1339112298554959,1,6.62906264339344
191.31027460098267,1.1364584722340716,1,6.627625223457281
191.38714623451233,1.1339112298554959,1,6.62906264339344
191.46406388282776,1.1441001993697846,1,6.62331296364881
191.55681562423706,1.1262695027197829,1,6.6333749032019105
191.6366024017334,1.1390057146126402,1,6.626187803521125
191.74431467056274,1.1441001993697846,1,6.62331296364881
191.82210612297058,1.1339112298554959,1,6.62906264339344
191.90193009376526,1.141552956991216,1,6.624750383584965
191.97940707206726,1.1441001993697846,1,6.62331296364881
192.05620217323303,1.1313639874769272,1,6.630500063329595
192.13426566123962,1.141552956991216,1,6.624750383584965
192.21106028556824,1.1364584722340716,1,6.627625223457281
192.2888524532318,1.1288167450983515,1,6.631937483265755
192.36672711372375,1.149194684126929,1,6.620438123776495
192.44451904296875,1.1542891688840733,1,6.61756328390418
192.5238275527954,1.141552956991216,1,6.624750383584965
192.6006314754486,1.1390057146126402,1,6.626187803521125
192.69237685203552,1.1619308960197863,1,6.613251024095709
192.77216362953186,1.1364584722340716,1,6.627625223457281
192.85195064544678,1.1364584722340716,1,6.627625223457281
192.9437210559845,1.1593836536412176,1,6.614688444031865
193.03745484352112,1.1313639874769272,1,6.630500063329595
193.16112399101257,1.149194684126929,1,6.620438123776495
193.23791909217834,1.1339112298554959,1,6.62906264339344
193.31471490859985,1.149194684126929,1,6.620438123776495
193.40601253509521,1.1441001993697846,1,6.62331296364881
193.48280692100525,1.1441001993697846,1,6.62331296364881
193.5615954399109,1.149194684126929,1,6.620438123776495
193.63943648338318,1.1364584722340716,1,6.627625223457281
193.7301561832428,1.1466474417483603,1,6.621875543712651
193.82127976417542,1.141552956991216,1,6.624750383584965
193.90007185935974,1.1466474417483603,1,6.621875543712651
193.97885727882385,1.1542891688840733,1,6.61756328390418
194.07061457633972,1.1517419265054976,1,6.61900070384034
194.15039992332458,1.164478138398362,1,6.61181360415955
194.22820496559143,1.1670253807769306,1,6.610376184223394
194.30599856376648,1.1466474417483603,1,6.621875543712651
194.38379096984863,1.1441001993697846,1,6.62331296364881
194.4617657661438,1.156836411262642,1,6.6161258639680245
194.55424404144287,1.1517419265054976,1,6.61900070384034
194.6799213886261,1.164478138398362,1,6.61181360415955
194.75669956207275,1.1466474417483603,1,6.621875543712651
194.83249807357788,1.1542891688840733,1,6.61756328390418
194.92425107955933,1.149194684126929,1,6.620438123776495
195.0170032978058,1.1517419265054976,1,6.61900070384034
195.0943729877472,1.149194684126929,1,6.620438123776495
195.1731960773468,1.149194684126929,1,6.620438123776495
195.24998950958252,1.1466474417483603,1,6.621875543712651
195.32878017425537,1.1517419265054976,1,6.61900070384034
195.40657138824463,1.164478138398362,1,6.61181360415955
195.48436331748962,1.1466474417483603,1,6.621875543712651
195.5641496181488,1.149194684126929,1,6.620438123776495
195.6419415473938,1.1517419265054976,1,6.61900070384034
195.7197344303131,1.1517419265054976,1,6.61900070384034
195.79652881622314,1.1593836536412176,1,6.614688444031865
195.87332344055176,1.1542891688840733,1,6.61756328390418
195.98003768920898,1.164478138398362,1,6.61181360415955
196.10370635986328,1.1466474417483603,1,6.621875543712651
196.1959822177887,1.1593836536412176,1,6.614688444031865
196.2757923603058,1.1542891688840733,1,6.61756328390418
196.35356092453003,1.1390057146126402,1,6.626187803521125
196.4443187713623,1.1619308960197863,1,6.613251024095709
196.53694009780884,1.164478138398362,1,6.61181360415955
196.6137351989746,1.1542891688840733,1,6.61756328390418
196.70449256896973,1.1593836536412176,1,6.614688444031865
196.783282995224,1.1466474417483603,1,6.621875543712651
196.8611695766449,1.1695726231555064,1,6.608938764287235
196.9379632472992,1.1593836536412176,1,6.614688444031865
197.016752243042,1.1619308960197863,1,6.613251024095709
197.09356784820557,1.156836411262642,1,6.6161258639680245
197.17201709747314,1.156836411262642,1,6.6161258639680245
197.25080633163452,1.156836411262642,1,6.6161258639680245
197.32763123512268,1.164478138398362,1,6.61181360415955
197.40570855140686,1.164478138398362,1,6.61181360415955
197.51440238952637,1.1619308960197863,1,6.613251024095709
197.5920774936676,1.1695726231555064,1,6.608938764287235
197.66958141326904,1.1441001993697846,1,6.62331296364881
197.74940156936646,1.1517419265054976,1,6.61900070384034
197.82628536224365,1.164478138398362,1,6.61181360415955
197.9052357673645,1.164478138398362,1,6.61181360415955
197.98401975631714,1.1466474417483603,1,6.621875543712651
198.06181073188782,1.1619308960197863,1,6.613251024095709
198.13966989517212,1.164478138398362,1,6.61181360415955
198.21882009506226,1.149194684126929,1,6.620438123776495
198.3106415271759,1.1542891688840733,1,6.61756328390418
198.38914036750793,1.1593836536412176,1,6.614688444031865
198.46780490875244,1.164478138398362,1,6.61181360415955
198.5446765422821,1.156836411262642,1,6.6161258639680245
198.6219503879547,1.164478138398362,1,6.61181360415955
198.69976902008057,1.156836411262642,1,6.6161258639680245
198.77627110481262,1.1746671079126507,1,6.6060639244149195
198.85435247421265,1.1670253807769306,1,6.610376184223394
198.96306705474854,1.156836411262642,1,6.6161258639680245
199.0406677722931,1.1593836536412176,1,6.614688444031865
199.1192238330841,1.1593836536412176,1,6.614688444031865
199.19663977622986,1.1542891688840733,1,6.61756328390418
199.27426266670227,1.164478138398362,1,6.61181360415955
199.35366582870483,1.1593836536412176,1,6.614688444031865
199.43067407608032,1.1593836536412176,1,6.614688444031865
199.50934624671936,1.172119865534075,1,6.607501344351079
199.5885751247406,1.172119865534075,1,6.607501344351079
199.66569256782532,1.172119865534075,1,6.607501344351079
199.74432182312012,1.1670253807769306,1,6.610376184223394
199.82150745391846,1.1619308960197863,1,6.613251024095709
199.89940190315247,1.164478138398362,1,6.61181360415955
199.97706532478333,1.172119865534075,1,6.607501344351079
200.05565285682678,1.1670253807769306,1,6.610376184223394
200.13403916358948,1.164478138398362,1,6.61181360415955
200.21029829978943,1.1695726231555064,1,6.608938764287235
200.30517387390137,1.164478138398362,1,6.61181360415955
200.3820993900299,1.1542891688840733,1,6.61756328390418
200.46159744262695,1.1593836536412176,1,6.614688444031865
200.53846788406372,1.1670253807769306,1,6.610376184223394
200.61577248573303,1.1670253807769306,1,6.610376184223394
200.69445180892944,1.1695726231555064,1,6.608938764287235
200.77254509925842,1.164478138398362,1,6.61181360415955
200.85032320022583,1.1619308960197863,1,6.613251024095709
200.9271171092987,1.1695726231555064,1,6.608938764287235
201.00690340995789,1.1746671079126507,1,6.6060639244149195
201.0846507549286,1.1593836536412176,1,6.614688444031865
201.1632399559021,1.1695726231555064,1,6.608938764287235
201.24253368377686,1.172119865534075,1,6.607501344351079
201.320805311203,1.156836411262642,1,6.6161258639680245
201.3976912498474,1.149194684126929,1,6.620438123776495
201.47579526901245,1.1772143502912193,1,6.604626504478764
201.55271816253662,1.1593836536412176,1,6.614688444031865
201.6455957889557,1.1695726231555064,1,6.608938764287235
201.72267031669617,1.172119865534075,1,6.607501344351079
201.79946112632751,1.1517419265054976,1,6.61900070384034
201.87865090370178,1.1746671079126507,1,6.6060639244149195
201.95639371871948,1.1695726231555064,1,6.608938764287235
202.0321011543274,1.1619308960197863,1,6.613251024095709
202.11003971099854,1.172119865534075,1,6.607501344351079
202.18700766563416,1.156836411262642,1,6.6161258639680245
202.26300597190857,1.1695726231555064,1,6.608938764287235
202.3394570350647,1.1695726231555064,1,6.608938764287235
202.41836166381836,1.164478138398362,1,6.61181360415955
202.495126247406,1.1746671079126507,1,6.6060639244149195
202.57267332077026,1.1695726231555064,1,6.608938764287235
202.65073108673096,1.1619308960197863,1,6.613251024095709
202.7286446094513,1.164478138398362,1,6.61181360415955
202.80789756774902,1.172119865534075,1,6.607501344351079
202.8866777420044,1.172119865534075,1,6.607501344351079
202.96263456344604,1.1542891688840733,1,6.61756328390418
203.0710370540619,1.1695726231555064,1,6.608938764287235
203.15019345283508,1.172119865534075,1,6.607501344351079
203.22761487960815,1.1823088350483637,1,6.601751664606449
203.30407524108887,1.1848560774269323,1,6.600314244670294
203.38192510604858,1.1670253807769306,1,6.610376184223394
203.45980834960938,1.1746671079126507,1,6.6060639244149195
203.53917908668518,1.1695726231555064,1,6.608938764287235
203.6178741455078,1.1670253807769306,1,6.610376184223394
203.69529557228088,1.1695726231555064,1,6.608938764287235
203.77330660820007,1.1695726231555064,1,6.608938764287235
203.85084986686707,1.1772143502912193,1,6.604626504478764
203.92805814743042,1.1695726231555064,1,6.608938764287235
204.0058033466339,1.1695726231555064,1,6.608938764287235
204.08404994010925,1.1823088350483637,1,6.601751664606449
204.1608180999756,1.1695726231555064,1,6.608938764287235
204.23923301696777,1.1670253807769306,1,6.610376184223394
204.31505680084229,1.1593836536412176,1,6.614688444031865
204.4079713821411,1.1670253807769306,1,6.610376184223394
204.48696088790894,1.1695726231555064,1,6.608938764287235
204.5630702972412,1.164478138398362,1,6.61181360415955
204.6416847705841,1.179761592669788,1,6.603189084542609
204.7203471660614,1.1772143502912193,1,6.604626504478764
204.79831981658936,1.172119865534075,1,6.607501344351079
204.8764362335205,1.172119865534075,1,6.607501344351079
204.93894290924072,1.179761592669788,1,6.603189084542609
205.0185661315918,1.1695726231555064,1,6.608938764287235
205.0809965133667,1.156836411262642,1,6.6161258639680245
205.15825080871582,1.1746671079126507,1,6.6060639244149195
205.23509430885315,1.179761592669788,1,6.603189084542609
205.30967664718628,1.172119865534075,1,6.607501344351079
205.37310147285461,1.1772143502912193,1,6.604626504478764
205.45063400268555,1.1746671079126507,1,6.6060639244149195
205.5257134437561,1.1772143502912193,1,6.604626504478764
205.60388469696045,1.179761592669788,1,6.603189084542609
205.6677975654602,1.1670253807769306,1,6.610376184223394
205.74541568756104,1.1772143502912193,1,6.604626504478764
205.8246774673462,1.1772143502912193,1,6.604626504478764
205.91774940490723,1.1823088350483637,1,6.601751664606449
205.99308228492737,1.187403319805508,1,6.598876824734134
206.0697214603424,1.1848560774269323,1,6.600314244670294
206.13312077522278,1.179761592669788,1,6.603189084542609
206.19597506523132,1.1848560774269323,1,6.600314244670294
206.2730574607849,1.1823088350483637,1,6.601751664606449
206.33595418930054,1.187403319805508,1,6.598876824734134
206.41426134109497,1.1695726231555064,1,6.608938764287235
206.4910020828247,1.1823088350483637,1,6.601751664606449
206.56911206245422,1.1924978045626524,1,6.596001984861819
206.64731621742249,1.1772143502912193,1,6.604626504478764
206.70820498466492,1.1823088350483637,1,6.601751664606449
206.77075505256653,1.187403319805508,1,6.598876824734134
206.84651947021484,1.1848560774269323,1,6.600314244670294
206.92340755462646,1.1899505621840767,1,6.597439404797979
206.98579025268555,1.1746671079126507,1,6.6060639244149195
207.06465530395508,1.172119865534075,1,6.607501344351079
207.14064168930054,1.179761592669788,1,6.603189084542609
207.20460867881775,1.179761592669788,1,6.603189084542609
207.2825219631195,1.1746671079126507,1,6.6060639244149195
207.3906672000885,1.1848560774269323,1,6.600314244670294
207.46853971481323,1.1772143502912193,1,6.604626504478764
207.5473508834839,1.1746671079126507,1,6.6060639244149195
207.62431693077087,1.179761592669788,1,6.603189084542609
207.68751120567322,1.1899505621840767,1,6.597439404797979
207.76381397247314,1.1848560774269323,1,6.600314244670294
207.84163188934326,1.1772143502912193,1,6.604626504478764
207.91961693763733,1.1899505621840767,1,6.597439404797979
207.98095679283142,1.1772143502912193,1,6.604626504478764
208.05848288536072,1.179761592669788,1,6.603189084542609
208.13561606407166,1.187403319805508,1,6.598876824734134
208.21339178085327,1.1695726231555064,1,6.608938764287235
208.27627658843994,1.1823088350483637,1,6.601751664606449
208.3524808883667,1.1848560774269323,1,6.600314244670294
208.43155097961426,1.1924978045626524,1,6.596001984861819
208.49465203285217,1.179761592669788,1,6.603189084542609
208.57118248939514,1.179761592669788,1,6.603189084542609
208.64845395088196,1.1924978045626524,1,6.596001984861819
208.72824096679688,1.1746671079126507,1,6.6060639244149195
208.8049385547638,1.1924978045626524,1,6.596001984861819
208.90021085739136,1.187403319805508,1,6.598876824734134
208.97836780548096,1.1823088350483637,1,6.601751664606449
209.0550696849823,1.187403319805508,1,6.598876824734134
209.11786699295044,1.187403319805508,1,6.598876824734134
209.196626663208,1.1823088350483637,1,6.601751664606449
209.27309656143188,1.2001395316983654,1,6.591689725053349
209.33603715896606,1.187403319805508,1,6.598876824734134
209.41324281692505,1.1823088350483637,1,6.601751664606449
209.4896490573883,1.1924978045626524,1,6.596001984861819
209.56642961502075,1.187403319805508,1,6.598876824734134
209.6446659564972,1.179761592669788,1,6.603189084542609
209.72168636322021,1.1899505621840767,1,6.597439404797979
209.79938793182373,1.1899505621840767,1,6.597439404797979
209.87641167640686,1.1772143502912193,1,6.604626504478764
209.95151615142822,1.1899505621840767,1,6.597439404797979
210.02903652191162,1.195045046941221,1,6.594564564925664
210.10707902908325,1.2026867740769411,1,6.590252305117189
210.18364810943604,1.1899505621840767,1,6.597439404797979
210.26079726219177,1.187403319805508,1,6.598876824734134
210.32344913482666,1.195045046941221,1,6.594564564925664
210.41651844978333,1.2154229859697985,1,6.583065205436403
210.4795823097229,1.1823088350483637,1,6.601751664606449
210.54210901260376,1.2026867740769411,1,6.590252305117189
210.61858415603638,1.2001395316983654,1,6.591689725053349
210.69493341445923,1.195045046941221,1,6.594564564925664
210.75799345970154,1.2026867740769411,1,6.590252305117189
210.83484315872192,1.195045046941221,1,6.594564564925664
210.91143488883972,1.2001395316983654,1,6.591689725053349
210.98880863189697,1.1848560774269323,1,6.600314244670294
211.0815713405609,1.1848560774269323,1,6.600314244670294
211.1575620174408,1.187403319805508,1,6.598876824734134
211.22047185897827,1.195045046941221,1,6.594564564925664
211.29850125312805,1.1848560774269323,1,6.600314244670294
211.37550377845764,1.187403319805508,1,6.598876824734134
211.45327162742615,1.2052340164555098,1,6.5888148851810335
211.53075766563416,1.2001395316983654,1,6.591689725053349
211.60707187652588,1.2077812588340784,1,6.587377465244878
211.68566989898682,1.195045046941221,1,6.594564564925664
211.76449346542358,1.1975922893197968,1,6.593127144989504
211.8422827720642,1.2001395316983654,1,6.591689725053349
211.9500539302826,1.2077812588340784,1,6.587377465244878
212.01204752922058,1.2001395316983654,1,6.591689725053349
212.089049577713,1.1924978045626524,1,6.596001984861819
212.16793417930603,1.195045046941221,1,6.594564564925664
212.24428606033325,1.1899505621840767,1,6.597439404797979
212.32138752937317,1.1899505621840767,1,6.597439404797979
212.39940118789673,1.2154229859697985,1,6.583065205436403
212.4626362323761,1.195045046941221,1,6.594564564925664
212.5399477481842,1.195045046941221,1,6.594564564925664
212.61914825439453,1.1975922893197968,1,6.593127144989504
212.69605708122253,1.1924978045626524,1,6.596001984861819
212.7729299068451,1.1823088350483637,1,6.601751664606449
212.8510241508484,1.1975922893197968,1,6.593127144989504
212.9136097431183,1.195045046941221,1,6.594564564925664
212.9908423423767,1.187403319805508,1,6.598876824734134
213.06846714019775,1.2077812588340784,1,6.587377465244878
213.13193655014038,1.2026867740769411,1,6.590252305117189
213.2105529308319,1.1975922893197968,1,6.593127144989504
213.28635096549988,1.1975922893197968,1,6.593127144989504
213.36344933509827,1.2052340164555098,1,6.5888148851810335
213.42589735984802,1.1899505621840767,1,6.597439404797979
213.51789450645447,1.2052340164555098,1,6.5888148851810335
213.58172035217285,1.2001395316983654,1,6.591689725053349
213.65876746177673,1.2052340164555098,1,6.5888148851810335
213.73462867736816,1.2103285012126541,1,6.5859400453087185
213.79817485809326,1.2154229859697985,1,6.583065205436403
213.87611770629883,1.2052340164555098,1,6.5888148851810335
213.9541952610016,1.2077812588340784,1,6.587377465244878
214.01798510551453,1.2154229859697985,1,6.583065205436403
214.0800449848175,1.1899505621840767,1,6.597439404797979
214.15794610977173,1.2103285012126541,1,6.5859400453087185
214.23582339286804,1.2103285012126541,1,6.5859400453087185
214.31318378448486,1.2077812588340784,1,6.587377465244878
214.38989305496216,1.1848560774269323,1,6.600314244670294
214.46675825119019,1.2077812588340784,1,6.587377465244878
214.54406189918518,1.2001395316983654,1,6.591689725053349
214.62083053588867,1.2103285012126541,1,6.5859400453087185
214.7006356716156,1.2103285012126541,1,6.5859400453087185
214.77796363830566,1.2001395316983654,1,6.591689725053349
214.85618114471436,1.1975922893197968,1,6.593127144989504
214.91884636878967,1.195045046941221,1,6.594564564925664
215.0131070613861,1.217970228348367,1,6.581627785500248
215.09080052375793,1.2077812588340784,1,6.587377465244878
215.15398597717285,1.2052340164555098,1,6.5888148851810335
215.23128175735474,1.2103285012126541,1,6.5859400453087185
215.29269242286682,1.2001395316983654,1,6.591689725053349
215.36999106407166,1.2052340164555098,1,6.5888148851810335
215.4485445022583,1.195045046941221,1,6.594564564925664
215.52735877037048,1.2026867740769411,1,6.590252305117189
215.60437631607056,1.2026867740769411,1,6.590252305117189
215.68045449256897,1.2077812588340784,1,6.587377465244878
215.75818753242493,1.1975922893197968,1,6.593127144989504
215.83406376838684,1.2154229859697985,1,6.583065205436403
215.91227459907532,1.195045046941221,1,6.594564564925664
215.98806238174438,1.1975922893197968,1,6.593127144989504
216.06407070159912,1.2154229859697985,1,6.583065205436403
216.14253783226013,1.187403319805508,1,6.598876824734134
216.2196319103241,1.2077812588340784,1,6.587377465244878
216.29668974876404,1.2052340164555098,1,6.5888148851810335
216.36062240600586,1.1924978045626524,1,6.596001984861819
216.4389886856079,1.2026867740769411,1,6.590252305117189
216.5468111038208,1.2256119554840872,1,6.577315525691773
216.6253731250763,1.2052340164555098,1,6.5888148851810335
216.7178328037262,1.2103285012126541,1,6.5859400453087185
216.79516911506653,1.2103285012126541,1,6.5859400453087185
216.87148118019104,1.1975922893197968,1,6.593127144989504
216.94906401634216,1.2103285012126541,1,6.5859400453087185
217.02685379981995,1.195045046941221,1,6.594564564925664
217.10574293136597,1.2103285012126541,1,6.5859400453087185
217.18370246887207,1.195045046941221,1,6.594564564925664
217.26249241828918,1.195045046941221,1,6.594564564925664
217.33975553512573,1.1975922893197968,1,6.593127144989504
217.41661739349365,1.217970228348367,1,6.581627785500248
217.4956259727478,1.2103285012126541,1,6.5859400453087185
217.57466578483582,1.2052340164555098,1,6.5888148851810335
217.6509885787964,1.2154229859697985,1,6.583065205436403
217.7290437221527,1.2154229859697985,1,6.583065205436403
217.79223895072937,1.195045046941221,1,6.594564564925664
217.87102842330933,1.2001395316983654,1,6.591689725053349
217.94793248176575,1.2052340164555098,1,6.5888148851810335
218.02599334716797,1.1975922893197968,1,6.593127144989504
218.13471817970276,1.217970228348367,1,6.581627785500248
218.21192002296448,1.1975922893197968,1,6.593127144989504
218.29103994369507,1.2103285012126541,1,6.5859400453087185
218.36838364601135,1.2154229859697985,1,6.583065205436403
218.44793462753296,1.2205174707269428,1,6.580190365564088
218.52772164344788,1.2001395316983654,1,6.591689725053349
218.6045126914978,1.2026867740769411,1,6.590252305117189
218.68300914764404,1.2154229859697985,1,6.583065205436403
218.76081204414368,1.2154229859697985,1,6.583065205436403
218.83862781524658,1.217970228348367,1,6.581627785500248
218.91538834571838,1.2205174707269428,1,6.580190365564088
218.99229049682617,1.2077812588340784,1,6.587377465244878
219.07113218307495,1.2052340164555098,1,6.5888148851810335
219.14966654777527,1.2205174707269428,1,6.580190365564088
219.22746324539185,1.2103285012126541,1,6.5859400453087185
219.30565214157104,1.195045046941221,1,6.594564564925664
219.38444638252258,1.2205174707269428,1,6.580190365564088
219.46227717399597,1.2205174707269428,1,6.580190365564088
219.53908824920654,1.2026867740769411,1,6.590252305117189
219.61488604545593,1.217970228348367,1,6.581627785500248
219.7405502796173,1.2001395316983654,1,6.591689725053349
219.81825184822083,1.2230647131055115,1,6.578752945627933
219.89403915405273,1.2154229859697985,1,6.583065205436403
219.9717996120453,1.2103285012126541,1,6.5859400453087185
220.04862427711487,1.2128757435912227,1,6.584502625372563
220.12642073631287,1.217970228348367,1,6.581627785500248
220.21804094314575,1.2103285012126541,1,6.5859400453087185
220.29522132873535,1.217970228348367,1,6.581627785500248
220.37298107147217,1.2052340164555098,1,6.5888148851810335
220.44977974891663,1.2103285012126541,1,6.5859400453087185
220.52838253974915,1.2103285012126541,1,6.5859400453087185
220.60818696022034,1.2077812588340784,1,6.587377465244878
220.6861596107483,1.2001395316983654,1,6.591689725053349
220.765967130661,1.217970228348367,1,6.581627785500248
220.8457534313202,1.2103285012126541,1,6.5859400453087185
220.9213080406189,1.2103285012126541,1,6.5859400453087185
220.99810218811035,1.2103285012126541,1,6.5859400453087185
221.07788920402527,1.2230647131055115,1,6.578752945627933
221.15468311309814,1.2001395316983654,1,6.591689725053349
221.23347234725952,1.217970228348367,1,6.581627785500248
221.31325888633728,1.2154229859697985,1,6.583065205436403
221.4220461845398,1.2026867740769411,1,6.590252305117189
221.49986672401428,1.2256119554840872,1,6.577315525691773
221.57766222953796,1.2230647131055115,1,6.578752945627933
221.65346026420593,1.2103285012126541,1,6.5859400453087185
221.74920964241028,1.2103285012126541,1,6.5859400453087185
221.841965675354,1.217970228348367,1,6.581627785500248
221.92080974578857,1.2103285012126541,1,6.5859400453087185
221.99999070167542,1.2281591978626558,1,6.575878105755618
222.07882022857666,1.2205174707269428,1,6.580190365564088
222.1556384563446,1.2103285012126541,1,6.5859400453087185
222.23494005203247,1.2128757435912227,1,6.584502625372563
222.32656979560852,1.217970228348367,1,6.581627785500248
222.40407919883728,1.2154229859697985,1,6.583065205436403
222.48225808143616,1.217970228348367,1,6.581627785500248
222.5580062866211,1.2230647131055115,1,6.578752945627933
222.63606810569763,1.2128757435912227,1,6.584502625372563
222.71392607688904,1.2332536826198002,1,6.573003265883303
222.79162454605103,1.2230647131055115,1,6.578752945627933
222.87139797210693,1.2154229859697985,1,6.583065205436403
222.95026206970215,1.2281591978626558,1,6.575878105755618
223.05995965003967,1.2154229859697985,1,6.583065205436403
223.13779711723328,1.2103285012126541,1,6.5859400453087185
223.21656608581543,1.2307064402412315,1,6.574440685819458
223.29436111450195,1.2307064402412315,1,6.574440685819458
223.37414836883545,1.2103285012126541,1,6.5859400453087185
223.45295643806458,1.2205174707269428,1,6.580190365564088
223.52877354621887,1.2281591978626558,1,6.575878105755618
223.62250995635986,1.2307064402412315,1,6.574440685819458
223.70229649543762,1.2154229859697985,1,6.583065205436403
223.7801284790039,1.2281591978626558,1,6.575878105755618
223.85831713676453,1.2128757435912227,1,6.584502625372563
223.93798208236694,1.2256119554840872,1,6.577315525691773
224.01477599143982,1.2307064402412315,1,6.574440685819458
224.09162044525146,1.2154229859697985,1,6.583065205436403
224.16992259025574,1.2256119554840872,1,6.577315525691773
224.24722981452942,1.2205174707269428,1,6.580190365564088
224.32689809799194,1.2408954097555132,1,6.568691006074832
224.40671467781067,1.2230647131055115,1,6.578752945627933
224.4845094680786,1.2383481673769445,1,6.570128426010988
224.56431317329407,1.2256119554840872,1,6.577315525691773
224.67103338241577,1.2332536826198002,1,6.573003265883303
224.76540684700012,1.2256119554840872,1,6.577315525691773
224.84370732307434,1.2358009249983688,1,6.571565845947147
224.93500781059265,1.217970228348367,1,6.581627785500248
225.0147089958191,1.2281591978626558,1,6.575878105755618
225.09350109100342,1.2383481673769445,1,6.570128426010988
225.16929626464844,1.2256119554840872,1,6.577315525691773
225.24808502197266,1.2307064402412315,1,6.574440685819458
225.32587790489197,1.2281591978626558,1,6.575878105755618
225.40232062339783,1.2307064402412315,1,6.574440685819458
225.48071765899658,1.2256119554840872,1,6.577315525691773
225.55851292610168,1.2205174707269428,1,6.580190365564088
225.63565468788147,1.2230647131055115,1,6.578752945627933
225.71373176574707,1.2332536826198002,1,6.573003265883303
225.79200673103333,1.2307064402412315,1,6.574440685819458
225.87105584144592,1.2408954097555132,1,6.568691006074832
225.94887733459473,1.2332536826198002,1,6.573003265883303
226.02711462974548,1.2459898945126575,1,6.5658161662025165
226.10374784469604,1.2256119554840872,1,6.577315525691773
226.18016529083252,1.2256119554840872,1,6.577315525691773
226.28684544563293,1.217970228348367,1,6.581627785500248
226.36401891708374,1.2332536826198002,1,6.573003265883303
226.44214153289795,1.2281591978626558,1,6.575878105755618
226.5200695991516,1.2281591978626558,1,6.575878105755618
226.59595608711243,1.2256119554840872,1,6.577315525691773
226.67263984680176,1.2256119554840872,1,6.577315525691773
226.751886844635,1.2281591978626558,1,6.575878105755618
226.8282024860382,1.2383481673769445,1,6.570128426010988
226.9071559906006,1.2256119554840872,1,6.577315525691773
226.98493647575378,1.2383481673769445,1,6.570128426010988
227.07824659347534,1.2281591978626558,1,6.575878105755618
227.15722227096558,1.2281591978626558,1,6.575878105755618
227.2202706336975,1.217970228348367,1,6.581627785500248
227.2961299419403,1.2256119554840872,1,6.577315525691773
227.37261724472046,1.2230647131055115,1,6.578752945627933
227.45186233520508,1.2281591978626558,1,6.575878105755618
227.52976155281067,1.2307064402412315,1,6.574440685819458
227.60843062400818,1.2281591978626558,1,6.575878105755618
227.68727135658264,1.2281591978626558,1,6.575878105755618
227.76393127441406,1.2408954097555132,1,6.568691006074832
227.85790967941284,1.2408954097555132,1,6.568691006074832
227.93382453918457,1.2383481673769445,1,6.570128426010988
228.0108871459961,1.2332536826198002,1,6.573003265883303
228.08874988555908,1.2230647131055115,1,6.578752945627933
228.17992973327637,1.2307064402412315,1,6.574440685819458
228.2736792564392,1.2332536826198002,1,6.573003265883303
228.35146975517273,1.2383481673769445,1,6.570128426010988
228.42926144599915,1.2408954097555132,1,6.568691006074832
228.50828981399536,1.2307064402412315,1,6.574440685819458
228.5866732597351,1.2307064402412315,1,6.574440685819458
228.66346836090088,1.2408954097555132,1,6.568691006074832
228.74226665496826,1.2536316216483776,1,6.561503906394043
228.82156324386597,1.2383481673769445,1,6.570128426010988
228.89736127853394,1.2459898945126575,1,6.5658161662025165
228.97566509246826,1.2561788640269462,1,6.560066486457886
229.05397009849548,1.2408954097555132,1,6.568691006074832
229.1322672367096,1.2307064402412315,1,6.574440685819458
229.2100601196289,1.2459898945126575,1,6.5658161662025165
229.28884935379028,1.2408954097555132,1,6.568691006074832
229.38259935379028,1.2358009249983688,1,6.571565845947147
229.4763479232788,1.2281591978626558,1,6.575878105755618
229.60001730918884,1.2307064402412315,1,6.574440685819458
229.67980790138245,1.2434426521340889,1,6.567253586138673
229.75837802886963,1.2408954097555132,1,6.568691006074832
229.83582830429077,1.2358009249983688,1,6.571565845947147
229.91392135620117,1.2408954097555132,1,6.568691006074832
229.97795414924622,1.2434426521340889,1,6.567253586138673
230.07070636749268,1.2256119554840872,1,6.577315525691773
230.16445636749268,1.2434426521340889,1,6.567253586138673
230.24424266815186,1.2383481673769445,1,6.570128426010988
230.33499956130981,1.2307064402412315,1,6.574440685819458
230.41308546066284,1.2510843792698019,1,6.562941326330201
230.49187397956848,1.2332536826198002,1,6.573003265883303
230.5676715373993,1.2383481673769445,1,6.570128426010988
230.64527654647827,1.2434426521340889,1,6.567253586138673
230.72107434272766,1.2383481673769445,1,6.570128426010988
230.79587364196777,1.2536316216483776,1,6.561503906394043
230.87419271469116,1.2408954097555132,1,6.568691006074832
230.9654200077057,1.2459898945126575,1,6.5658161662025165
231.05617713928223,1.2383481673769445,1,6.570128426010988
231.13387942314148,1.2408954097555132,1,6.568691006074832
231.2415919303894,1.2459898945126575,1,6.5658161662025165
231.32137751579285,1.2383481673769445,1,6.570128426010988
231.399169921875,1.2383481673769445,1,6.570128426010988
231.49292016029358,1.2510843792698019,1,6.562941326330201
231.5852792263031,1.2358009249983688,1,6.571565845947147
231.69447827339172,1.2510843792698019,1,6.562941326330201
231.77127242088318,1.2383481673769445,1,6.570128426010988
231.8501262664795,1.2383481673769445,1,6.570128426010988
231.92689180374146,1.2485371368912332,1,6.564378746266358
232.00642108917236,1.2408954097555132,1,6.568691006074832
232.08420157432556,1.2510843792698019,1,6.562941326330201
232.16296672821045,1.2536316216483776,1,6.561503906394043
232.23979830741882,1.2459898945126575,1,6.5658161662025165
232.31958508491516,1.2408954097555132,1,6.568691006074832
232.3980836868286,1.2510843792698019,1,6.562941326330201
232.47687339782715,1.2536316216483776,1,6.561503906394043
232.55517148971558,1.2434426521340889,1,6.567253586138673
232.63409566879272,1.2561788640269462,1,6.560066486457886
232.71083879470825,1.2485371368912332,1,6.564378746266358
232.80358982086182,1.2408954097555132,1,6.568691006074832
232.9104347229004,1.2536316216483776,1,6.561503906394043
232.98898601531982,1.2485371368912332,1,6.564378746266358
233.06879019737244,1.2383481673769445,1,6.570128426010988
233.14558506011963,1.2561788640269462,1,6.560066486457886
233.2224714756012,1.2434426521340889,1,6.567253586138673
233.30146670341492,1.2358009249983688,1,6.571565845947147
233.37824201583862,1.2459898945126575,1,6.5658161662025165
233.45558309555054,1.2561788640269462,1,6.560066486457886
233.53318095207214,1.2459898945126575,1,6.5658161662025165
233.60977935791016,1.2510843792698019,1,6.562941326330201
233.6868553161621,1.2408954097555132,1,6.568691006074832
233.76499319076538,1.2459898945126575,1,6.5658161662025165
233.8427858352661,1.2612733487840906,1,6.557191646585571
233.9225718975067,1.2485371368912332,1,6.564378746266358
234.00136280059814,1.2408954097555132,1,6.568691006074832
234.0781729221344,1.2612733487840906,1,6.557191646585571
234.15598440170288,1.2689150759198036,1,6.552879386777101
234.23381876945496,1.2510843792698019,1,6.562941326330201
234.3109118938446,1.2561788640269462,1,6.560066486457886
234.38844871520996,1.2459898945126575,1,6.5658161662025165
234.48225259780884,1.2561788640269462,1,6.560066486457886
234.55931210517883,1.2536316216483776,1,6.561503906394043
234.6386001110077,1.2459898945126575,1,6.5658161662025165
234.71713590621948,1.2536316216483776,1,6.561503906394043
234.7943902015686,1.2205174707269428,1,6.580190365564088
234.8735408782959,1.2510843792698019,1,6.562941326330201
234.95245099067688,1.2510843792698019,1,6.562941326330201
235.02957677841187,1.2383481673769445,1,6.570128426010988
235.10633897781372,1.2485371368912332,1,6.564378746266358
235.18418049812317,1.2408954097555132,1,6.568691006074832
235.26066088676453,1.2383481673769445,1,6.570128426010988
235.35542225837708,1.2561788640269462,1,6.560066486457886
235.43240356445312,1.2383481673769445,1,6.570128426010988
235.51050782203674,1.2510843792698019,1,6.562941326330201
235.58900952339172,1.2536316216483776,1,6.561503906394043
235.6660122871399,1.2561788640269462,1,6.560066486457886
235.74480438232422,1.2536316216483776,1,6.561503906394043
235.82466316223145,1.258726106405522,1,6.5586290665217275
235.90003561973572,1.2536316216483776,1,6.561503906394043
235.97792434692383,1.2510843792698019,1,6.562941326330201
236.06982231140137,1.2408954097555132,1,6.568691006074832
236.147362947464,1.2510843792698019,1,6.562941326330201
236.2270257472992,1.258726106405522,1,6.5586290665217275
236.30565404891968,1.258726106405522,1,6.5586290665217275
236.38302636146545,1.2485371368912332,1,6.564378746266358
236.46056461334229,1.258726106405522,1,6.5586290665217275
236.5382206439972,1.2612733487840906,1,6.557191646585571
236.6151418685913,1.2510843792698019,1,6.562941326330201
236.69363713264465,1.2561788640269462,1,6.560066486457886
236.77305603027344,1.2408954097555132,1,6.568691006074832
236.850811958313,1.2485371368912332,1,6.564378746266358
236.9136290550232,1.2485371368912332,1,6.564378746266358
236.9774992465973,1.2536316216483776,1,6.561503906394043
237.0408697128296,1.2510843792698019,1,6.562941326330201
237.11719369888306,1.2510843792698019,1,6.562941326330201
237.19565176963806,1.2561788640269462,1,6.560066486457886
237.27311396598816,1.2612733487840906,1,6.557191646585571
237.3511791229248,1.2561788640269462,1,6.560066486457886
237.4276020526886,1.258726106405522,1,6.5586290665217275
237.5058569908142,1.2612733487840906,1,6.557191646585571
237.5820653438568,1.2485371368912332,1,6.564378746266358
237.67583203315735,1.2612733487840906,1,6.557191646585571
237.75306868553162,1.2383481673769445,1,6.570128426010988
237.82945346832275,1.2612733487840906,1,6.557191646585571
237.90753483772278,1.2510843792698019,1,6.562941326330201
237.97037959098816,1.2536316216483776,1,6.561503906394043
238.04841828346252,1.2459898945126575,1,6.5658161662025165
238.11000752449036,1.266367833541235,1,6.554316806713256
238.18838357925415,1.2612733487840906,1,6.557191646585571
238.26571774482727,1.2459898945126575,1,6.5658161662025165
238.34425616264343,1.258726106405522,1,6.5586290665217275
238.4231207370758,1.2612733487840906,1,6.557191646585571
238.50043940544128,1.2408954097555132,1,6.568691006074832
238.57826280593872,1.266367833541235,1,6.554316806713256
238.65612483024597,1.258726106405522,1,6.5586290665217275
238.73331594467163,1.2561788640269462,1,6.560066486457886
238.8109540939331,1.2485371368912332,1,6.564378746266358
238.8900761604309,1.2714623182983793,1,6.551441966840941
238.96583580970764,1.2561788640269462,1,6.560066486457886
239.0440719127655,1.266367833541235,1,6.554316806713256
239.12279558181763,1.2638205911626592,1,6.555754226649416
239.21447038650513,1.2536316216483776,1,6.561503906394043
239.27840733528137,1.266367833541235,1,6.554316806713256
239.35632801055908,1.266367833541235,1,6.554316806713256
239.4332389831543,1.2561788640269462,1,6.560066486457886
239.5111584663391,1.2510843792698019,1,6.562941326330201
239.58978915214539,1.266367833541235,1,6.554316806713256
239.66756081581116,1.266367833541235,1,6.554316806713256
239.746586561203,1.2612733487840906,1,6.557191646585571
239.82460117340088,1.266367833541235,1,6.554316806713256
239.9015829563141,1.2714623182983793,1,6.551441966840941
239.9805567264557,1.2612733487840906,1,6.557191646585571
240.05658531188965,1.266367833541235,1,6.554316806713256
240.13309741020203,1.2536316216483776,1,6.561503906394043
240.21105766296387,1.2536316216483776,1,6.561503906394043
240.28915429115295,1.2536316216483776,1,6.561503906394043
240.36521983146667,1.258726106405522,1,6.5586290665217275
240.4441864490509,1.2536316216483776,1,6.561503906394043
240.5216920375824,1.2638205911626592,1,6.555754226649416
240.5982370376587,1.2638205911626592,1,6.555754226649416
240.67606115341187,1.2714623182983793,1,6.551441966840941
240.77027940750122,1.2536316216483776,1,6.561503906394043
240.84661555290222,1.2561788640269462,1,6.560066486457886
240.92294192314148,1.274009560676948,1,6.550004546904786
240.98557448387146,1.2612733487840906,1,6.557191646585571
241.0633373260498,1.2612733487840906,1,6.557191646585571
241.14069843292236,1.266367833541235,1,6.554316806713256
241.2178180217743,1.2638205911626592,1,6.555754226649416
241.28026413917542,1.2714623182983793,1,6.551441966840941
241.35701966285706,1.2612733487840906,1,6.557191646585571
241.4361057281494,1.2561788640269462,1,6.560066486457886
241.5140688419342,1.266367833541235,1,6.554316806713256
241.59065055847168,1.2612733487840906,1,6.557191646585571
241.66875624656677,1.2612733487840906,1,6.557191646585571
241.74676203727722,1.2536316216483776,1,6.561503906394043
241.8248426914215,1.258726106405522,1,6.5586290665217275
241.90201926231384,1.258726106405522,1,6.5586290665217275
241.99576783180237,1.2612733487840906,1,6.557191646585571
242.07308387756348,1.2612733487840906,1,6.557191646585571
242.15074181556702,1.2765568030555237,1,6.548567126968626
242.2266068458557,1.2714623182983793,1,6.551441966840941
242.31845211982727,1.2561788640269462,1,6.560066486457886
242.3954565525055,1.2638205911626592,1,6.555754226649416
242.47191166877747,1.2714623182983793,1,6.551441966840941
242.55021166801453,1.266367833541235,1,6.554316806713256
242.62906122207642,1.274009560676948,1,6.550004546904786
242.7058744430542,1.274009560676948,1,6.550004546904786
242.78180646896362,1.2638205911626592,1,6.555754226649416
242.85919451713562,1.266367833541235,1,6.554316806713256
242.9230978488922,1.2638205911626592,1,6.555754226649416
243.00058245658875,1.274009560676948,1,6.550004546904786
243.0816457271576,1.2689150759198036,1,6.552879386777101
243.15757203102112,1.2714623182983793,1,6.551441966840941
243.23432302474976,1.266367833541235,1,6.554316806713256
243.31097292900085,1.258726106405522,1,6.5586290665217275
243.3886981010437,1.281651287812668,1,6.545692287096311
243.46519374847412,1.2510843792698019,1,6.562941326330201
243.54291939735413,1.2714623182983793,1,6.551441966840941
243.6216278076172,1.266367833541235,1,6.554316806713256
243.69806051254272,1.2638205911626592,1,6.555754226649416
243.7620975971222,1.2510843792698019,1,6.562941326330201
243.85569763183594,1.2638205911626592,1,6.555754226649416
243.93196439743042,1.266367833541235,1,6.554316806713256
244.00806879997253,1.2638205911626592,1,6.555754226649416
244.08602714538574,1.2791040454340923,1,6.547129707032471
244.16386079788208,1.2612733487840906,1,6.557191646585571
244.24184155464172,1.2765568030555237,1,6.548567126968626
244.31929636001587,1.2714623182983793,1,6.551441966840941
244.39599990844727,1.2714623182983793,1,6.551441966840941
244.47482442855835,1.2638205911626592,1,6.555754226649416
244.5530035495758,1.2841985301912366,1,6.544254867160156
244.63058924674988,1.266367833541235,1,6.554316806713256
244.7086443901062,1.266367833541235,1,6.554316806713256
244.7868423461914,1.2841985301912366,1,6.544254867160156
244.8637671470642,1.2638205911626592,1,6.555754226649416
244.9408528804779,1.274009560676948,1,6.550004546904786
245.01853036880493,1.2765568030555237,1,6.548567126968626
245.09568214416504,1.266367833541235,1,6.554316806713256
245.1733934879303,1.281651287812668,1,6.545692287096311
245.2496371269226,1.2791040454340923,1,6.547129707032471
245.3277485370636,1.2765568030555237,1,6.548567126968626
245.4374122619629,1.266367833541235,1,6.554316806713256
245.5153455734253,1.2714623182983793,1,6.551441966840941
245.592759847641,1.274009560676948,1,6.550004546904786
245.66973042488098,1.281651287812668,1,6.545692287096311
245.74653506278992,1.2791040454340923,1,6.547129707032471
245.8242268562317,1.274009560676948,1,6.550004546904786
245.90181803703308,1.2714623182983793,1,6.551441966840941
245.9800443649292,1.2638205911626592,1,6.555754226649416
246.0573284626007,1.2841985301912366,1,6.544254867160156
246.12067890167236,1.281651287812668,1,6.545692287096311
246.1990520954132,1.2561788640269462,1,6.560066486457886
246.2740397453308,1.2714623182983793,1,6.551441966840941
246.34998679161072,1.266367833541235,1,6.554316806713256
246.42761754989624,1.2714623182983793,1,6.551441966840941
246.50447630882263,1.289293014948381,1,6.541380027287841
246.58347177505493,1.2765568030555237,1,6.548567126968626
246.6606523990631,1.2689150759198036,1,6.552879386777101
246.73882007598877,1.2765568030555237,1,6.548567126968626
246.81591749191284,1.2791040454340923,1,6.547129707032471
246.89207005500793,1.2638205911626592,1,6.555754226649416
246.98276042938232,1.274009560676948,1,6.550004546904786
247.06067180633545,1.2714623182983793,1,6.551441966840941
247.12451100349426,1.2867457725698124,1,6.542817447223996
247.20257210731506,1.2841985301912366,1,6.544254867160156
247.28159737586975,1.266367833541235,1,6.554316806713256
247.3595359325409,1.2714623182983793,1,6.551441966840941
247.42268705368042,1.2867457725698124,1,6.542817447223996
247.499605178833,1.2841985301912366,1,6.544254867160156
247.57732462882996,1.2714623182983793,1,6.551441966840941
247.65608525276184,1.274009560676948,1,6.550004546904786
247.73477435112,1.2765568030555237,1,6.548567126968626
247.8130648136139,1.2714623182983793,1,6.551441966840941
247.88920974731445,1.2791040454340923,1,6.547129707032471
247.96845936775208,1.289293014948381,1,6.541380027287841
248.0453495979309,1.266367833541235,1,6.554316806713256
248.12221693992615,1.2791040454340923,1,6.547129707032471
248.2010383605957,1.266367833541235,1,6.554316806713256
248.278089761734,1.2791040454340923,1,6.547129707032471
248.35571932792664,1.2841985301912366,1,6.544254867160156
248.43378138542175,1.281651287812668,1,6.545692287096311
248.52906680107117,1.281651287812668,1,6.545692287096311
248.60459303855896,1.2943874997055254,1,6.5385051874155256
248.68187642097473,1.2841985301912366,1,6.544254867160156
248.76061820983887,1.2841985301912366,1,6.544254867160156
248.83843779563904,1.2791040454340923,1,6.547129707032471
248.91515803337097,1.289293014948381,1,6.541380027287841
248.99220204353333,1.2765568030555237,1,6.548567126968626
249.0686013698578,1.281651287812668,1,6.545692287096311
249.1466510295868,1.281651287812668,1,6.545692287096311
249.22475957870483,1.281651287812668,1,6.545692287096311
249.30276823043823,1.2765568030555237,1,6.548567126968626
249.38169479370117,1.281651287812668,1,6.545692287096311
249.46067094802856,1.2943874997055254,1,6.5385051874155256
249.53854274749756,1.2867457725698124,1,6.542817447223996
249.61595559120178,1.2841985301912366,1,6.544254867160156
249.69580817222595,1.2841985301912366,1,6.544254867160156
249.77357125282288,1.289293014948381,1,6.541380027287841
249.85335779190063,1.281651287812668,1,6.545692287096311
249.9301519393921,1.281651287812668,1,6.545692287096311
250.0069456100464,1.2918402573269496,1,6.539942607351685
250.1026804447174,1.2867457725698124,1,6.542817447223996
250.17870926856995,1.2765568030555237,1,6.548567126968626
250.25540280342102,1.281651287812668,1,6.545692287096311
250.3326325416565,1.2994819844626697,1,6.5356303475432105
250.41001319885254,1.2841985301912366,1,6.544254867160156
250.48593306541443,1.296934742084094,1,6.53706776747937
250.56361985206604,1.281651287812668,1,6.545692287096311
250.6408703327179,1.2791040454340923,1,6.547129707032471
250.71793627738953,1.3020292268412383,1,6.534192927607055
250.79609990119934,1.289293014948381,1,6.541380027287841
250.8595106601715,1.2867457725698124,1,6.542817447223996
250.93673515319824,1.3020292268412383,1,6.534192927607055
251.01510047912598,1.2841985301912366,1,6.544254867160156
251.1004536151886,1.2791040454340923,1,6.547129707032471
251.1721019744873,1.2994819844626697,1,6.5356303475432105
251.24992752075195,1.2918402573269496,1,6.539942607351685
251.32903718948364,1.2765568030555237,1,6.548567126968626
251.4057912826538,1.2943874997055254,1,6.5385051874155256
251.48324704170227,1.2867457725698124,1,6.542817447223996
251.56080389022827,1.3020292268412383,1,6.534192927607055
251.65373849868774,1.3020292268412383,1,6.534192927607055
251.73362469673157,1.3020292268412383,1,6.534192927607055
251.81154537200928,1.2918402573269496,1,6.539942607351685
251.88834953308105,1.3071237115983827,1,6.53131808773474
251.9662685394287,1.2918402573269496,1,6.539942607351685
252.0443572998047,1.2867457725698124,1,6.542817447223996
252.12146472930908,1.3071237115983827,1,6.53131808773474
252.20239520072937,1.2943874997055254,1,6.5385051874155256
252.29514694213867,1.3020292268412383,1,6.534192927607055
252.37236952781677,1.296934742084094,1,6.53706776747937
252.45057702064514,1.304576469219814,1,6.532755507670895
252.5277132987976,1.2994819844626697,1,6.5356303475432105
252.60329937934875,1.3173126811126714,1,6.52556840799011
252.68208599090576,1.2994819844626697,1,6.5356303475432105
252.76061248779297,1.3020292268412383,1,6.534192927607055
252.83763694763184,1.3071237115983827,1,6.53131808773474
252.91742396354675,1.2943874997055254,1,6.5385051874155256
252.9952154159546,1.2918402573269496,1,6.539942607351685
253.07200360298157,1.312218196355527,1,6.528443247862425
253.14928913116455,1.31985992349124,1,6.524130988053955
253.25899052619934,1.2943874997055254,1,6.5385051874155256
253.33529949188232,1.296934742084094,1,6.53706776747937
253.41308689117432,1.2943874997055254,1,6.5385051874155256
253.4909164905548,1.2943874997055254,1,6.5385051874155256
253.56836771965027,1.2943874997055254,1,6.5385051874155256
253.64580512046814,1.2867457725698124,1,6.542817447223996
253.7223391532898,1.296934742084094,1,6.53706776747937
253.80013155937195,1.304576469219814,1,6.532755507670895
253.87948060035706,1.2918402573269496,1,6.539942607351685
253.95529580116272,1.3096709539769584,1,6.52988066779858
254.03262901306152,1.304576469219814,1,6.532755507670895
254.11101770401,1.3020292268412383,1,6.534192927607055
254.18712973594666,1.304576469219814,1,6.532755507670895
254.26363229751587,1.3020292268412383,1,6.534192927607055
254.34303045272827,1.3020292268412383,1,6.534192927607055
254.42003440856934,1.2994819844626697,1,6.5356303475432105
254.4968237876892,1.3147654387341028,1,6.527005827926265
254.57661151885986,1.2943874997055254,1,6.5385051874155256
254.65506720542908,1.296934742084094,1,6.53706776747937
254.73201417922974,1.312218196355527,1,6.528443247862425
254.84113359451294,1.3020292268412383,1,6.534192927607055
254.9170219898224,1.2918402573269496,1,6.539942607351685
254.99597787857056,1.3020292268412383,1,6.534192927607055
255.07402777671814,1.2943874997055254,1,6.5385051874155256
255.1493022441864,1.3071237115983827,1,6.53131808773474
255.22705101966858,1.289293014948381,1,6.541380027287841
255.3062732219696,1.2994819844626697,1,6.5356303475432105
255.38265252113342,1.3096709539769584,1,6.52988066779858
255.46094417572021,1.2943874997055254,1,6.5385051874155256
255.53976726531982,1.304576469219814,1,6.532755507670895
255.61664247512817,1.31985992349124,1,6.524130988053955
255.69443035125732,1.3020292268412383,1,6.534192927607055
255.7880232334137,1.3020292268412383,1,6.534192927607055
255.86406874656677,1.2994819844626697,1,6.5356303475432105
255.9417588710785,1.2918402573269496,1,6.539942607351685
256.01900148391724,1.3071237115983827,1,6.53131808773474
256.0951392650604,1.2994819844626697,1,6.5356303475432105
256.1729247570038,1.3020292268412383,1,6.534192927607055
256.251873254776,1.3020292268412383,1,6.534192927607055
256.32757234573364,1.296934742084094,1,6.53706776747937
256.42237091064453,1.3096709539769584,1,6.52988066779858
256.49970173835754,1.3173126811126714,1,6.52556840799011
256.5768060684204,1.3071237115983827,1,6.53131808773474
256.654639005661,1.312218196355527,1,6.528443247862425
256.7340979576111,1.304576469219814,1,6.532755507670895
256.81188917160034,1.3147654387341028,1,6.527005827926265
256.8902750015259,1.312218196355527,1,6.528443247862425
256.96856331825256,1.312218196355527,1,6.528443247862425
257.046355009079,1.3147654387341028,1,6.527005827926265
257.1236321926117,1.3071237115983827,1,6.53131808773474
257.2026047706604,1.31985992349124,1,6.524130988053955
257.28038930892944,1.3096709539769584,1,6.52988066779858
257.3596258163452,1.3096709539769584,1,6.52988066779858
257.4524099826813,1.312218196355527,1,6.528443247862425
257.52917194366455,1.3096709539769584,1,6.52988066779858
257.6069669723511,1.3071237115983827,1,6.53131808773474
257.68484592437744,1.304576469219814,1,6.532755507670895
257.76311349868774,1.3173126811126714,1,6.52556840799011
257.8406903743744,1.3020292268412383,1,6.534192927607055
257.9163920879364,1.3224071658698158,1,6.522693568117795
258.0410566329956,1.3071237115983827,1,6.53131808773474
258.12084317207336,1.3173126811126714,1,6.52556840799011
258.1966404914856,1.312218196355527,1,6.528443247862425
258.30634689331055,1.3147654387341028,1,6.527005827926265
258.38413858413696,1.2994819844626697,1,6.5356303475432105
258.4778883457184,1.3071237115983827,1,6.53131808773474
258.5556831359863,1.3096709539769584,1,6.52988066779858
258.63247537612915,1.3096709539769584,1,6.52988066779858
258.7260015010834,1.3020292268412383,1,6.534192927607055
258.8045709133148,1.304576469219814,1,6.532755507670895
258.8802058696747,1.312218196355527,1,6.528443247862425
258.9591603279114,1.296934742084094,1,6.53706776747937
259.037810087204,1.3173126811126714,1,6.52556840799011
259.11264872550964,1.3147654387341028,1,6.527005827926265
259.1907036304474,1.3020292268412383,1,6.534192927607055
259.2695617675781,1.31985992349124,1,6.524130988053955
259.36016058921814,1.3071237115983827,1,6.53131808773474
259.43727469444275,1.3020292268412383,1,6.534192927607055
259.5141382217407,1.304576469219814,1,6.532755507670895
259.58934235572815,1.2994819844626697,1,6.5356303475432105
259.69974064826965,1.3173126811126714,1,6.52556840799011
259.7766752243042,1.312218196355527,1,6.528443247862425
259.85364627838135,1.3096709539769584,1,6.52988066779858
259.9327073097229,1.3071237115983827,1,6.53131808773474
260.00920486450195,1.3071237115983827,1,6.53131808773474
260.08558917045593,1.3224071658698158,1,6.522693568117795
260.16312551498413,1.31985992349124,1,6.524130988053955
260.24140453338623,1.312218196355527,1,6.528443247862425
260.3171546459198,1.31985992349124,1,6.524130988053955
260.3945622444153,1.3020292268412383,1,6.534192927607055
260.4717993736267,1.304576469219814,1,6.532755507670895
260.548930644989,1.3224071658698158,1,6.522693568117795
260.6265833377838,1.3096709539769584,1,6.52988066779858
260.70575404167175,1.3071237115983827,1,6.53131808773474
260.78285932540894,1.3096709539769584,1,6.52988066779858
260.85958528518677,1.296934742084094,1,6.53706776747937
260.93809938430786,1.3071237115983827,1,6.53131808773474
261.01417803764343,1.3147654387341028,1,6.527005827926265
261.0928604602814,1.3020292268412383,1,6.534192927607055
261.17115902900696,1.3071237115983827,1,6.53131808773474
261.2798388004303,1.3147654387341028,1,6.527005827926265
261.3735978603363,1.3147654387341028,1,6.527005827926265
261.4813003540039,1.3224071658698158,1,6.522693568117795
261.5611062049866,1.3096709539769584,1,6.52988066779858
261.6408751010895,1.304576469219814,1,6.532755507670895
261.71767258644104,1.304576469219814,1,6.532755507670895
261.7969722747803,1.3173126811126714,1,6.52556840799011
261.8733115196228,1.312218196355527,1,6.528443247862425
261.9501061439514,1.3275016506269601,1,6.51981872824548
262.02878999710083,1.3351433777626731,1,6.515506468437009
262.106614112854,1.3249544082483844,1,6.52125614818164
262.1973388195038,1.31985992349124,1,6.524130988053955
262.27513122558594,1.3020292268412383,1,6.534192927607055
262.38284277915955,1.3224071658698158,1,6.522693568117795
262.4605641365051,1.3351433777626731,1,6.515506468437009
262.5704481601715,1.31985992349124,1,6.524130988053955
262.6612055301666,1.3224071658698158,1,6.522693568117795
262.7399926185608,1.3249544082483844,1,6.52125614818164
262.8157923221588,1.3249544082483844,1,6.52125614818164
262.89298915863037,1.3173126811126714,1,6.52556840799011
263.00082778930664,1.3249544082483844,1,6.52125614818164
263.0776278972626,1.3376906201412488,1,6.51406904850085
263.157413482666,1.3173126811126714,1,6.52556840799011
263.2342095375061,1.3173126811126714,1,6.52556840799011
263.3111698627472,1.312218196355527,1,6.528443247862425
263.38980412483215,1.31985992349124,1,6.524130988053955
263.4690170288086,1.312218196355527,1,6.528443247862425
263.54581594467163,1.3147654387341028,1,6.527005827926265
263.62366938591003,1.3173126811126714,1,6.52556840799011
263.7034041881561,1.3147654387341028,1,6.527005827926265
263.77954959869385,1.3275016506269601,1,6.51981872824548
263.85759973526,1.3275016506269601,1,6.51981872824548
263.9360523223877,1.31985992349124,1,6.524130988053955
264.0129415988922,1.3173126811126714,1,6.52556840799011
264.090056180954,1.3249544082483844,1,6.52125614818164
264.1673583984375,1.3173126811126714,1,6.52556840799011
264.2446753978729,1.3173126811126714,1,6.52556840799011
264.32446002960205,1.304576469219814,1,6.532755507670895
264.40025901794434,1.3300488930055288,1,6.5183813083093245
264.4930245876312,1.3275016506269601,1,6.51981872824548
264.6187012195587,1.3275016506269601,1,6.51981872824548
264.6965398788452,1.3275016506269601,1,6.51981872824548
264.77439618110657,1.3224071658698158,1,6.522693568117795
264.85418343544006,1.3224071658698158,1,6.522693568117795
264.9469347000122,1.3300488930055288,1,6.5183813083093245
265.0406847000122,1.3224071658698158,1,6.522693568117795
265.12047052383423,1.3249544082483844,1,6.52125614818164
265.197546005249,1.31985992349124,1,6.524130988053955
265.2743809223175,1.3224071658698158,1,6.522693568117795
265.35412764549255,1.31985992349124,1,6.524130988053955
265.430921792984,1.3275016506269601,1,6.51981872824548
265.5226776599884,1.3249544082483844,1,6.52125614818164
265.6003580093384,1.3325961353841045,1,6.516943888373165
265.69301891326904,1.31985992349124,1,6.524130988053955
265.77081060409546,1.3249544082483844,1,6.52125614818164
265.84567642211914,1.3300488930055288,1,6.5183813083093245
265.92248010635376,1.3096709539769584,1,6.52988066779858
266.00228095054626,1.3224071658698158,1,6.522693568117795
266.09602999687195,1.3325961353841045,1,6.516943888373165
266.1728239059448,1.31985992349124,1,6.524130988053955
266.28153252601624,1.3351433777626731,1,6.515506468437009
266.3583357334137,1.3249544082483844,1,6.52125614818164
266.43780422210693,1.3224071658698158,1,6.522693568117795
266.5315635204315,1.3249544082483844,1,6.52125614818164
266.6083495616913,1.3325961353841045,1,6.516943888373165
266.68813467025757,1.3224071658698158,1,6.522693568117795
266.76493430137634,1.3249544082483844,1,6.52125614818164
266.8407995700836,1.3300488930055288,1,6.5183813083093245
266.9202597141266,1.3147654387341028,1,6.527005827926265
266.9990487098694,1.3325961353841045,1,6.516943888373165
267.07584381103516,1.3325961353841045,1,6.516943888373165
267.1556303501129,1.3224071658698158,1,6.522693568117795
267.23549032211304,1.3275016506269601,1,6.51981872824548
267.3128981590271,1.3300488930055288,1,6.5183813083093245
267.3908886909485,1.3224071658698158,1,6.522693568117795
267.4695715904236,1.3224071658698158,1,6.522693568117795
267.54688596725464,1.3325961353841045,1,6.516943888373165
267.62470412254333,1.3300488930055288,1,6.5183813083093245
267.71746826171875,1.3249544082483844,1,6.52125614818164
267.7934408187866,1.3249544082483844,1,6.52125614818164
267.90414118766785,1.3325961353841045,1,6.516943888373165
267.9809355735779,1.3300488930055288,1,6.5183813083093245
268.0597252845764,1.3224071658698158,1,6.522693568117795
268.1375172138214,1.3173126811126714,1,6.52556840799011
268.21431136131287,1.3249544082483844,1,6.52125614818164
268.29210329055786,1.3376906201412488,1,6.51406904850085
268.37090158462524,1.3096709539769584,1,6.52988066779858
268.4486846923828,1.3300488930055288,1,6.5183813083093245
268.52647733688354,1.3427851048983932,1,6.511194208628535
268.60427808761597,1.3173126811126714,1,6.52556840799011
268.6809546947479,1.3376906201412488,1,6.51406904850085
268.77541160583496,1.3427851048983932,1,6.511194208628535
268.85467171669006,1.3249544082483844,1,6.52125614818164
268.94801473617554,1.3224071658698158,1,6.522693568117795
269.0278015136719,1.3325961353841045,1,6.516943888373165
269.1045958995819,1.3147654387341028,1,6.527005827926265
269.19635128974915,1.3249544082483844,1,6.52125614818164
269.27314615249634,1.3300488930055288,1,6.5183813083093245
269.35193514823914,1.3325961353841045,1,6.516943888373165
269.4297275543213,1.3427851048983932,1,6.511194208628535
269.5404348373413,1.3427851048983932,1,6.511194208628535
269.63218569755554,1.3351433777626731,1,6.515506468437009
269.724937915802,1.3300488930055288,1,6.5183813083093245
269.80299973487854,1.3173126811126714,1,6.52556840799011
269.8797798156738,1.3351433777626731,1,6.515506468437009
269.95458030700684,1.3300488930055288,1,6.5183813083093245
270.0313754081726,1.3453323472769618,1,6.509756788692379
270.10816979408264,1.3453323472769618,1,6.509756788692379
270.1879560947418,1.3325961353841045,1,6.516943888373165
270.2667775154114,1.3275016506269601,1,6.51981872824548
270.3435730934143,1.3427851048983932,1,6.511194208628535
270.42149686813354,1.3351433777626731,1,6.515506468437009
270.50043773651123,1.3275016506269601,1,6.51981872824548
270.59158635139465,1.3427851048983932,1,6.511194208628535
270.67138624191284,1.3300488930055288,1,6.5183813083093245
270.7641382217407,1.3275016506269601,1,6.51981872824548
270.85589241981506,1.3376906201412488,1,6.51406904850085
270.9316895008087,1.3402378625198175,1,6.512631628564694
271.02481746673584,1.3402378625198175,1,6.512631628564694
271.1047058105469,1.3376906201412488,1,6.51406904850085
271.2146625518799,1.3376906201412488,1,6.51406904850085
271.2904591560364,1.3427851048983932,1,6.511194208628535
271.3697566986084,1.3249544082483844,1,6.52125614818164
271.4490509033203,1.3300488930055288,1,6.5183813083093245
271.5398123264313,1.3504268320341062,1,6.506881948820064
271.6325612068176,1.3376906201412488,1,6.51406904850085
271.72531366348267,1.3427851048983932,1,6.511194208628535
271.8202772140503,1.3427851048983932,1,6.511194208628535
271.9275040626526,1.3478795896555305,1,6.508319368756224
272.02125334739685,1.3325961353841045,1,6.516943888373165
272.11500453948975,1.3300488930055288,1,6.5183813083093245
272.23767495155334,1.3427851048983932,1,6.511194208628535
272.33142471313477,1.3453323472769618,1,6.509756788692379
272.40594267845154,1.3504268320341062,1,6.506881948820064
272.48273372650146,1.3427851048983932,1,6.511194208628535
272.575838804245,1.3427851048983932,1,6.511194208628535
272.6685891151428,1.3325961353841045,1,6.516943888373165
272.76393008232117,1.3427851048983932,1,6.511194208628535
272.8579041957855,1.3376906201412488,1,6.51406904850085
272.9341266155243,1.3376906201412488,1,6.51406904850085
273.0423991680145,1.3504268320341062,1,6.506881948820064
273.12091875076294,1.3427851048983932,1,6.511194208628535
273.19971227645874,1.3351433777626731,1,6.515506468437009
273.2954595088959,1.3351433777626731,1,6.515506468437009
273.38721203804016,1.3351433777626731,1,6.515506468437009
273.4809629917145,1.3300488930055288,1,6.5183813083093245
273.57470965385437,1.3504268320341062,1,6.506881948820064
273.6674611568451,1.3275016506269601,1,6.51981872824548
273.76220870018005,1.3427851048983932,1,6.511194208628535
273.85396456718445,1.3402378625198175,1,6.512631628564694
273.9487097263336,1.3325961353841045,1,6.516943888373165
274.0434558391571,1.3402378625198175,1,6.512631628564694
274.15219712257385,1.3325961353841045,1,6.516943888373165
274.2308487892151,1.3376906201412488,1,6.51406904850085
274.3077826499939,1.3453323472769618,1,6.509756788692379
274.3873829841614,1.3351433777626731,1,6.515506468437009
274.46463441848755,1.3275016506269601,1,6.51981872824548
274.5407145023346,1.3555213167912505,1,6.504007108947749
274.6184537410736,1.3325961353841045,1,6.516943888373165
274.698525428772,1.3402378625198175,1,6.512631628564694
274.80572867393494,1.3504268320341062,1,6.506881948820064
274.8855528831482,1.3478795896555305,1,6.508319368756224
274.9794273376465,1.3275016506269601,1,6.51981872824548
275.07135558128357,1.3427851048983932,1,6.511194208628535
275.16365003585815,1.3351433777626731,1,6.515506468437009
275.25698161125183,1.3325961353841045,1,6.516943888373165
275.34923934936523,1.3453323472769618,1,6.509756788692379
275.42817306518555,1.3376906201412488,1,6.51406904850085
275.5043623447418,1.3555213167912505,1,6.504007108947749
275.5971155166626,1.3351433777626731,1,6.515506468437009
275.68986678123474,1.3427851048983932,1,6.511194208628535
275.78261852264404,1.3453323472769618,1,6.509756788692379
275.87599897384644,1.3402378625198175,1,6.512631628564694
275.95265436172485,1.3402378625198175,1,6.512631628564694
276.03144431114197,1.3427851048983932,1,6.511194208628535
276.11029863357544,1.3325961353841045,1,6.516943888373165
276.1871020793915,1.3529740744126748,1,6.505444528883908
276.265070438385,1.3504268320341062,1,6.506881948820064
276.3438549041748,1.3427851048983932,1,6.511194208628535
276.420649766922,1.3504268320341062,1,6.506881948820064
276.5313894748688,1.3453323472769618,1,6.509756788692379
276.6091477870941,1.3555213167912505,1,6.504007108947749
276.70203280448914,1.3427851048983932,1,6.511194208628535
276.79478454589844,1.3504268320341062,1,6.506881948820064
276.8855650424957,1.3402378625198175,1,6.512631628564694
276.98086762428284,1.3504268320341062,1,6.506881948820064
277.0756206512451,1.3555213167912505,1,6.504007108947749
277.1524147987366,1.3504268320341062,1,6.506881948820064
277.24539709091187,1.3376906201412488,1,6.51406904850085
277.3227298259735,1.3402378625198175,1,6.512631628564694
277.4015202522278,1.3529740744126748,1,6.505444528883908
277.4957768917084,1.3402378625198175,1,6.512631628564694
277.58865213394165,1.360615801548395,1,6.501132269075434
277.68056654930115,1.3478795896555305,1,6.508319368756224
277.76035261154175,1.3478795896555305,1,6.508319368756224
277.8520176410675,1.3427851048983932,1,6.511194208628535
277.93080592155457,1.3453323472769618,1,6.509756788692379
278.0083820819855,1.3580685591698192,1,6.502569689011594
278.0849163532257,1.3376906201412488,1,6.51406904850085
278.1623203754425,1.3529740744126748,1,6.505444528883908
278.2690441608429,1.3427851048983932,1,6.511194208628535
278.3458800315857,1.3453323472769618,1,6.509756788692379
278.43763494491577,1.3453323472769618,1,6.509756788692379
278.5613055229187,1.3529740744126748,1,6.505444528883908
278.66902017593384,1.3478795896555305,1,6.508319368756224
278.7619926929474,1.3402378625198175,1,6.512631628564694
278.85673332214355,1.3631630439269635,1,6.499694849139278
278.94896721839905,1.3555213167912505,1,6.504007108947749
279.04067754745483,1.3580685591698192,1,6.502569689011594
279.13342928886414,1.3504268320341062,1,6.506881948820064
279.2249164581299,1.3580685591698192,1,6.502569689011594
279.3027093410492,1.3580685591698192,1,6.502569689011594
279.3984055519104,1.3453323472769618,1,6.509756788692379
279.4901592731476,1.3580685591698192,1,6.502569689011594
279.58391070365906,1.3555213167912505,1,6.504007108947749
279.67680191993713,1.360615801548395,1,6.501132269075434
279.76883816719055,1.3453323472769618,1,6.509756788692379
279.8477430343628,1.3529740744126748,1,6.505444528883908
279.92548513412476,1.3453323472769618,1,6.509756788692379
280.0172395706177,1.3555213167912505,1,6.504007108947749
280.1399121284485,1.3427851048983932,1,6.511194208628535
280.21973752975464,1.3580685591698192,1,6.502569689011594
280.3134865760803,1.3478795896555305,1,6.508319368756224
280.4052412509918,1.360615801548395,1,6.501132269075434
280.4999928474426,1.3504268320341062,1,6.506881948820064
280.5911114215851,1.3529740744126748,1,6.505444528883908
280.68485927581787,1.3504268320341062,1,6.506881948820064
280.76464676856995,1.3555213167912505,1,6.504007108947749
280.8573980331421,1.3631630439269635,1,6.499694849139278
280.95314288139343,1.3580685591698192,1,6.502569689011594
281.0464017391205,1.3555213167912505,1,6.504007108947749
281.1397707462311,1.3529740744126748,1,6.505444528883908
281.2322950363159,1.3402378625198175,1,6.512631628564694
281.30967950820923,1.3657102863055393,1,6.498257429203119
281.388386964798,1.3478795896555305,1,6.508319368756224
281.46717715263367,1.3657102863055393,1,6.498257429203119
281.5440037250519,1.3453323472769618,1,6.509756788692379
281.6228151321411,1.3529740744126748,1,6.505444528883908
281.6992301940918,1.3529740744126748,1,6.505444528883908
281.77699637413025,1.3453323472769618,1,6.509756788692379
281.88672494888306,1.3657102863055393,1,6.498257429203119
281.9645166397095,1.3631630439269635,1,6.499694849139278
282.05726861953735,1.3478795896555305,1,6.508319368756224
282.1520161628723,1.3631630439269635,1,6.499694849139278
282.24576473236084,1.3529740744126748,1,6.505444528883908
282.3410186767578,1.3555213167912505,1,6.504007108947749
282.4340467453003,1.3580685591698192,1,6.502569689011594
282.5281488895416,1.3580685591698192,1,6.502569689011594
282.60601329803467,1.3555213167912505,1,6.504007108947749
282.6841297149658,1.3657102863055393,1,6.498257429203119
282.76101183891296,1.3478795896555305,1,6.508319368756224
282.8388235569,1.3708047710626836,1,6.495382589330804
282.9172387123108,1.3529740744126748,1,6.505444528883908
283.0079982280731,1.360615801548395,1,6.501132269075434
283.0860266685486,1.3580685591698192,1,6.502569689011594
283.16282200813293,1.3580685591698192,1,6.502569689011594
283.2416162490845,1.3682575286841079,1,6.496820009266964
283.3215801715851,1.3580685591698192,1,6.502569689011594
283.41440057754517,1.3682575286841079,1,6.496820009266964
283.4926221370697,1.3580685591698192,1,6.502569689011594
283.58670687675476,1.3758992558198209,1,6.492507749458492
283.6628067493439,1.3555213167912505,1,6.504007108947749
283.7416214942932,1.3758992558198209,1,6.492507749458492
283.8185570240021,1.3580685591698192,1,6.502569689011594
283.89596128463745,1.3529740744126748,1,6.505444528883908
283.9750237464905,1.3580685591698192,1,6.502569689011594
284.05280566215515,1.3733520134412522,1,6.493945169394648
284.1287863254547,1.3580685591698192,1,6.502569689011594
284.20813822746277,1.3529740744126748,1,6.505444528883908
284.28457951545715,1.3657102863055393,1,6.498257429203119
284.3612449169159,1.3453323472769618,1,6.509756788692379
284.4539942741394,1.3784464981983966,1,6.4910703295223335
284.5477454662323,1.3504268320341062,1,6.506881948820064
284.64149355888367,1.3555213167912505,1,6.504007108947749
284.7342457771301,1.3708047710626836,1,6.495382589330804
284.81104040145874,1.3529740744126748,1,6.505444528883908
284.9067838191986,1.3504268320341062,1,6.506881948820064
285.0005383491516,1.360615801548395,1,6.501132269075434
285.09428310394287,1.3580685591698192,1,6.502569689011594
285.17227578163147,1.3708047710626836,1,6.495382589330804
285.26549005508423,1.3758992558198209,1,6.492507749458492
285.34327936172485,1.3478795896555305,1,6.508319368756224
285.43902230262756,1.3657102863055393,1,6.498257429203119
285.5317747592926,1.3682575286841079,1,6.496820009266964
285.62522411346436,1.3478795896555305,1,6.508319368756224
285.71707940101624,1.3580685591698192,1,6.502569689011594
285.7939119338989,1.3657102863055393,1,6.498257429203119
285.8877069950104,1.3555213167912505,1,6.504007108947749
285.9808533191681,1.3580685591698192,1,6.502569689011594
286.0886106491089,1.3529740744126748,1,6.505444528883908
286.18289828300476,1.3580685591698192,1,6.502569689011594
286.27564883232117,1.3529740744126748,1,6.505444528883908
286.3714153766632,1.3631630439269635,1,6.499694849139278
286.4473571777344,1.3555213167912505,1,6.504007108947749
286.5261962413788,1.3529740744126748,1,6.505444528883908
286.6042923927307,1.3682575286841079,1,6.496820009266964
286.68017053604126,1.3580685591698192,1,6.502569689011594
286.7749171257019,1.360615801548395,1,6.501132269075434
286.884624004364,1.3758992558198209,1,6.492507749458492
286.97837376594543,1.3504268320341062,1,6.506881948820064
287.1050355434418,1.3631630439269635,1,6.499694849139278
287.1982936859131,1.3758992558198209,1,6.492507749458492
287.2932548522949,1.3580685591698192,1,6.502569689011594
287.40051102638245,1.3708047710626836,1,6.495382589330804
287.4939515590668,1.3682575286841079,1,6.496820009266964
287.5886981487274,1.3708047710626836,1,6.495382589330804
287.68306517601013,1.3784464981983966,1,6.4910703295223335
287.7773356437683,1.3580685591698192,1,6.502569689011594
287.8551330566406,1.3682575286841079,1,6.496820009266964
287.94838643074036,1.3631630439269635,1,6.499694849139278
288.0424246788025,1.3682575286841079,1,6.496820009266964
288.1185874938965,1.3657102863055393,1,6.498257429203119
288.1970133781433,1.3733520134412522,1,6.493945169394648
288.2762041091919,1.3708047710626836,1,6.495382589330804
288.36995482444763,1.3758992558198209,1,6.492507749458492
288.4639537334442,1.3708047710626836,1,6.495382589330804
288.5390827655792,1.3682575286841079,1,6.496820009266964
288.61691451072693,1.3860882253341096,1,6.486758069713862
288.6947343349457,1.360615801548395,1,6.501132269075434
288.7706518173218,1.3657102863055393,1,6.498257429203119
288.8809199333191,1.3733520134412522,1,6.493945169394648
288.960773229599,1.360615801548395,1,6.501132269075434
289.037565946579,1.3758992558198209,1,6.492507749458492
289.1153607368469,1.3758992558198209,1,6.492507749458492
289.1938922405243,1.3758992558198209,1,6.492507749458492
289.2716841697693,1.3758992558198209,1,6.492507749458492
289.3488564491272,1.3631630439269635,1,6.499694849139278
289.4246726036072,1.3657102863055393,1,6.498257429203119
289.5017604827881,1.3657102863055393,1,6.498257429203119
289.57857513427734,1.3860882253341096,1,6.486758069713862
289.65612864494324,1.3708047710626836,1,6.495382589330804
289.7331383228302,1.3758992558198209,1,6.492507749458492
289.8108367919922,1.3758992558198209,1,6.492507749458492
289.8877182006836,1.3657102863055393,1,6.498257429203119
289.96525287628174,1.3784464981983966,1,6.4910703295223335
290.0450985431671,1.3682575286841079,1,6.496820009266964
290.12388944625854,1.3784464981983966,1,6.4910703295223335
290.2006392478943,1.3784464981983966,1,6.4910703295223335
290.2804214954376,1.3733520134412522,1,6.493945169394648
290.3573853969574,1.3733520134412522,1,6.493945169394648
290.46516013145447,1.3784464981983966,1,6.4910703295223335
290.5430772304535,1.3682575286841079,1,6.496820009266964
290.6196267604828,1.3682575286841079,1,6.496820009266964
290.6964809894562,1.3758992558198209,1,6.492507749458492
290.7760684490204,1.3631630439269635,1,6.499694849139278
290.8542802333832,1.360615801548395,1,6.501132269075434
290.932430267334,1.3758992558198209,1,6.492507749458492
291.00944924354553,1.3682575286841079,1,6.496820009266964
291.0861282348633,1.3733520134412522,1,6.493945169394648
291.1653289794922,1.3886354677126853,1,6.485320649777703
291.2430489063263,1.3631630439269635,1,6.499694849139278
291.3206398487091,1.3809937405769652,1,6.489632909586177
291.3997814655304,1.3733520134412522,1,6.493945169394648
291.510098695755,1.3733520134412522,1,6.493945169394648
291.6014106273651,1.391182710091254,1,6.483883229841547
291.69518756866455,1.383540982955541,1,6.4881954896500185
291.7879104614258,1.3682575286841079,1,6.496820009266964
291.8650691509247,1.3860882253341096,1,6.486758069713862
291.94287753105164,1.3733520134412522,1,6.493945169394648
292.03463196754456,1.3886354677126853,1,6.485320649777703
292.1622910499573,1.383540982955541,1,6.4881954896500185
292.2570381164551,1.3784464981983966,1,6.4910703295223335
292.3512134552002,1.3733520134412522,1,6.493945169394648
292.4454650878906,1.383540982955541,1,6.4881954896500185
292.5392141342163,1.3784464981983966,1,6.4910703295223335
292.6329655647278,1.3886354677126853,1,6.485320649777703
292.7277092933655,1.383540982955541,1,6.4881954896500185
292.821457862854,1.3682575286841079,1,6.496820009266964
292.91617345809937,1.383540982955541,1,6.4881954896500185
293.0074064731598,1.3758992558198209,1,6.492507749458492
293.1031506061554,1.3682575286841079,1,6.496820009266964
293.1968991756439,1.3784464981983966,1,6.4910703295223335
293.2896525859833,1.3860882253341096,1,6.486758069713862
293.3840937614441,1.383540982955541,1,6.4881954896500185
293.47635078430176,1.3809937405769652,1,6.489632909586177
293.56857538223267,1.383540982955541,1,6.4881954896500185
293.6609535217285,1.383540982955541,1,6.4881954896500185
293.75470185279846,1.3733520134412522,1,6.493945169394648
293.8649175167084,1.3784464981983966,1,6.4910703295223335
293.9418566226959,1.3631630439269635,1,6.499694849139278
294.0495729446411,1.3860882253341096,1,6.486758069713862
294.14032530784607,1.3708047710626836,1,6.495382589330804
294.23407435417175,1.383540982955541,1,6.4881954896500185
294.3268277645111,1.3886354677126853,1,6.485320649777703
294.4185814857483,1.383540982955541,1,6.4881954896500185
294.5123312473297,1.3937299524698297,1,6.482445809905388
294.6070773601532,1.3733520134412522,1,6.493945169394648
294.69982981681824,1.383540982955541,1,6.4881954896500185
294.7787072658539,1.3886354677126853,1,6.485320649777703
294.8696069717407,1.3809937405769652,1,6.489632909586177
294.9788203239441,1.3962771948483983,1,6.481008389969232
295.0576102733612,1.3758992558198209,1,6.492507749458492
295.15036177635193,1.391182710091254,1,6.483883229841547
295.24211621284485,1.3784464981983966,1,6.4910703295223335
295.33487129211426,1.3758992558198209,1,6.492507749458492
295.42861771583557,1.3860882253341096,1,6.486758069713862
295.52336406707764,1.3784464981983966,1,6.4910703295223335
295.59916138648987,1.391182710091254,1,6.483883229841547
295.689918756485,1.3809937405769652,1,6.489632909586177
295.78267121315,1.3886354677126853,1,6.485320649777703
295.92229676246643,1.3733520134412522,1,6.493945169394648
296.0000901222229,1.3758992558198209,1,6.492507749458492
296.0918438434601,1.3886354677126853,1,6.485320649777703
296.18459916114807,1.383540982955541,1,6.4881954896500185
296.2783463001251,1.3937299524698297,1,6.482445809905388
296.37112069129944,1.3809937405769652,1,6.489632909586177
296.4658434391022,1.3886354677126853,1,6.485320649777703
296.55860662460327,1.383540982955541,1,6.4881954896500185
296.65194845199585,1.3784464981983966,1,6.4910703295223335
296.7438220977783,1.398824437226974,1,6.479570970033073
296.8395526409149,1.3784464981983966,1,6.4910703295223335
296.93404817581177,1.3784464981983966,1,6.4910703295223335
297.0267541408539,1.3758992558198209,1,6.492507749458492
297.10654067993164,1.3809937405769652,1,6.489632909586177
297.200288772583,1.3860882253341096,1,6.486758069713862
297.2940695285797,1.3962771948483983,1,6.481008389969232
297.3738269805908,1.3886354677126853,1,6.485320649777703
297.4675748348236,1.3937299524698297,1,6.482445809905388
297.5473608970642,1.3962771948483983,1,6.481008389969232
297.64310598373413,1.3860882253341096,1,6.486758069713862
297.7687702178955,1.3809937405769652,1,6.489632909586177
297.8625190258026,1.3937299524698297,1,6.482445809905388
297.95327520370483,1.3937299524698297,1,6.482445809905388
298.04738879203796,1.383540982955541,1,6.4881954896500185
298.1401391029358,1.3860882253341096,1,6.486758069713862
298.23324608802795,1.3937299524698297,1,6.482445809905388
298.31103920936584,1.3860882253341096,1,6.486758069713862
298.40478777885437,1.3733520134412522,1,6.493945169394648
298.4965524673462,1.3886354677126853,1,6.485320649777703
298.59809732437134,1.3886354677126853,1,6.485320649777703
298.6843795776367,1.3733520134412522,1,6.493945169394648
298.7626004219055,1.3886354677126853,1,6.485320649777703
298.83980441093445,1.3733520134412522,1,6.493945169394648
298.9175970554352,1.383540982955541,1,6.4881954896500185
299.0104184150696,1.3962771948483983,1,6.481008389969232
299.1031720638275,1.3784464981983966,1,6.4910703295223335
299.1969213485718,1.391182710091254,1,6.483883229841547
299.2915539741516,1.3886354677126853,1,6.485320649777703
299.3703420162201,1.3860882253341096,1,6.486758069713862
299.4630959033966,1.4039189219841113,1,6.476696130160762
299.58876299858093,1.398824437226974,1,6.479570970033073
299.6825077533722,1.3886354677126853,1,6.485320649777703
299.77352643013,1.391182710091254,1,6.483883229841547
299.86796379089355,1.3860882253341096,1,6.486758069713862
299.94781398773193,1.398824437226974,1,6.479570970033073
300.0247583389282,1.391182710091254,1,6.483883229841547
300.1034815311432,1.3962771948483983,1,6.481008389969232
300.19822788238525,1.4039189219841113,1,6.476696130160762
300.2909858226776,1.3937299524698297,1,6.482445809905388
300.38635659217834,1.3937299524698297,1,6.482445809905388
300.4781427383423,1.383540982955541,1,6.4881954896500185
300.5571699142456,1.383540982955541,1,6.4881954896500185
300.6347143650055,1.398824437226974,1,6.479570970033073
300.7124619483948,1.3860882253341096,1,6.486758069713862
300.790682554245,1.3937299524698297,1,6.482445809905388
300.8672089576721,1.3937299524698297,1,6.482445809905388
300.94440722465515,1.398824437226974,1,6.479570970033073
301.02380537986755,1.398824437226974,1,6.479570970033073
301.09986996650696,1.3962771948483983,1,6.481008389969232
301.1767086982727,1.3937299524698297,1,6.482445809905388
301.26951837539673,1.391182710091254,1,6.483883229841547
301.3488292694092,1.3962771948483983,1,6.481008389969232
301.4265398979187,1.4090134067412556,1,6.473821290288447
301.5030851364136,1.383540982955541,1,6.4881954896500185
301.5808250904083,1.4242968610126887,1,6.4651967706715014
301.6584541797638,1.391182710091254,1,6.483883229841547
301.7362494468689,1.4013716796055427,1,6.478133550096917
301.8135471343994,1.4115606491198314,1,6.472383870352287
301.8893439769745,1.398824437226974,1,6.479570970033073
301.984091758728,1.3886354677126853,1,6.485320649777703
302.0788381099701,1.3962771948483983,1,6.481008389969232
302.170592546463,1.3886354677126853,1,6.485320649777703
302.250292301178,1.3809937405769652,1,6.489632909586177
302.3410499095917,1.4039189219841113,1,6.476696130160762
302.4367923736572,1.3886354677126853,1,6.485320649777703
302.51609110832214,1.3962771948483983,1,6.481008389969232
302.60876083374023,1.4141078914984,1,6.470946450416132
302.68475103378296,1.3962771948483983,1,6.481008389969232
302.76294016838074,1.406466164362687,1,6.475258710224602
302.83958673477173,1.391182710091254,1,6.483883229841547
302.964004278183,1.4013716796055427,1,6.478133550096917
303.04179644584656,1.4039189219841113,1,6.476696130160762
303.12116742134094,1.4039189219841113,1,6.476696130160762
303.19833517074585,1.398824437226974,1,6.479570970033073
303.2758078575134,1.398824437226974,1,6.479570970033073
303.3532428741455,1.398824437226974,1,6.479570970033073
303.43204855918884,1.406466164362687,1,6.475258710224602
303.524041891098,1.4115606491198314,1,6.472383870352287
303.61978578567505,1.4013716796055427,1,6.478133550096917
303.7129650115967,1.4013716796055427,1,6.478133550096917
303.80451464653015,1.398824437226974,1,6.479570970033073
303.88183784484863,1.4115606491198314,1,6.472383870352287
303.95867252349854,1.4166551338769757,1,6.469509030479972
304.0347571372986,1.4013716796055427,1,6.478133550096917
304.1138987541199,1.4013716796055427,1,6.478133550096917
304.1896958351135,1.4013716796055427,1,6.478133550096917
304.28245425224304,1.4141078914984,1,6.470946450416132
304.3752043247223,1.4090134067412556,1,6.473821290288447
304.46718764305115,1.4090134067412556,1,6.473821290288447
304.5629630088806,1.3937299524698297,1,6.482445809905388
304.67070984840393,1.4039189219841113,1,6.476696130160762
304.76445960998535,1.4013716796055427,1,6.478133550096917
304.8602046966553,1.4141078914984,1,6.470946450416132
304.9539837837219,1.3937299524698297,1,6.482445809905388
305.0541923046112,1.4039189219841113,1,6.476696130160762
305.1544349193573,1.4039189219841113,1,6.476696130160762
305.24818420410156,1.4013716796055427,1,6.478133550096917
305.33996629714966,1.406466164362687,1,6.475258710224602
305.4168095588684,1.398824437226974,1,6.479570970033073
305.4949834346771,1.4115606491198314,1,6.472383870352287
305.57320737838745,1.4141078914984,1,6.470946450416132
305.6505603790283,1.3962771948483983,1,6.481008389969232
305.7274477481842,1.398824437226974,1,6.479570970033073
305.80590558052063,1.4039189219841113,1,6.476696130160762
305.8817045688629,1.398824437226974,1,6.479570970033073
305.9607663154602,1.4166551338769757,1,6.469509030479972
306.05477237701416,1.4141078914984,1,6.470946450416132
306.1485357284546,1.4115606491198314,1,6.472383870352287
306.2425878047943,1.4013716796055427,1,6.478133550096917
306.3352520465851,1.4013716796055427,1,6.478133550096917
306.4444742202759,1.4090134067412556,1,6.473821290288447
306.536691904068,1.4141078914984,1,6.470946450416132
306.6127858161926,1.4141078914984,1,6.470946450416132
306.6918489933014,1.4192023762555444,1,6.4680716105438165
306.76768922805786,1.4090134067412556,1,6.473821290288447
306.8457305431366,1.4039189219841113,1,6.476696130160762
306.9222137928009,1.398824437226974,1,6.479570970033073
306.9985158443451,1.4090134067412556,1,6.473821290288447
307.0932631492615,1.398824437226974,1,6.479570970033073
307.18701243400574,1.4039189219841113,1,6.476696130160762
307.2648026943207,1.4166551338769757,1,6.469509030479972
307.3575563430786,1.406466164362687,1,6.475258710224602
307.4513099193573,1.3962771948483983,1,6.481008389969232
307.5450875759125,1.4013716796055427,1,6.478133550096917
307.6248755455017,1.4192023762555444,1,6.4680716105438165
307.7019455432892,1.4115606491198314,1,6.472383870352287
307.780641078949,1.406466164362687,1,6.475258710224602
307.8578670024872,1.4141078914984,1,6.470946450416132
307.93568110466003,1.4039189219841113,1,6.476696130160762
308.01447200775146,1.406466164362687,1,6.475258710224602
308.1560935974121,1.4115606491198314,1,6.472383870352287
308.25084114074707,1.4013716796055427,1,6.478133550096917
308.34285163879395,1.4115606491198314,1,6.472383870352287
308.41955637931824,1.4141078914984,1,6.470946450416132
308.51406502723694,1.4039189219841113,1,6.476696130160762
308.60648012161255,1.4166551338769757,1,6.469509030479972
308.69922399520874,1.4192023762555444,1,6.4680716105438165
308.79402470588684,1.4192023762555444,1,6.4680716105438165
308.88753056526184,1.4115606491198314,1,6.472383870352287
308.981023311615,1.4090134067412556,1,6.473821290288447
309.07482051849365,1.4166551338769757,1,6.469509030479972
309.1691951751709,1.4115606491198314,1,6.472383870352287
309.26294326782227,1.4141078914984,1,6.470946450416132
309.3696596622467,1.4115606491198314,1,6.472383870352287
309.46440601348877,1.4141078914984,1,6.470946450416132
309.5571587085724,1.4141078914984,1,6.470946450416132
309.6526246070862,1.4141078914984,1,6.470946450416132
309.7320554256439,1.4115606491198314,1,6.472383870352287
309.8087966442108,1.42174961863412,1,6.466634190607657
309.8865466117859,1.42174961863412,1,6.466634190607657
309.99326181411743,1.437033072905546,1,6.458009670990716
310.07005524635315,1.4192023762555444,1,6.4680716105438165
310.1648027896881,1.4166551338769757,1,6.469509030479972
310.2565884590149,1.4141078914984,1,6.470946450416132
310.35030603408813,1.4090134067412556,1,6.473821290288447
310.44405579566956,1.4242968610126887,1,6.4651967706715014
310.53680753707886,1.4166551338769757,1,6.469509030479972
310.6323354244232,1.4166551338769757,1,6.469509030479972
310.72561955451965,1.4141078914984,1,6.470946450416132
310.82037472724915,1.4115606491198314,1,6.472383870352287
310.9162015914917,1.42174961863412,1,6.466634190607657
310.9919970035553,1.4192023762555444,1,6.4680716105438165
311.07078289985657,1.4268441033912644,1,6.463759350735342
311.1482651233673,1.4242968610126887,1,6.4651967706715014
311.2260162830353,1.4268441033912644,1,6.463759350735342
311.3030307292938,1.4192023762555444,1,6.4680716105438165
311.3776934146881,1.437033072905546,1,6.458009670990716
311.45457220077515,1.4242968610126887,1,6.4651967706715014
311.5328299999237,1.4141078914984,1,6.470946450416132
311.6116511821747,1.4268441033912644,1,6.463759350735342
311.71936321258545,1.4166551338769757,1,6.469509030479972
311.7971558570862,1.4166551338769757,1,6.469509030479972
311.891410112381,1.4192023762555444,1,6.4680716105438165
311.969202041626,1.42174961863412,1,6.466634190607657
312.04699540138245,1.4141078914984,1,6.470946450416132
312.1393942832947,1.429391345769833,1,6.462321930799186
312.2491958141327,1.4166551338769757,1,6.469509030479972
312.3276102542877,1.42174961863412,1,6.466634190607657
312.4056177139282,1.4242968610126887,1,6.4651967706715014
312.4844298362732,1.4115606491198314,1,6.472383870352287
312.56064081192017,1.429391345769833,1,6.462321930799186
312.6380295753479,1.4268441033912644,1,6.463759350735342
312.7173252105713,1.4166551338769757,1,6.469509030479972
312.79600048065186,1.42174961863412,1,6.466634190607657
312.888067483902,1.4242968610126887,1,6.4651967706715014
312.96531224250793,1.4166551338769757,1,6.469509030479972
313.0421681404114,1.4242968610126887,1,6.4651967706715014
313.11951422691345,1.4141078914984,1,6.470946450416132
313.19709062576294,1.4090134067412556,1,6.473821290288447
313.2737991809845,1.429391345769833,1,6.462321930799186
313.38339161872864,1.42174961863412,1,6.466634190607657
313.46111369132996,1.4192023762555444,1,6.4680716105438165
313.538113117218,1.4166551338769757,1,6.469509030479972
313.6153726577759,1.4242968610126887,1,6.4651967706715014
313.69262647628784,1.4192023762555444,1,6.4680716105438165
313.7699508666992,1.4242968610126887,1,6.4651967706715014
313.84847044944763,1.4242968610126887,1,6.4651967706715014
313.92662501335144,1.4268441033912644,1,6.463759350735342
314.00446939468384,1.4421275576626904,1,6.455134831118401
314.09882497787476,1.4242968610126887,1,6.4651967706715014
314.1895999908447,1.42174961863412,1,6.466634190607657
314.2654469013214,1.4141078914984,1,6.470946450416132
314.34159541130066,1.42174961863412,1,6.466634190607657
314.4206283092499,1.4319385881484017,1,6.460884510863031
314.4964210987091,1.4166551338769757,1,6.469509030479972
314.58840894699097,1.437033072905546,1,6.458009670990716
314.6801652908325,1.4242968610126887,1,6.4651967706715014
314.77388429641724,1.4395803152841218,1,6.456572251054556
314.8512454032898,1.4268441033912644,1,6.463759350735342
314.9279923439026,1.42174961863412,1,6.466634190607657
315.05451917648315,1.4166551338769757,1,6.469509030479972
315.14926624298096,1.4141078914984,1,6.470946450416132
315.2419230937958,1.437033072905546,1,6.458009670990716
315.35100984573364,1.4192023762555444,1,6.4680716105438165
315.44294905662537,1.429391345769833,1,6.462321930799186
315.53869342803955,1.4344858305269774,1,6.459447090926871
315.6304488182068,1.429391345769833,1,6.462321930799186
315.71023440361023,1.4192023762555444,1,6.4680716105438165
315.79002141952515,1.4242968610126887,1,6.4651967706715014
315.8678138256073,1.4166551338769757,1,6.469509030479972
315.94560647010803,1.42174961863412,1,6.466634190607657
316.0393545627594,1.4344858305269774,1,6.459447090926871
316.13137674331665,1.4242968610126887,1,6.4651967706715014
316.2258641719818,1.4268441033912644,1,6.463759350735342
316.3206117153168,1.429391345769833,1,6.462321930799186
316.4133770465851,1.4115606491198314,1,6.472383870352287
316.50910782814026,1.429391345769833,1,6.462321930799186
316.6028571128845,1.42174961863412,1,6.466634190607657
316.6986315250397,1.4242968610126887,1,6.4651967706715014
316.7929103374481,1.4192023762555444,1,6.4680716105438165
316.93314814567566,1.4319385881484017,1,6.460884510863031
317.0119743347168,1.4115606491198314,1,6.472383870352287
317.12028408050537,1.4497692847984105,1,6.450822571309926
317.2140302658081,1.4242968610126887,1,6.4651967706715014
317.3061683177948,1.437033072905546,1,6.458009670990716
317.3839735984802,1.429391345769833,1,6.462321930799186
317.4624719619751,1.4319385881484017,1,6.460884510863031
317.5402855873108,1.4319385881484017,1,6.460884510863031
317.6337323188782,1.4395803152841218,1,6.456572251054556
317.72649002075195,1.4319385881484017,1,6.460884510863031
317.82123160362244,1.4344858305269774,1,6.459447090926871
317.9157202243805,1.4344858305269774,1,6.459447090926871
318.010466337204,1.4344858305269774,1,6.459447090926871
318.10621094703674,1.4497692847984105,1,6.450822571309926
318.1821620464325,1.4395803152841218,1,6.456572251054556
318.2606210708618,1.4344858305269774,1,6.459447090926871
318.3395617008209,1.437033072905546,1,6.458009670990716
318.41621494293213,1.4421275576626904,1,6.455134831118401
318.49259996414185,1.4344858305269774,1,6.459447090926871
318.57045245170593,1.4421275576626904,1,6.455134831118401
318.6779992580414,1.4319385881484017,1,6.460884510863031
318.80047488212585,1.4421275576626904,1,6.455134831118401
318.9233543872833,1.4421275576626904,1,6.455134831118401
319.0192115306854,1.4344858305269774,1,6.459447090926871
319.09700298309326,1.42174961863412,1,6.466634190607657
319.18876123428345,1.429391345769833,1,6.462321930799186
319.26662015914917,1.4268441033912644,1,6.463759350735342
319.34484028816223,1.4268441033912644,1,6.463759350735342
319.42118668556213,1.4395803152841218,1,6.456572251054556
319.4989745616913,1.4344858305269774,1,6.459447090926871
319.57727694511414,1.4497692847984105,1,6.450822571309926
319.65407156944275,1.4344858305269774,1,6.459447090926871
319.73300313949585,1.4319385881484017,1,6.460884510863031
319.81154799461365,1.429391345769833,1,6.462321930799186
319.8875958919525,1.4446748000412661,1,6.453697411182241
319.9674711227417,1.437033072905546,1,6.458009670990716
320.0442841053009,1.4344858305269774,1,6.459447090926871
320.12117195129395,1.4344858305269774,1,6.459447090926871
320.20095229148865,1.4446748000412661,1,6.453697411182241
320.2787489891052,1.4242968610126887,1,6.4651967706715014
320.3866410255432,1.437033072905546,1,6.458009670990716
320.46443700790405,1.437033072905546,1,6.458009670990716
320.5431718826294,1.4344858305269774,1,6.459447090926871
320.620728969574,1.4395803152841218,1,6.456572251054556
320.70000648498535,1.4344858305269774,1,6.459447090926871
320.77864146232605,1.4446748000412661,1,6.453697411182241
320.85749793052673,1.4344858305269774,1,6.459447090926871
320.9500877857208,1.4344858305269774,1,6.459447090926871
321.0576684474945,1.4472220424198348,1,6.452259991246086
321.15141797065735,1.4446748000412661,1,6.453697411182241
321.24417448043823,1.4319385881484017,1,6.460884510863031
321.33750343322754,1.4446748000412661,1,6.453697411182241
321.43127369880676,1.4344858305269774,1,6.459447090926871
321.5237867832184,1.4446748000412661,1,6.453697411182241
321.6179006099701,1.429391345769833,1,6.462321930799186
321.7108111381531,1.437033072905546,1,6.458009670990716
321.7878692150116,1.4421275576626904,1,6.455134831118401
321.8657991886139,1.4446748000412661,1,6.453697411182241
321.9428050518036,1.4395803152841218,1,6.456572251054556
322.0202672481537,1.4395803152841218,1,6.456572251054556
322.128048658371,1.4472220424198348,1,6.452259991246086
322.2053723335266,1.4344858305269774,1,6.459447090926871
322.28200936317444,1.4523165271769791,1,6.449385151373771
322.3614625930786,1.4446748000412661,1,6.453697411182241
322.43962812423706,1.4446748000412661,1,6.453697411182241
322.5184314250946,1.4421275576626904,1,6.455134831118401
322.59846353530884,1.4344858305269774,1,6.459447090926871
322.6757538318634,1.4472220424198348,1,6.452259991246086
322.7523250579834,1.4421275576626904,1,6.455134831118401
322.8290185928345,1.429391345769833,1,6.462321930799186
322.9058127403259,1.4421275576626904,1,6.455134831118401
322.9838054180145,1.4319385881484017,1,6.460884510863031
323.06378197669983,1.4319385881484017,1,6.460884510863031
323.14015769958496,1.4446748000412661,1,6.453697411182241
323.2200438976288,1.4446748000412661,1,6.453697411182241
323.2979357242584,1.429391345769833,1,6.462321930799186
323.3738594055176,1.4497692847984105,1,6.450822571309926
323.45280265808105,1.4395803152841218,1,6.456572251054556
323.53084444999695,1.4344858305269774,1,6.459447090926871
323.6063516139984,1.4395803152841218,1,6.456572251054556
323.7179627418518,1.4446748000412661,1,6.453697411182241
323.7978308200836,1.4497692847984105,1,6.450822571309926
323.87464928627014,1.4395803152841218,1,6.456572251054556
323.9520227909088,1.437033072905546,1,6.458009670990716
324.02895951271057,1.4395803152841218,1,6.456572251054556
324.10460233688354,1.4497692847984105,1,6.450822571309926
324.1826283931732,1.437033072905546,1,6.458009670990716
324.2584352493286,1.429391345769833,1,6.462321930799186
324.3342750072479,1.4574110119341235,1,6.446510311501456
324.41209840774536,1.42174961863412,1,6.466634190607657
324.48990511894226,1.4421275576626904,1,6.455134831118401
324.5660984516144,1.4421275576626904,1,6.455134831118401
324.64359736442566,1.437033072905546,1,6.458009670990716
324.72039556503296,1.4574110119341235,1,6.446510311501456
324.79774498939514,1.4472220424198348,1,6.452259991246086
324.87741708755493,1.4344858305269774,1,6.459447090926871
324.9541234970093,1.4523165271769791,1,6.449385151373771
325.02993178367615,1.4472220424198348,1,6.452259991246086
325.1062366962433,1.4395803152841218,1,6.456572251054556
325.18353295326233,1.4421275576626904,1,6.455134831118401
325.29299545288086,1.4344858305269774,1,6.459447090926871
325.37188053131104,1.4497692847984105,1,6.450822571309926
325.45102429389954,1.437033072905546,1,6.458009670990716
325.5282926559448,1.4344858305269774,1,6.459447090926871
325.6077642440796,1.4421275576626904,1,6.455134831118401
325.68382501602173,1.4472220424198348,1,6.452259991246086
325.7606453895569,1.4472220424198348,1,6.452259991246086
325.83900785446167,1.4446748000412661,1,6.453697411182241
325.9177932739258,1.4446748000412661,1,6.453697411182241
326.00955057144165,1.4395803152841218,1,6.456572251054556
326.0883538722992,1.4446748000412661,1,6.453697411182241
326.16670775413513,1.4472220424198348,1,6.452259991246086
326.2455005645752,1.4319385881484017,1,6.460884510863031
326.32348132133484,1.4421275576626904,1,6.455134831118401
326.40228939056396,1.459958254312692,1,6.4450728915653
326.48031783103943,1.4421275576626904,1,6.455134831118401
326.55607557296753,1.4574110119341235,1,6.446510311501456
326.63393211364746,1.4548637695555549,1,6.447947731437611
326.7119481563568,1.4421275576626904,1,6.455134831118401
326.79073214530945,1.4548637695555549,1,6.447947731437611
326.89818930625916,1.4472220424198348,1,6.452259991246086
326.9769651889801,1.4421275576626904,1,6.455134831118401
327.0548975467682,1.4421275576626904,1,6.455134831118401
327.1326858997345,1.4472220424198348,1,6.452259991246086
327.210884809494,1.4472220424198348,1,6.452259991246086
327.2888524532318,1.4472220424198348,1,6.452259991246086
327.3658962249756,1.4497692847984105,1,6.450822571309926
327.4450743198395,1.4395803152841218,1,6.456572251054556
327.5217282772064,1.4472220424198348,1,6.452259991246086
327.59979009628296,1.4523165271769791,1,6.449385151373771
327.6777491569519,1.437033072905546,1,6.458009670990716
327.7555034160614,1.4472220424198348,1,6.452259991246086
327.83202052116394,1.4574110119341235,1,6.446510311501456
327.91006422042847,1.4395803152841218,1,6.456572251054556
327.9870572090149,1.459958254312692,1,6.4450728915653
328.0630660057068,1.4497692847984105,1,6.450822571309926
328.14082312583923,1.437033072905546,1,6.458009670990716
328.2187445163727,1.4675999814484122,1,6.440760631756826
328.29560017585754,1.4548637695555549,1,6.447947731437611
328.3733882904053,1.4472220424198348,1,6.452259991246086
328.46769976615906,1.4548637695555549,1,6.447947731437611
328.5446126461029,1.4446748000412661,1,6.453697411182241
328.62143111228943,1.4523165271769791,1,6.449385151373771
328.6997182369232,1.4472220424198348,1,6.452259991246086
328.7765839099884,1.429391345769833,1,6.462321930799186
328.85646390914917,1.4472220424198348,1,6.452259991246086
328.93327951431274,1.4574110119341235,1,6.446510311501456
329.01073145866394,1.4395803152841218,1,6.456572251054556
329.08914065361023,1.4497692847984105,1,6.450822571309926
329.1674361228943,1.4523165271769791,1,6.449385151373771
329.24423933029175,1.4472220424198348,1,6.452259991246086
329.3238904476166,1.4319385881484017,1,6.460884510863031
329.4015100002289,1.4497692847984105,1,6.450822571309926
329.4783425331116,1.4395803152841218,1,6.456572251054556
329.5562279224396,1.4421275576626904,1,6.455134831118401
329.6357705593109,1.4472220424198348,1,6.452259991246086
329.71359276771545,1.4497692847984105,1,6.450822571309926
329.7913887500763,1.4421275576626904,1,6.455134831118401
329.8711757659912,1.4497692847984105,1,6.450822571309926
329.9470422267914,1.4472220424198348,1,6.452259991246086
330.04278683662415,1.4574110119341235,1,6.446510311501456
330.1226181983948,1.4497692847984105,1,6.450822571309926
330.20054149627686,1.4548637695555549,1,6.447947731437611
330.2796440124512,1.4701472238269808,1,6.43932321182067
330.3566162586212,1.459958254312692,1,6.4450728915653
330.4336075782776,1.4497692847984105,1,6.450822571309926
330.51343059539795,1.459958254312692,1,6.4450728915653
330.5922191143036,1.4574110119341235,1,6.446510311501456
330.6699664592743,1.4497692847984105,1,6.450822571309926
330.7631175518036,1.4625054966912678,1,6.443635471629141
330.8721342086792,1.4523165271769791,1,6.449385151373771
330.9823532104492,1.459958254312692,1,6.4450728915653
331.0742537975311,1.4344858305269774,1,6.459447090926871
331.1680030822754,1.4548637695555549,1,6.447947731437611
331.2623348236084,1.4675999814484122,1,6.440760631756826
331.3540871143341,1.4497692847984105,1,6.450822571309926
331.44799041748047,1.4548637695555549,1,6.447947731437611
331.54197359085083,1.4548637695555549,1,6.447947731437611
331.6206057071686,1.4472220424198348,1,6.452259991246086
331.6993908882141,1.4548637695555549,1,6.447947731437611
331.82315731048584,1.4497692847984105,1,6.450822571309926
331.90098118782043,1.4701472238269808,1,6.43932321182067
331.9937958717346,1.459958254312692,1,6.4450728915653
332.08654594421387,1.4625054966912678,1,6.443635471629141
332.16635179519653,1.4701472238269808,1,6.43932321182067
332.2432017326355,1.4523165271769791,1,6.449385151373771
332.33695101737976,1.4523165271769791,1,6.449385151373771
332.4935326576233,1.477788950962701,1,6.435010952012195
332.60301423072815,1.459958254312692,1,6.4450728915653
332.6968870162964,1.4574110119341235,1,6.446510311501456
332.77403378486633,1.4497692847984105,1,6.450822571309926
332.85185384750366,1.4650527390698365,1,6.442198051692985
332.93106269836426,1.4548637695555549,1,6.447947731437611
333.00886607170105,1.4523165271769791,1,6.449385151373771
333.0867075920105,1.4523165271769791,1,6.449385151373771
333.16475343704224,1.4574110119341235,1,6.446510311501456
333.2575023174286,1.4523165271769791,1,6.449385151373771
333.3499855995178,1.4625054966912678,1,6.443635471629141
333.4268321990967,1.4625054966912678,1,6.443635471629141
333.51935172080994,1.459958254312692,1,6.4450728915653
333.6450164318085,1.459958254312692,1,6.4450728915653
333.73577404022217,1.4675999814484122,1,6.440760631756826
333.84312081336975,1.4650527390698365,1,6.442198051692985
333.9357821941376,1.4548637695555549,1,6.447947731437611
334.0120847225189,1.4726944662055566,1,6.4378857918845105
334.089891910553,1.4523165271769791,1,6.449385151373771
334.1679983139038,1.459958254312692,1,6.4450728915653
334.2762291431427,1.4548637695555549,1,6.447947731437611
334.3538510799408,1.459958254312692,1,6.4450728915653
334.4317352771759,1.4726944662055566,1,6.4378857918845105
334.51043128967285,1.4548637695555549,1,6.447947731437611
334.58774971961975,1.4523165271769791,1,6.449385151373771
334.66553950309753,1.4752417085841252,1,6.436448371948355
334.7438702583313,1.4726944662055566,1,6.4378857918845105
334.82280588150024,1.4497692847984105,1,6.450822571309926
334.90061211586,1.477788950962701,1,6.435010952012195
334.9800088405609,1.4828834357198453,1,6.43213611213988
335.05891847610474,1.4574110119341235,1,6.446510311501456
335.18160676956177,1.4650527390698365,1,6.442198051692985
335.2593984603882,1.459958254312692,1,6.4450728915653
335.3357741832733,1.4726944662055566,1,6.4378857918845105
335.41559886932373,1.459958254312692,1,6.4450728915653
335.494784116745,1.4701472238269808,1,6.43932321182067
335.57253980636597,1.4675999814484122,1,6.440760631756826
335.65043663978577,1.4574110119341235,1,6.446510311501456
335.72676157951355,1.4650527390698365,1,6.442198051692985
335.80453991889954,1.4497692847984105,1,6.450822571309926
335.8805527687073,1.4726944662055566,1,6.4378857918845105
335.95920729637146,1.4472220424198348,1,6.452259991246086
336.03593611717224,1.4548637695555549,1,6.447947731437611
336.11394143104553,1.4726944662055566,1,6.4378857918845105
336.1898090839386,1.4650527390698365,1,6.442198051692985
336.28156042099,1.4650527390698365,1,6.442198051692985
336.3593580722809,1.4675999814484122,1,6.440760631756826
336.4391829967499,1.4675999814484122,1,6.440760631756826
336.5171618461609,1.4650527390698365,1,6.442198051692985
336.6098732948303,1.4726944662055566,1,6.4378857918845105
336.68812918663025,1.4523165271769791,1,6.449385151373771
336.7657296657562,1.4701472238269808,1,6.43932321182067
336.84383153915405,1.4675999814484122,1,6.440760631756826
336.9362494945526,1.4675999814484122,1,6.440760631756826
337.0302085876465,1.4752417085841252,1,6.436448371948355
337.10850715637207,1.459958254312692,1,6.4450728915653
337.1849889755249,1.4701472238269808,1,6.43932321182067
337.2630066871643,1.485430678098414,1,6.430698692203725
337.341504573822,1.4675999814484122,1,6.440760631756826
337.43824529647827,1.4574110119341235,1,6.446510311501456
337.5141279697418,1.4752417085841252,1,6.436448371948355
337.5919234752655,1.4701472238269808,1,6.43932321182067
337.6693079471588,1.4650527390698365,1,6.442198051692985
337.74728989601135,1.4625054966912678,1,6.443635471629141
337.82407546043396,1.459958254312692,1,6.4450728915653
337.90198278427124,1.4650527390698365,1,6.442198051692985
337.98183608055115,1.4726944662055566,1,6.4378857918845105
338.06010818481445,1.4726944662055566,1,6.4378857918845105
338.15395760536194,1.4701472238269808,1,6.43932321182067
338.23297667503357,1.4752417085841252,1,6.436448371948355
338.3105537891388,1.4726944662055566,1,6.4378857918845105
338.38688707351685,1.4625054966912678,1,6.443635471629141
338.4657173156738,1.4625054966912678,1,6.443635471629141
338.54242730140686,1.4701472238269808,1,6.43932321182067
338.6191053390503,1.4675999814484122,1,6.440760631756826
338.6978294849396,1.4726944662055566,1,6.4378857918845105
338.77739787101746,1.4803361933412695,1,6.43357353207604
338.8531332015991,1.4675999814484122,1,6.440760631756826
338.93108320236206,1.477788950962701,1,6.435010952012195
339.0102024078369,1.4828834357198453,1,6.43213611213988
339.08757305145264,1.485430678098414,1,6.430698692203725
339.1661775112152,1.4701472238269808,1,6.43932321182067
339.24526143074036,1.4752417085841252,1,6.436448371948355
339.3221318721771,1.4675999814484122,1,6.440760631756826
339.40005373954773,1.459958254312692,1,6.4450728915653
339.4777863025665,1.477788950962701,1,6.435010952012195
339.5708408355713,1.477788950962701,1,6.435010952012195
339.6499297618866,1.4752417085841252,1,6.436448371948355
339.72875714302063,1.485430678098414,1,6.430698692203725
339.80651330947876,1.4726944662055566,1,6.4378857918845105
339.8842258453369,1.4803361933412695,1,6.43357353207604
339.96408915519714,1.4803361933412695,1,6.43357353207604
340.04096698760986,1.4625054966912678,1,6.443635471629141
340.1169192790985,1.4548637695555549,1,6.447947731437611
340.1956765651703,1.4726944662055566,1,6.4378857918845105
340.2735333442688,1.4752417085841252,1,6.436448371948355
340.35177969932556,1.4675999814484122,1,6.440760631756826
340.43154883384705,1.4726944662055566,1,6.4378857918845105
340.50936627388,1.4905251628555582,1,6.42782385233141
340.58920669555664,1.477788950962701,1,6.435010952012195
340.66894364356995,1.4650527390698365,1,6.442198051692985
340.74678564071655,1.4752417085841252,1,6.436448371948355
340.826580286026,1.4752417085841252,1,6.436448371948355
340.90406227111816,1.4650527390698365,1,6.442198051692985
341.01094913482666,1.4752417085841252,1,6.436448371948355
341.0886254310608,1.4701472238269808,1,6.43932321182067
341.1644368171692,1.4650527390698365,1,6.442198051692985
341.2404947280884,1.4701472238269808,1,6.43932321182067
341.32036232948303,1.4650527390698365,1,6.442198051692985
341.3985846042633,1.4752417085841252,1,6.436448371948355
341.47673201560974,1.4726944662055566,1,6.4378857918845105
341.55545806884766,1.4701472238269808,1,6.43932321182067
341.63125944137573,1.477788950962701,1,6.435010952012195
341.70900416374207,1.477788950962701,1,6.435010952012195
341.7876317501068,1.4752417085841252,1,6.436448371948355
341.86338782310486,1.4828834357198453,1,6.43213611213988
341.94117999076843,1.4752417085841252,1,6.436448371948355
342.01897644996643,1.4726944662055566,1,6.4378857918845105
342.09502696990967,1.4803361933412695,1,6.43357353207604
342.17389035224915,1.4650527390698365,1,6.442198051692985
342.251638174057,1.4701472238269808,1,6.43932321182067
342.326468706131,1.485430678098414,1,6.430698692203725
342.43382358551025,1.4726944662055566,1,6.4378857918845105
342.510525226593,1.4828834357198453,1,6.43213611213988
342.60364532470703,1.4701472238269808,1,6.43932321182067
342.68350553512573,1.4752417085841252,1,6.436448371948355
342.7628481388092,1.4879779204769825,1,6.429261272267569
342.8399729728699,1.477788950962701,1,6.435010952012195
342.91787552833557,1.4803361933412695,1,6.43357353207604
342.9965286254883,1.4752417085841252,1,6.436448371948355
343.0732936859131,1.4726944662055566,1,6.4378857918845105
343.1519293785095,1.4803361933412695,1,6.43357353207604
343.23015332221985,1.4930724052341269,1,6.426386432395255
343.3060088157654,1.4803361933412695,1,6.43357353207604
343.38480401039124,1.4726944662055566,1,6.4378857918845105
343.464164018631,1.4726944662055566,1,6.4378857918845105
343.5400490760803,1.477788950962701,1,6.435010952012195
343.6199951171875,1.4828834357198453,1,6.43213611213988
343.69734239578247,1.485430678098414,1,6.430698692203725
343.7750778198242,1.4803361933412695,1,6.43357353207604
343.85411071777344,1.4701472238269808,1,6.43932321182067
343.96033549308777,1.4650527390698365,1,6.442198051692985
344.0400085449219,1.4930724052341269,1,6.426386432395255
344.1179196834564,1.4752417085841252,1,6.436448371948355
344.1954925060272,1.4828834357198453,1,6.43213611213988
344.2742862701416,1.4930724052341269,1,6.426386432395255
344.3536112308502,1.4752417085841252,1,6.436448371948355
344.43148851394653,1.4905251628555582,1,6.42782385233141
344.51130962371826,1.4726944662055566,1,6.4378857918845105
344.5912539958954,1.4726944662055566,1,6.4378857918845105
344.6691472530365,1.477788950962701,1,6.435010952012195
344.7462658882141,1.4828834357198453,1,6.43213611213988
344.82513332366943,1.4803361933412695,1,6.43357353207604
344.902156829834,1.477788950962701,1,6.435010952012195
344.98001170158386,1.5058086171269913,1,6.419199332714465
345.05991315841675,1.4701472238269808,1,6.43932321182067
345.13704466819763,1.4701472238269808,1,6.43932321182067
345.21489334106445,1.4752417085841252,1,6.436448371948355
345.2923197746277,1.4930724052341269,1,6.426386432395255
345.402067899704,1.4650527390698365,1,6.442198051692985
345.4816541671753,1.4879779204769825,1,6.429261272267569
345.55944538116455,1.4803361933412695,1,6.43357353207604
345.63557291030884,1.477788950962701,1,6.435010952012195
345.7124865055084,1.4752417085841252,1,6.436448371948355
345.7885031700134,1.4828834357198453,1,6.43213611213988
345.8654775619507,1.4828834357198453,1,6.43213611213988
345.9421947002411,1.4956196476127026,1,6.424949012459095
346.02150654792786,1.485430678098414,1,6.430698692203725
346.09933638572693,1.4828834357198453,1,6.43213611213988
346.1741406917572,1.4930724052341269,1,6.426386432395255
346.25176334381104,1.4803361933412695,1,6.43357353207604
346.32849287986755,1.4930724052341269,1,6.426386432395255
346.4083125591278,1.4930724052341269,1,6.426386432395255
346.4841067790985,1.4803361933412695,1,6.43357353207604
346.5609014034271,1.4930724052341269,1,6.426386432395255
346.63869762420654,1.4828834357198453,1,6.43213611213988
346.71854758262634,1.4726944662055566,1,6.4378857918845105
346.82638788223267,1.4879779204769825,1,6.429261272267569
346.90474033355713,1.4726944662055566,1,6.4378857918845105
346.9846336841583,1.4803361933412695,1,6.43357353207604
347.06088614463806,1.4879779204769825,1,6.429261272267569
347.13781332969666,1.4879779204769825,1,6.429261272267569
347.21660256385803,1.4905251628555582,1,6.42782385233141
347.2940158843994,1.4905251628555582,1,6.42782385233141
347.37179803848267,1.4752417085841252,1,6.436448371948355
347.4495213031769,1.4930724052341269,1,6.426386432395255
347.52684593200684,1.4752417085841252,1,6.436448371948355
347.60464096069336,1.4828834357198453,1,6.43213611213988
347.68243288993835,1.4905251628555582,1,6.42782385233141
347.7743284702301,1.4905251628555582,1,6.42782385233141
347.851149559021,1.485430678098414,1,6.430698692203725
347.92842626571655,1.4828834357198453,1,6.43213611213988
348.00502371788025,1.4905251628555582,1,6.42782385233141
348.0800812244415,1.485430678098414,1,6.430698692203725
348.1578371524811,1.4981668899912712,1,6.423511592522939
348.26532769203186,1.4828834357198453,1,6.43213611213988
348.3431193828583,1.4905251628555582,1,6.42782385233141
348.42043471336365,1.4828834357198453,1,6.43213611213988
348.4979336261749,1.4879779204769825,1,6.429261272267569
348.5770707130432,1.4981668899912712,1,6.423511592522939
348.6554980278015,1.4930724052341269,1,6.426386432395255
348.7318263053894,1.4803361933412695,1,6.43357353207604
348.8255760669708,1.4803361933412695,1,6.43357353207604
348.9020993709564,1.4803361933412695,1,6.43357353207604
348.97927165031433,1.4905251628555582,1,6.42782385233141
349.05810022354126,1.4905251628555582,1,6.42782385233141
349.1360936164856,1.4803361933412695,1,6.43357353207604
349.21422362327576,1.4981668899912712,1,6.423511592522939
349.2936556339264,1.4879779204769825,1,6.429261272267569
349.37043738365173,1.485430678098414,1,6.430698692203725
349.44756269454956,1.485430678098414,1,6.430698692203725
349.5243179798126,1.4828834357198453,1,6.43213611213988
349.6024043560028,1.4752417085841252,1,6.436448371948355
349.6801550388336,1.4930724052341269,1,6.426386432395255
349.7751216888428,1.4956196476127026,1,6.424949012459095
349.8519124984741,1.4803361933412695,1,6.43357353207604
349.93165397644043,1.4930724052341269,1,6.426386432395255
350.0084590911865,1.5058086171269913,1,6.419199332714465
350.0843176841736,1.4879779204769825,1,6.429261272267569
350.1623830795288,1.4956196476127026,1,6.424949012459095
350.24203419685364,1.4930724052341269,1,6.426386432395255
350.3190367221832,1.4905251628555582,1,6.42782385233141
350.396178483963,1.4828834357198453,1,6.43213611213988
350.47207379341125,1.5032613747484156,1,6.4206367526506245
350.5478754043579,1.500714132369847,1,6.42207417258678
350.62372279167175,1.4981668899912712,1,6.423511592522939
350.702828168869,1.4879779204769825,1,6.429261272267569
350.77975034713745,1.4905251628555582,1,6.42782385233141
350.8595850467682,1.500714132369847,1,6.42207417258678
350.9362051486969,1.485430678098414,1,6.430698692203725
351.01387214660645,1.4803361933412695,1,6.43357353207604
351.09220457077026,1.4879779204769825,1,6.429261272267569
351.20247530937195,1.4930724052341269,1,6.426386432395255
351.28030347824097,1.4905251628555582,1,6.42782385233141
351.35632824897766,1.4930724052341269,1,6.426386432395255
351.4343717098236,1.4675999814484122,1,6.440760631756826
351.51219868659973,1.485430678098414,1,6.430698692203725
351.59101247787476,1.500714132369847,1,6.42207417258678
351.66853046417236,1.4879779204769825,1,6.429261272267569
351.74539160728455,1.4981668899912712,1,6.423511592522939
351.82518196105957,1.50835585950556,1,6.4177619127783085
351.9030945301056,1.4930724052341269,1,6.426386432395255
351.9799072742462,1.4981668899912712,1,6.423511592522939
352.0588626861572,1.4956196476127026,1,6.424949012459095
352.13662338256836,1.4828834357198453,1,6.43213611213988
352.2144122123718,1.4956196476127026,1,6.424949012459095
352.2922353744507,1.5032613747484156,1,6.4206367526506245
352.3706715106964,1.5058086171269913,1,6.419199332714465
352.4476704597473,1.4752417085841252,1,6.436448371948355
352.5250611305237,1.4981668899912712,1,6.423511592522939
352.6199767589569,1.500714132369847,1,6.42207417258678
352.69694352149963,1.4803361933412695,1,6.43357353207604
352.7760045528412,1.4930724052341269,1,6.426386432395255
352.85587882995605,1.4930724052341269,1,6.426386432395255
352.9326400756836,1.4905251628555582,1,6.42782385233141
353.0084843635559,1.4879779204769825,1,6.429261272267569
353.08537554740906,1.4956196476127026,1,6.424949012459095
353.1631770133972,1.4956196476127026,1,6.424949012459095
353.2419729232788,1.4930724052341269,1,6.426386432395255
353.3212151527405,1.4981668899912712,1,6.423511592522939
353.3986392021179,1.500714132369847,1,6.42207417258678
353.4769811630249,1.4930724052341269,1,6.426386432395255
353.5549840927124,1.4905251628555582,1,6.42782385233141
353.6318633556366,1.4879779204769825,1,6.429261272267569
353.71028780937195,1.5058086171269913,1,6.419199332714465
353.78763794898987,1.5109031018841357,1,6.41632449284215
353.8649830818176,1.4956196476127026,1,6.424949012459095
353.9449129104614,1.4905251628555582,1,6.42782385233141
354.05430603027344,1.4956196476127026,1,6.424949012459095
354.1309223175049,1.500714132369847,1,6.42207417258678
354.209885597229,1.4930724052341269,1,6.426386432395255
354.2870841026306,1.50835585950556,1,6.4177619127783085
354.3656873703003,1.485430678098414,1,6.430698692203725
354.4444377422333,1.4956196476127026,1,6.424949012459095
354.51924180984497,1.5058086171269913,1,6.419199332714465
354.59408140182495,1.4956196476127026,1,6.424949012459095
354.6731970310211,1.5058086171269913,1,6.419199332714465
354.7510440349579,1.4981668899912712,1,6.423511592522939
354.8286602497101,1.4956196476127026,1,6.424949012459095
354.906485080719,1.4981668899912712,1,6.423511592522939
354.9842209815979,1.500714132369847,1,6.42207417258678
355.06278800964355,1.4905251628555582,1,6.42782385233141
355.14065957069397,1.4956196476127026,1,6.424949012459095
355.21845602989197,1.5058086171269913,1,6.419199332714465
355.29607796669006,1.4981668899912712,1,6.423511592522939
355.3751051425934,1.4981668899912712,1,6.423511592522939
355.45256304740906,1.4981668899912712,1,6.423511592522939
355.57774567604065,1.4956196476127026,1,6.424949012459095
355.65706062316895,1.500714132369847,1,6.42207417258678
355.7339539527893,1.4956196476127026,1,6.424949012459095
355.8112983703613,1.4879779204769825,1,6.429261272267569
355.88899779319763,1.50835585950556,1,6.4177619127783085
355.965806722641,1.4905251628555582,1,6.42782385233141
356.04278016090393,1.500714132369847,1,6.42207417258678
356.1218225955963,1.50835585950556,1,6.4177619127783085
356.19835019111633,1.5058086171269913,1,6.419199332714465
356.2756881713867,1.4981668899912712,1,6.423511592522939
356.35488271713257,1.5032613747484156,1,6.4206367526506245
356.43266773223877,1.4956196476127026,1,6.424949012459095
356.51084446907043,1.4879779204769825,1,6.429261272267569
356.58886885643005,1.50835585950556,1,6.4177619127783085
356.666752576828,1.5032613747484156,1,6.4206367526506245
356.74653482437134,1.500714132369847,1,6.42207417258678
356.82476568222046,1.4930724052341269,1,6.426386432395255
356.9006178379059,1.5058086171269913,1,6.419199332714465
356.9935669898987,1.5032613747484156,1,6.4206367526506245
357.0715720653534,1.5058086171269913,1,6.419199332714465
357.1477117538452,1.5058086171269913,1,6.419199332714465
357.2266297340393,1.4930724052341269,1,6.426386432395255
357.3054337501526,1.4981668899912712,1,6.423511592522939
357.381712436676,1.4981668899912712,1,6.423511592522939
357.4587233066559,1.4981668899912712,1,6.423511592522939
357.53555154800415,1.50835585950556,1,6.4177619127783085
357.61255526542664,1.485430678098414,1,6.430698692203725
357.6905572414398,1.5109031018841357,1,6.41632449284215
357.76639318466187,1.50835585950556,1,6.4177619127783085
357.84428548812866,1.4956196476127026,1,6.424949012459095
357.9220736026764,1.5109031018841357,1,6.41632449284215
358.01600646972656,1.500714132369847,1,6.42207417258678
358.09398341178894,1.500714132369847,1,6.42207417258678
358.1708960533142,1.5109031018841357,1,6.41632449284215
358.24868297576904,1.500714132369847,1,6.42207417258678
358.32451033592224,1.5185448290198487,1,6.412012233033678
358.4317424297333,1.5058086171269913,1,6.419199332714465
358.5094037055969,1.4981668899912712,1,6.423511592522939
358.5878047943115,1.5134503442627043,1,6.414887072905994
358.66602754592896,1.5058086171269913,1,6.419199332714465
358.7439148426056,1.5058086171269913,1,6.419199332714465
358.82306456565857,1.515997586641273,1,6.413449652969838
358.9007399082184,1.50835585950556,1,6.4177619127783085
358.9776599407196,1.4956196476127026,1,6.424949012459095
359.05578565597534,1.5109031018841357,1,6.41632449284215
359.1340534687042,1.50835585950556,1,6.4177619127783085
359.2107264995575,1.5109031018841357,1,6.41632449284215
359.28988242149353,1.5058086171269913,1,6.419199332714465
359.3676815032959,1.500714132369847,1,6.42207417258678
359.4436631202698,1.4981668899912712,1,6.423511592522939
359.518728017807,1.5109031018841357,1,6.41632449284215
359.59801268577576,1.5109031018841357,1,6.41632449284215
359.67506074905396,1.4930724052341269,1,6.426386432395255
359.7508981227875,1.5210920713984173,1,6.410574813097523
359.8440206050873,1.4981668899912712,1,6.423511592522939
359.9208152294159,1.515997586641273,1,6.413449652969838
359.9980354309082,1.5134503442627043,1,6.414887072905994
360.0777733325958,1.5109031018841357,1,6.41632449284215
360.1547865867615,1.4956196476127026,1,6.424949012459095
360.24868059158325,1.5134503442627043,1,6.414887072905994
360.32646679878235,1.5058086171269913,1,6.419199332714465
360.40253233909607,1.50835585950556,1,6.4177619127783085
360.4804198741913,1.5185448290198487,1,6.412012233033678
360.5582625865936,1.515997586641273,1,6.413449652969838
360.63606452941895,1.5109031018841357,1,6.41632449284215
360.71542406082153,1.50835585950556,1,6.4177619127783085
360.7932131290436,1.5058086171269913,1,6.419199332714465
360.8694975376129,1.523639313776993,1,6.409137393161364
360.9490740299225,1.5134503442627043,1,6.414887072905994
361.02740502357483,1.4981668899912712,1,6.423511592522939
361.10427594184875,1.5134503442627043,1,6.414887072905994
361.18326449394226,1.5134503442627043,1,6.414887072905994
361.2599985599518,1.5032613747484156,1,6.4206367526506245
361.3682894706726,1.5058086171269913,1,6.419199332714465
361.4471220970154,1.5185448290198487,1,6.412012233033678
361.5240285396576,1.5032613747484156,1,6.4206367526506245
361.60109424591064,1.515997586641273,1,6.413449652969838
361.6782829761505,1.5109031018841357,1,6.41632449284215
361.7552309036255,1.4981668899912712,1,6.423511592522939
361.83309412002563,1.5210920713984173,1,6.410574813097523
361.9078974723816,1.5032613747484156,1,6.4206367526506245
361.9856514930725,1.5109031018841357,1,6.41632449284215
362.06287956237793,1.515997586641273,1,6.413449652969838
362.14075684547424,1.5109031018841357,1,6.41632449284215
362.2187283039093,1.5109031018841357,1,6.41632449284215
362.296603679657,1.5109031018841357,1,6.41632449284215
362.37557196617126,1.500714132369847,1,6.42207417258678
362.45132303237915,1.500714132369847,1,6.42207417258678
362.52972316741943,1.5032613747484156,1,6.4206367526506245
362.60952377319336,1.500714132369847,1,6.42207417258678
362.6865756511688,1.4956196476127026,1,6.424949012459095
362.79412508010864,1.5109031018841357,1,6.41632449284215
362.87292861938477,1.4981668899912712,1,6.423511592522939
362.9507358074188,1.5210920713984173,1,6.410574813097523
363.02860379219055,1.5185448290198487,1,6.412012233033678
363.10774970054626,1.5032613747484156,1,6.4206367526506245
363.1838662624359,1.515997586641273,1,6.413449652969838
363.2620108127594,1.5109031018841357,1,6.41632449284215
363.3418970108032,1.4956196476127026,1,6.424949012459095
363.41989278793335,1.5210920713984173,1,6.410574813097523
363.49671483039856,1.5210920713984173,1,6.410574813097523
363.5745060443878,1.515997586641273,1,6.413449652969838
363.65230798721313,1.5134503442627043,1,6.414887072905994
363.7301001548767,1.515997586641273,1,6.413449652969838
363.80966305732727,1.4956196476127026,1,6.424949012459095
363.88581109046936,1.5109031018841357,1,6.41632449284215
363.96470642089844,1.5185448290198487,1,6.412012233033678
364.0428636074066,1.5058086171269913,1,6.419199332714465
364.11965823173523,1.5134503442627043,1,6.414887072905994
364.21237301826477,1.515997586641273,1,6.413449652969838
364.2904794216156,1.515997586641273,1,6.413449652969838
364.3684413433075,1.523639313776993,1,6.409137393161364
364.447283744812,1.5185448290198487,1,6.412012233033678
364.5233681201935,1.5058086171269913,1,6.419199332714465
364.6001579761505,1.523639313776993,1,6.409137393161364
364.679194688797,1.5058086171269913,1,6.419199332714465
364.7559781074524,1.5109031018841357,1,6.41632449284215
364.83412647247314,1.515997586641273,1,6.413449652969838
364.91179180145264,1.5032613747484156,1,6.4206367526506245
364.98673963546753,1.5109031018841357,1,6.41632449284215
365.06246638298035,1.4981668899912712,1,6.423511592522939
365.1410105228424,1.5109031018841357,1,6.41632449284215
365.22001338005066,1.515997586641273,1,6.413449652969838
365.29596281051636,1.5058086171269913,1,6.419199332714465
365.3740408420563,1.5058086171269913,1,6.419199332714465
365.4509038925171,1.5109031018841357,1,6.41632449284215
365.5271883010864,1.515997586641273,1,6.413449652969838
365.62304639816284,1.5058086171269913,1,6.419199332714465
365.7025098800659,1.5185448290198487,1,6.412012233033678
365.78024458885193,1.5134503442627043,1,6.414887072905994
365.86004161834717,1.5185448290198487,1,6.412012233033678
365.93794202804565,1.4930724052341269,1,6.426386432395255
366.014933347702,1.515997586641273,1,6.413449652969838
366.09190034866333,1.50835585950556,1,6.4177619127783085
366.1690242290497,1.515997586641273,1,6.413449652969838
366.2450921535492,1.5134503442627043,1,6.414887072905994
366.3231728076935,1.5058086171269913,1,6.419199332714465
366.40249252319336,1.5109031018841357,1,6.41632449284215
366.4794828891754,1.5210920713984173,1,6.410574813097523
366.5562834739685,1.5032613747484156,1,6.4206367526506245
366.6351261138916,1.531281040912706,1,6.404825133352893
366.71208333969116,1.5210920713984173,1,6.410574813097523
366.7888824939728,1.5134503442627043,1,6.414887072905994
366.866179227829,1.531281040912706,1,6.404825133352893
366.94380140304565,1.5338282832912817,1,6.403387713416734
367.02358841896057,1.515997586641273,1,6.413449652969838
367.1323344707489,1.523639313776993,1,6.409137393161364
367.2100386619568,1.5210920713984173,1,6.410574813097523
367.2898437976837,1.5134503442627043,1,6.414887072905994
367.3685030937195,1.5185448290198487,1,6.412012233033678
367.44461703300476,1.523639313776993,1,6.409137393161364
367.52250695228577,1.5058086171269913,1,6.419199332714465
367.5995695590973,1.523639313776993,1,6.409137393161364
367.6756069660187,1.5185448290198487,1,6.412012233033678
367.7504370212555,1.5261865561555616,1,6.407699973225208
367.8293218612671,1.5338282832912817,1,6.403387713416734
367.9055726528168,1.5210920713984173,1,6.410574813097523
367.98461961746216,1.515997586641273,1,6.413449652969838
368.0627257823944,1.5185448290198487,1,6.412012233033678
368.14054775238037,1.515997586641273,1,6.413449652969838
368.220335483551,1.5032613747484156,1,6.4206367526506245
368.29770398139954,1.531281040912706,1,6.404825133352893
368.37546277046204,1.5363755256698504,1,6.401950293480578
368.45528650283813,1.5134503442627043,1,6.414887072905994
368.5461678504944,1.5261865561555616,1,6.407699973225208
368.6250298023224,1.50835585950556,1,6.4177619127783085
368.7038836479187,1.5032613747484156,1,6.4206367526506245
368.7807364463806,1.5210920713984173,1,6.410574813097523
368.8589663505554,1.5363755256698504,1,6.401950293480578
368.93681025505066,1.523639313776993,1,6.409137393161364
369.01459097862244,1.5185448290198487,1,6.412012233033678
369.0909686088562,1.515997586641273,1,6.413449652969838
369.16889667510986,1.5210920713984173,1,6.410574813097523
369.2457673549652,1.515997586641273,1,6.413449652969838
369.32459139823914,1.5261865561555616,1,6.407699973225208
369.4031927585602,1.5109031018841357,1,6.41632449284215
369.48110151290894,1.5287337985341374,1,6.406262553289048
369.5589597225189,1.523639313776993,1,6.409137393161364
369.63609075546265,1.5109031018841357,1,6.41632449284215
369.71399903297424,1.5210920713984173,1,6.410574813097523
369.7925522327423,1.523639313776993,1,6.409137393161364
369.8715841770172,1.515997586641273,1,6.413449652969838
369.9643077850342,1.5363755256698504,1,6.401950293480578
370.04303193092346,1.5210920713984173,1,6.410574813097523
370.1200349330902,1.5287337985341374,1,6.406262553289048
370.19605684280396,1.5363755256698504,1,6.401950293480578
370.2729957103729,1.531281040912706,1,6.404825133352893
370.35165309906006,1.5261865561555616,1,6.407699973225208
370.42953395843506,1.5210920713984173,1,6.410574813097523
370.507061958313,1.5261865561555616,1,6.407699973225208
370.58610558509827,1.5134503442627043,1,6.414887072905994
370.6632339954376,1.5261865561555616,1,6.407699973225208
370.7406759262085,1.5414700104269947,1,6.399075453608263
370.8190906047821,1.5210920713984173,1,6.410574813097523
370.8945870399475,1.531281040912706,1,6.404825133352893
370.9718816280365,1.523639313776993,1,6.409137393161364
371.04981875419617,1.5261865561555616,1,6.407699973225208
371.1260759830475,1.546564495184139,1,6.396200613735948
371.20366883277893,1.5287337985341374,1,6.406262553289048
371.28138852119446,1.531281040912706,1,6.404825133352893
371.37409925460815,1.531281040912706,1,6.404825133352893
371.45246601104736,1.5109031018841357,1,6.41632449284215
371.5307593345642,1.515997586641273,1,6.413449652969838
371.6075086593628,1.5287337985341374,1,6.406262553289048
371.68522000312805,1.515997586641273,1,6.413449652969838
371.7628929615021,1.5185448290198487,1,6.412012233033678
371.8407242298126,1.5338282832912817,1,6.403387713416734
371.9185588359833,1.515997586641273,1,6.413449652969838
371.99640679359436,1.5261865561555616,1,6.407699973225208
372.07439613342285,1.531281040912706,1,6.404825133352893
372.1541907787323,1.531281040912706,1,6.404825133352893
372.2330207824707,1.5185448290198487,1,6.412012233033678
372.30988669395447,1.531281040912706,1,6.404825133352893
372.38967537879944,1.5363755256698504,1,6.401950293480578
372.46661949157715,1.515997586641273,1,6.413449652969838
372.5416626930237,1.5261865561555616,1,6.407699973225208
372.61967372894287,1.5185448290198487,1,6.412012233033678
372.6985263824463,1.5210920713984173,1,6.410574813097523
372.77632761001587,1.5363755256698504,1,6.401950293480578
372.8694078922272,1.515997586641273,1,6.413449652969838
372.94620180130005,1.5185448290198487,1,6.412012233033678
373.02301120758057,1.5261865561555616,1,6.407699973225208
373.1010458469391,1.515997586641273,1,6.413449652969838
373.17983508110046,1.5185448290198487,1,6.412012233033678
373.2566297054291,1.5287337985341374,1,6.406262553289048
373.3360188007355,1.5210920713984173,1,6.410574813097523
373.4138357639313,1.5338282832912817,1,6.403387713416734
373.4894690513611,1.5338282832912817,1,6.403387713416734
373.56663489341736,1.5287337985341374,1,6.406262553289048
373.6424276828766,1.5414700104269947,1,6.399075453608263
373.72006392478943,1.538922768048426,1,6.400512873544418
373.7958838939667,1.523639313776993,1,6.409137393161364
373.8729510307312,1.5287337985341374,1,6.406262553289048
373.9499535560608,1.5287337985341374,1,6.406262553289048
374.02634024620056,1.5338282832912817,1,6.403387713416734
374.10568022727966,1.531281040912706,1,6.404825133352893
374.1843876838684,1.5261865561555616,1,6.407699973225208
374.2920606136322,1.5287337985341374,1,6.406262553289048
374.37056064605713,1.5210920713984173,1,6.410574813097523
374.4485731124878,1.5134503442627043,1,6.414887072905994
374.5243856906891,1.5261865561555616,1,6.407699973225208
374.6030614376068,1.5210920713984173,1,6.410574813097523
374.68078780174255,1.5287337985341374,1,6.406262553289048
374.75758242607117,1.538922768048426,1,6.400512873544418
374.83739256858826,1.5261865561555616,1,6.407699973225208
374.9151906967163,1.5261865561555616,1,6.407699973225208
374.992005109787,1.538922768048426,1,6.400512873544418
375.0717213153839,1.523639313776993,1,6.409137393161364
375.1490774154663,1.523639313776993,1,6.409137393161364
375.22616386413574,1.5363755256698504,1,6.401950293480578
375.3030068874359,1.515997586641273,1,6.413449652969838
375.38058161735535,1.5185448290198487,1,6.412012233033678
375.45796513557434,1.5338282832912817,1,6.403387713416734
375.5348970890045,1.5261865561555616,1,6.407699973225208
375.61306047439575,1.523639313776993,1,6.409137393161364
375.7193081378937,1.5363755256698504,1,6.401950293480578
375.79715061187744,1.5261865561555616,1,6.407699973225208
375.87511134147644,1.5185448290198487,1,6.412012233033678
375.9536416530609,1.538922768048426,1,6.400512873544418
376.03149008750916,1.523639313776993,1,6.409137393161364
376.11027431488037,1.5338282832912817,1,6.403387713416734
376.1890642642975,1.538922768048426,1,6.400512873544418
376.2664473056793,1.515997586641273,1,6.413449652969838
376.34304022789,1.5261865561555616,1,6.407699973225208
376.42001509666443,1.5363755256698504,1,6.401950293480578
376.4989767074585,1.5210920713984173,1,6.410574813097523
376.5767185688019,1.531281040912706,1,6.404825133352893
376.65468096733093,1.5363755256698504,1,6.401950293480578
376.7315459251404,1.5287337985341374,1,6.406262553289048
376.8100950717926,1.5287337985341374,1,6.406262553289048
376.8860549926758,1.5440172528055705,1,6.397638033672104
376.9643576145172,1.5210920713984173,1,6.410574813097523
377.0414593219757,1.5363755256698504,1,6.401950293480578
377.1494438648224,1.5287337985341374,1,6.406262553289048
377.22619557380676,1.538922768048426,1,6.400512873544418
377.3040089607239,1.538922768048426,1,6.400512873544418
377.3833782672882,1.5338282832912817,1,6.403387713416734
377.4594819545746,1.5363755256698504,1,6.401950293480578
377.53537344932556,1.5338282832912817,1,6.403387713416734
377.61311650276184,1.5363755256698504,1,6.401950293480578
377.69217324256897,1.5338282832912817,1,6.403387713416734
377.7696418762207,1.5414700104269947,1,6.399075453608263
377.8466453552246,1.523639313776993,1,6.409137393161364
377.92383551597595,1.538922768048426,1,6.400512873544418
378.00104570388794,1.5287337985341374,1,6.406262553289048
378.07986974716187,1.5363755256698504,1,6.401950293480578
378.1587333679199,1.546564495184139,1,6.396200613735948
378.2356560230255,1.546564495184139,1,6.396200613735948
378.31386613845825,1.5363755256698504,1,6.401950293480578
378.3908586502075,1.5338282832912817,1,6.403387713416734
378.468652009964,1.538922768048426,1,6.400512873544418
378.54593324661255,1.5261865561555616,1,6.407699973225208
378.6416058540344,1.546564495184139,1,6.396200613735948
378.7188482284546,1.5363755256698504,1,6.401950293480578
378.79664516448975,1.5261865561555616,1,6.407699973225208
378.87553238868713,1.5287337985341374,1,6.406262553289048
378.95185565948486,1.538922768048426,1,6.400512873544418
379.0316495895386,1.5210920713984173,1,6.410574813097523
379.10982847213745,1.531281040912706,1,6.404825133352893
379.1855981349945,1.5516589799412834,1,6.393325773863633
379.26477789878845,1.531281040912706,1,6.404825133352893
379.3426399230957,1.5414700104269947,1,6.399075453608263
379.4202070236206,1.5491117375627077,1,6.394763193799792
379.49747037887573,1.538922768048426,1,6.400512873544418
379.5802466869354,1.5338282832912817,1,6.403387713416734
379.6547574996948,1.538922768048426,1,6.400512873544418
379.73126792907715,1.5363755256698504,1,6.401950293480578
379.8090555667877,1.5414700104269947,1,6.399075453608263
379.90289306640625,1.546564495184139,1,6.396200613735948
379.9828007221222,1.5440172528055705,1,6.397638033672104
380.07865142822266,1.5261865561555616,1,6.407699973225208
380.15482783317566,1.5414700104269947,1,6.399075453608263
380.2319712638855,1.5414700104269947,1,6.399075453608263
380.3098797798157,1.5363755256698504,1,6.401950293480578
380.38671016693115,1.5440172528055705,1,6.397638033672104
380.4665353298187,1.538922768048426,1,6.400512873544418
380.5423173904419,1.5440172528055705,1,6.397638033672104
380.6199963092804,1.5338282832912817,1,6.403387713416734
380.69982647895813,1.5363755256698504,1,6.401950293480578
380.77742099761963,1.5414700104269947,1,6.399075453608263
380.8549609184265,1.546564495184139,1,6.396200613735948
380.93295907974243,1.5414700104269947,1,6.399075453608263
381.01035928726196,1.546564495184139,1,6.396200613735948
381.08702325820923,1.5363755256698504,1,6.401950293480578
381.1661720275879,1.546564495184139,1,6.396200613735948
381.24495339393616,1.531281040912706,1,6.404825133352893
381.3232421875,1.5440172528055705,1,6.397638033672104
381.3999786376953,1.5440172528055705,1,6.397638033672104
381.4941728115082,1.531281040912706,1,6.404825133352893
381.57084345817566,1.5414700104269947,1,6.399075453608263
381.6501626968384,1.5414700104269947,1,6.399075453608263
381.7260158061981,1.538922768048426,1,6.400512873544418
381.8040351867676,1.5414700104269947,1,6.399075453608263
381.88083004951477,1.5440172528055705,1,6.397638033672104
381.958820104599,1.538922768048426,1,6.400512873544418
382.03565549850464,1.5414700104269947,1,6.399075453608263
382.1131582260132,1.523639313776993,1,6.409137393161364
382.19050335884094,1.5338282832912817,1,6.403387713416734
382.26647567749023,1.531281040912706,1,6.404825133352893
382.34470772743225,1.5440172528055705,1,6.397638033672104
382.4212591648102,1.5440172528055705,1,6.397638033672104
382.4992079734802,1.5338282832912817,1,6.403387713416734
382.5778338909149,1.531281040912706,1,6.404825133352893
382.6562170982361,1.5414700104269947,1,6.399075453608263
382.7345564365387,1.5440172528055705,1,6.397638033672104
382.82875323295593,1.5414700104269947,1,6.399075453608263
382.90604734420776,1.5440172528055705,1,6.397638033672104
382.98431420326233,1.5643951918341408,1,6.386138674182847
383.0616900920868,1.5440172528055705,1,6.397638033672104
383.1376349925995,1.5440172528055705,1,6.397638033672104
383.2174847126007,1.5414700104269947,1,6.399075453608263
383.29555559158325,1.538922768048426,1,6.400512873544418
383.3719427585602,1.5363755256698504,1,6.401950293480578
383.45170283317566,1.5491117375627077,1,6.394763193799792
383.5311596393585,1.531281040912706,1,6.404825133352893
383.6069257259369,1.554206222319852,1,6.391888353927477
383.686398267746,1.554206222319852,1,6.391888353927477
383.7638876438141,1.5261865561555616,1,6.407699973225208
383.84086871147156,1.5440172528055705,1,6.397638033672104
383.92064571380615,1.5440172528055705,1,6.397638033672104
383.9978406429291,1.5491117375627077,1,6.394763193799792
384.07463550567627,1.5363755256698504,1,6.401950293480578
384.1704227924347,1.5516589799412834,1,6.393325773863633
384.24870443344116,1.5363755256698504,1,6.401950293480578
384.326628446579,1.5414700104269947,1,6.399075453608263
384.4067442417145,1.554206222319852,1,6.391888353927477
384.48666167259216,1.5516589799412834,1,6.393325773863633
384.5616855621338,1.538922768048426,1,6.400512873544418
384.6416280269623,1.5516589799412834,1,6.393325773863633
384.71951055526733,1.5491117375627077,1,6.394763193799792
384.7966830730438,1.5338282832912817,1,6.403387713416734
384.87347412109375,1.5618479494555721,1,6.3875760941190025
384.95229291915894,1.5567534646984278,1,6.390450933991318
385.02747225761414,1.5414700104269947,1,6.399075453608263
385.1063165664673,1.546564495184139,1,6.396200613735948
385.18416476249695,1.5618479494555721,1,6.3875760941190025
385.26194500923157,1.546564495184139,1,6.396200613735948
385.341757774353,1.554206222319852,1,6.391888353927477
385.42156863212585,1.5567534646984278,1,6.390450933991318
385.4997239112854,1.554206222319852,1,6.391888353927477
385.5932340621948,1.5440172528055705,1,6.397638033672104
385.6707487106323,1.5567534646984278,1,6.390450933991318
385.74863052368164,1.538922768048426,1,6.400512873544418
385.826997756958,1.546564495184139,1,6.396200613735948
385.9058108329773,1.546564495184139,1,6.396200613735948
385.98250460624695,1.538922768048426,1,6.400512873544418
386.061505317688,1.5363755256698504,1,6.401950293480578
386.1400136947632,1.538922768048426,1,6.400512873544418
386.2179481983185,1.554206222319852,1,6.391888353927477
386.29743933677673,1.546564495184139,1,6.396200613735948
386.3752586841583,1.5491117375627077,1,6.394763193799792
386.45156240463257,1.554206222319852,1,6.391888353927477
386.52896070480347,1.554206222319852,1,6.391888353927477
386.6077847480774,1.5567534646984278,1,6.390450933991318
386.6847550868988,1.5440172528055705,1,6.397638033672104
386.7632300853729,1.538922768048426,1,6.400512873544418
386.84005188941956,1.5516589799412834,1,6.393325773863633
386.94699811935425,1.5491117375627077,1,6.394763193799792
387.0249991416931,1.554206222319852,1,6.391888353927477
387.1030972003937,1.5516589799412834,1,6.393325773863633
387.17946124076843,1.5491117375627077,1,6.394763193799792
387.257052898407,1.5440172528055705,1,6.397638033672104
387.3358533382416,1.5593007070769964,1,6.389013514055162
387.41436672210693,1.5491117375627077,1,6.394763193799792
387.4923014640808,1.5491117375627077,1,6.394763193799792
387.58604645729065,1.5567534646984278,1,6.390450933991318
387.6633653640747,1.5593007070769964,1,6.389013514055162
387.7410478591919,1.546564495184139,1,6.396200613735948
387.81928396224976,1.554206222319852,1,6.391888353927477
387.896279335022,1.5516589799412834,1,6.393325773863633
387.972051858902,1.5643951918341408,1,6.386138674182847
388.04911613464355,1.546564495184139,1,6.396200613735948
388.1254062652588,1.5440172528055705,1,6.397638033672104
388.20314955711365,1.5567534646984278,1,6.390450933991318
388.3111720085144,1.5414700104269947,1,6.399075453608263
388.3909122943878,1.546564495184139,1,6.396200613735948
388.4693307876587,1.5516589799412834,1,6.393325773863633
388.5454595088959,1.5440172528055705,1,6.397638033672104
388.6228427886963,1.5491117375627077,1,6.394763193799792
388.69961309432983,1.5567534646984278,1,6.390450933991318
388.7773914337158,1.5516589799412834,1,6.393325773863633
388.8572316169739,1.546564495184139,1,6.396200613735948
388.9370450973511,1.554206222319852,1,6.391888353927477
389.01354694366455,1.5669424342127165,1,6.384701254246687
389.0928063392639,1.546564495184139,1,6.396200613735948
389.1687128543854,1.5593007070769964,1,6.389013514055162
389.2455644607544,1.5414700104269947,1,6.399075453608263
389.3248472213745,1.5440172528055705,1,6.397638033672104
389.4040756225586,1.5567534646984278,1,6.390450933991318
389.481721162796,1.5567534646984278,1,6.390450933991318
389.5616192817688,1.5516589799412834,1,6.393325773863633
389.64055848121643,1.546564495184139,1,6.396200613735948
389.747599363327,1.5593007070769964,1,6.389013514055162
389.83039259910583,1.554206222319852,1,6.391888353927477
389.90621042251587,1.538922768048426,1,6.400512873544418
389.98400688171387,1.554206222319852,1,6.391888353927477
390.0607967376709,1.546564495184139,1,6.396200613735948
390.13962626457214,1.546564495184139,1,6.396200613735948
390.21542382240295,1.5593007070769964,1,6.389013514055162
390.30739879608154,1.5516589799412834,1,6.393325773863633
390.3846342563629,1.5694896765912851,1,6.383263834310532
390.46243834495544,1.5516589799412834,1,6.393325773863633
390.54164361953735,1.5567534646984278,1,6.390450933991318
390.62117171287537,1.5440172528055705,1,6.397638033672104
390.6989915370941,1.5593007070769964,1,6.389013514055162
390.77890944480896,1.5669424342127165,1,6.384701254246687
390.85772490501404,1.5516589799412834,1,6.393325773863633
390.9340708255768,1.5440172528055705,1,6.397638033672104
391.01388597488403,1.5694896765912851,1,6.383263834310532
391.1083676815033,1.5491117375627077,1,6.394763193799792
391.1861672401428,1.5643951918341408,1,6.386138674182847
391.2649028301239,1.5618479494555721,1,6.3875760941190025
391.3413691520691,1.538922768048426,1,6.400512873544418
391.41822242736816,1.5516589799412834,1,6.393325773863633
391.4979832172394,1.5567534646984278,1,6.390450933991318
391.57644844055176,1.5593007070769964,1,6.389013514055162
391.6534032821655,1.5669424342127165,1,6.384701254246687
391.73094964027405,1.5491117375627077,1,6.394763193799792
391.80821442604065,1.5567534646984278,1,6.390450933991318
391.88596081733704,1.5745841613484295,1,6.380388994438217
391.96432065963745,1.5669424342127165,1,6.384701254246687
392.0413672924042,1.5618479494555721,1,6.3875760941190025
392.12015652656555,1.5669424342127165,1,6.384701254246687
392.1970624923706,1.5593007070769964,1,6.389013514055162
392.27494740486145,1.5618479494555721,1,6.3875760941190025
392.3530967235565,1.5516589799412834,1,6.393325773863633
392.445841550827,1.5593007070769964,1,6.389013514055162
392.52214884757996,1.5567534646984278,1,6.390450933991318
392.5991458892822,1.5643951918341408,1,6.386138674182847
392.67846846580505,1.5593007070769964,1,6.389013514055162
392.7562470436096,1.5593007070769964,1,6.389013514055162
392.83400678634644,1.5593007070769964,1,6.389013514055162
392.91080141067505,1.5567534646984278,1,6.390450933991318
392.9866030216217,1.5669424342127165,1,6.384701254246687
393.0634779930115,1.5720369189698609,1,6.381826414374372
393.1410324573517,1.5491117375627077,1,6.394763193799792
393.217866897583,1.5618479494555721,1,6.3875760941190025
393.29645013809204,1.5669424342127165,1,6.384701254246687
393.37421345710754,1.5491117375627077,1,6.394763193799792
393.45199823379517,1.5567534646984278,1,6.390450933991318
393.529084444046,1.5643951918341408,1,6.386138674182847
393.60620760917664,1.5516589799412834,1,6.393325773863633
393.68206429481506,1.5567534646984278,1,6.390450933991318
393.76088428497314,1.554206222319852,1,6.391888353927477
393.85605096817017,1.554206222319852,1,6.391888353927477
393.93342685699463,1.5669424342127165,1,6.384701254246687
394.012464761734,1.5567534646984278,1,6.390450933991318
394.0922348499298,1.5593007070769964,1,6.389013514055162
394.16920471191406,1.5516589799412834,1,6.393325773863633
394.2477264404297,1.5516589799412834,1,6.393325773863633
394.3275845050812,1.5567534646984278,1,6.390450933991318
394.4054958820343,1.5567534646984278,1,6.390450933991318
394.4828095436096,1.5669424342127165,1,6.384701254246687
394.56001567840576,1.5618479494555721,1,6.3875760941190025
394.6368463039398,1.546564495184139,1,6.396200613735948
394.71486592292786,1.5694896765912851,1,6.383263834310532
394.7937068939209,1.5567534646984278,1,6.390450933991318
394.87143063545227,1.5440172528055705,1,6.397638033672104
394.9485397338867,1.5567534646984278,1,6.390450933991318
395.0267117023468,1.5593007070769964,1,6.389013514055162
395.1045036315918,1.546564495184139,1,6.396200613735948
395.19801139831543,1.5618479494555721,1,6.3875760941190025
395.27777314186096,1.5593007070769964,1,6.389013514055162
395.35360860824585,1.5516589799412834,1,6.393325773863633
395.4314053058624,1.5618479494555721,1,6.3875760941190025
395.5091927051544,1.5567534646984278,1,6.390450933991318
395.601455450058,1.5669424342127165,1,6.384701254246687
395.67885661125183,1.5771314037269981,1,6.378951574502062
395.7578172683716,1.5643951918341408,1,6.386138674182847
395.8342716693878,1.5593007070769964,1,6.389013514055162
395.9134690761566,1.5516589799412834,1,6.393325773863633
395.991486787796,1.5593007070769964,1,6.389013514055162
396.0684823989868,1.554206222319852,1,6.391888353927477
396.14664793014526,1.5643951918341408,1,6.386138674182847
396.22445940971375,1.5643951918341408,1,6.386138674182847
396.30133962631226,1.5720369189698609,1,6.381826414374372
396.37947130203247,1.5694896765912851,1,6.383263834310532
396.4583375453949,1.546564495184139,1,6.396200613735948
396.5502595901489,1.5720369189698609,1,6.381826414374372
396.62907910346985,1.5796786461055738,1,6.377514154565902
396.70885825157166,1.5491117375627077,1,6.394763193799792
396.7833790779114,1.5593007070769964,1,6.389013514055162
396.8602862358093,1.5720369189698609,1,6.381826414374372
396.9381980895996,1.5669424342127165,1,6.384701254246687
397.0140242576599,1.5669424342127165,1,6.384701254246687
397.09161949157715,1.5694896765912851,1,6.383263834310532
397.1703851222992,1.5516589799412834,1,6.393325773863633
397.24522829055786,1.5643951918341408,1,6.386138674182847
397.3207178115845,1.5643951918341408,1,6.386138674182847
397.39899039268494,1.5618479494555721,1,6.3875760941190025
397.475243806839,1.5720369189698609,1,6.381826414374372
397.5523302555084,1.5643951918341408,1,6.386138674182847
397.62909054756165,1.5745841613484295,1,6.380388994438217
397.7059404850006,1.5593007070769964,1,6.389013514055162
397.78771710395813,1.5618479494555721,1,6.3875760941190025
397.86405324935913,1.5720369189698609,1,6.381826414374372
397.9731149673462,1.5567534646984278,1,6.390450933991318
398.0486876964569,1.5567534646984278,1,6.390450933991318
398.1253569126129,1.5720369189698609,1,6.381826414374372
398.20295310020447,1.5618479494555721,1,6.3875760941190025
398.2797620296478,1.5669424342127165,1,6.384701254246687
398.35739970207214,1.5745841613484295,1,6.380388994438217
398.43405985832214,1.5694896765912851,1,6.383263834310532
398.5130286216736,1.5669424342127165,1,6.384701254246687
398.59102988243103,1.5567534646984278,1,6.390450933991318
398.66675567626953,1.5643951918341408,1,6.386138674182847
398.7441849708557,1.5745841613484295,1,6.380388994438217
398.82320070266724,1.546564495184139,1,6.396200613735948
398.89956855773926,1.5618479494555721,1,6.3875760941190025
398.9763262271881,1.5720369189698609,1,6.381826414374372
399.056193113327,1.554206222319852,1,6.391888353927477
399.1331205368042,1.5771314037269981,1,6.378951574502062
399.2099943161011,1.5694896765912851,1,6.383263834310532
399.3051164150238,1.5567534646984278,1,6.390450933991318
399.38243651390076,1.5745841613484295,1,6.380388994438217
399.46118688583374,1.5694896765912851,1,6.383263834310532
399.53907108306885,1.5593007070769964,1,6.389013514055162
399.61692214012146,1.5643951918341408,1,6.386138674182847
399.6957881450653,1.5720369189698609,1,6.381826414374372
399.7735331058502,1.5694896765912851,1,6.383263834310532
399.85033535957336,1.5643951918341408,1,6.386138674182847
399.92868876457214,1.5796786461055738,1,6.377514154565902
400.00779843330383,1.5771314037269981,1,6.378951574502062
400.1005051136017,1.5720369189698609,1,6.381826414374372
400.1782109737396,1.5771314037269981,1,6.378951574502062
400.2542243003845,1.5643951918341408,1,6.386138674182847
400.330518245697,1.5694896765912851,1,6.383263834310532
400.4073326587677,1.5694896765912851,1,6.383263834310532
400.4841351509094,1.5669424342127165,1,6.384701254246687
400.5609700679779,1.5720369189698609,1,6.381826414374372
400.65387511253357,1.5694896765912851,1,6.383263834310532
400.73167085647583,1.5643951918341408,1,6.386138674182847
400.808509349823,1.5643951918341408,1,6.386138674182847
400.88726234436035,1.5618479494555721,1,6.3875760941190025
400.9650995731354,1.5720369189698609,1,6.381826414374372
401.04089283943176,1.5847731308627182,1,6.374639314693587
401.1206796169281,1.5618479494555721,1,6.3875760941190025
401.2124345302582,1.5796786461055738,1,6.377514154565902
401.29222106933594,1.5771314037269981,1,6.378951574502062
401.37172508239746,1.5771314037269981,1,6.378951574502062
401.4475221633911,1.5720369189698609,1,6.381826414374372
401.5256721973419,1.5720369189698609,1,6.381826414374372
401.60298347473145,1.5720369189698609,1,6.381826414374372
401.67889738082886,1.5771314037269981,1,6.378951574502062
401.7580111026764,1.5694896765912851,1,6.383263834310532
401.83562302589417,1.5593007070769964,1,6.389013514055162
401.9124562740326,1.5771314037269981,1,6.378951574502062
401.99134349823,1.5771314037269981,1,6.378951574502062
402.10056471824646,1.5771314037269981,1,6.378951574502062
402.17537021636963,1.5720369189698609,1,6.381826414374372
402.25397753715515,1.5720369189698609,1,6.381826414374372
402.3318314552307,1.5669424342127165,1,6.384701254246687
402.4116666316986,1.5771314037269981,1,6.378951574502062
402.4882574081421,1.5745841613484295,1,6.380388994438217
402.56740140914917,1.5567534646984278,1,6.390450933991318
402.64408135414124,1.5771314037269981,1,6.378951574502062
402.7208788394928,1.5669424342127165,1,6.384701254246687
402.7990982532501,1.5745841613484295,1,6.380388994438217
402.878356218338,1.5771314037269981,1,6.378951574502062
402.95703196525574,1.5771314037269981,1,6.378951574502062
403.0346176624298,1.5643951918341408,1,6.386138674182847
403.11084270477295,1.5745841613484295,1,6.380388994438217
403.1878733634949,1.5643951918341408,1,6.386138674182847
403.2659499645233,1.5745841613484295,1,6.380388994438217
403.3434090614319,1.5771314037269981,1,6.378951574502062
403.436785697937,1.5745841613484295,1,6.380388994438217
403.5305802822113,1.5796786461055738,1,6.377514154565902
403.60801362991333,1.5873203732412868,1,6.373201894757432
403.6871745586395,1.5720369189698609,1,6.381826414374372
403.7623827457428,1.5745841613484295,1,6.380388994438217
403.8410384654999,1.5720369189698609,1,6.381826414374372
403.9180748462677,1.5745841613484295,1,6.380388994438217
403.9974105358124,1.5669424342127165,1,6.384701254246687
404.07555770874023,1.5694896765912851,1,6.383263834310532
404.1543893814087,1.5745841613484295,1,6.380388994438217
404.2312982082367,1.5669424342127165,1,6.384701254246687
404.3101408481598,1.5873203732412868,1,6.373201894757432
404.38803124427795,1.5771314037269981,1,6.378951574502062
404.46501564979553,1.5694896765912851,1,6.383263834310532
404.5419840812683,1.5796786461055738,1,6.377514154565902
404.62082600593567,1.594962100377007,1,6.368889634948957
404.69861793518066,1.5720369189698609,1,6.381826414374372
404.7923707962036,1.5720369189698609,1,6.381826414374372
404.868745803833,1.5669424342127165,1,6.384701254246687
404.945907831192,1.5720369189698609,1,6.381826414374372
405.0234966278076,1.5898676156198626,1,6.371764474821272
405.1005082130432,1.5694896765912851,1,6.383263834310532
405.1760137081146,1.5847731308627182,1,6.374639314693587
405.2528657913208,1.5796786461055738,1,6.377514154565902
405.33089804649353,1.5771314037269981,1,6.378951574502062
405.40859937667847,1.5771314037269981,1,6.378951574502062
405.48768186569214,1.5898676156198626,1,6.371764474821272
405.56770372390747,1.5669424342127165,1,6.384701254246687
405.64504504203796,1.5771314037269981,1,6.378951574502062
405.72424149513245,1.5822258884841425,1,6.376076734629747
405.80213356018066,1.5847731308627182,1,6.374639314693587
405.8779675960541,1.5873203732412868,1,6.373201894757432
405.9557611942291,1.5898676156198626,1,6.371764474821272
406.03347301483154,1.5771314037269981,1,6.378951574502062
406.1096065044403,1.5898676156198626,1,6.371764474821272
406.20281434059143,1.5822258884841425,1,6.376076734629747
406.28150963783264,1.5771314037269981,1,6.378951574502062
406.3576285839081,1.5796786461055738,1,6.377514154565902
406.435875415802,1.5694896765912851,1,6.383263834310532
406.51578426361084,1.5822258884841425,1,6.376076734629747
406.5936095714569,1.5822258884841425,1,6.376076734629747
406.67132472991943,1.5873203732412868,1,6.373201894757432
406.7498733997345,1.5720369189698609,1,6.381826414374372
406.8260884284973,1.594962100377007,1,6.368889634948957
406.90537190437317,1.5847731308627182,1,6.374639314693587
406.98364186286926,1.5847731308627182,1,6.374639314693587
407.0598292350769,1.5771314037269981,1,6.378951574502062
407.1376316547394,1.5771314037269981,1,6.378951574502062
407.2144329547882,1.5796786461055738,1,6.377514154565902
407.2900424003601,1.5873203732412868,1,6.373201894757432
407.3679506778717,1.5745841613484295,1,6.380388994438217
407.44713950157166,1.5771314037269981,1,6.378951574502062
407.5545516014099,1.5847731308627182,1,6.374639314693587
407.6318259239197,1.5771314037269981,1,6.378951574502062
407.7105188369751,1.5822258884841425,1,6.376076734629747
407.78802251815796,1.5873203732412868,1,6.373201894757432
407.8662922382355,1.5822258884841425,1,6.376076734629747
407.9443643093109,1.5822258884841425,1,6.376076734629747
408.0196490287781,1.5771314037269981,1,6.378951574502062
408.09743666648865,1.5822258884841425,1,6.376076734629747
408.17529368400574,1.5847731308627182,1,6.374639314693587
408.25320625305176,1.5796786461055738,1,6.377514154565902
408.33117723464966,1.5771314037269981,1,6.378951574502062
408.40802550315857,1.5771314037269981,1,6.378951574502062
408.4840633869171,1.594962100377007,1,6.368889634948957
408.562979221344,1.5745841613484295,1,6.380388994438217
408.6400430202484,1.594962100377007,1,6.368889634948957
408.71707487106323,1.5694896765912851,1,6.383263834310532
408.79596424102783,1.5745841613484295,1,6.380388994438217
408.90294003486633,1.5898676156198626,1,6.371764474821272
408.98008155822754,1.5745841613484295,1,6.380388994438217
409.0582401752472,1.5924148579984312,1,6.3703270548851165
409.13516545295715,1.5847731308627182,1,6.374639314693587
409.2149021625519,1.5796786461055738,1,6.377514154565902
409.2930495738983,1.5898676156198626,1,6.371764474821272
409.370126247406,1.594962100377007,1,6.368889634948957
409.43322825431824,1.5771314037269981,1,6.378951574502062
409.512579202652,1.5975093427555755,1,6.3674522150128015
409.588986158371,1.5975093427555755,1,6.3674522150128015
409.66581082344055,1.5643951918341408,1,6.386138674182847
409.74339270591736,1.5771314037269981,1,6.378951574502062
409.80701971054077,1.5975093427555755,1,6.3674522150128015
409.8843605518341,1.5847731308627182,1,6.374639314693587
409.9482169151306,1.5924148579984312,1,6.3703270548851165
410.0260350704193,1.594962100377007,1,6.368889634948957
410.1040279865265,1.5975093427555755,1,6.3674522150128015
410.18351006507874,1.5771314037269981,1,6.378951574502062
410.24742603302,1.5924148579984312,1,6.3703270548851165
410.3252170085907,1.5873203732412868,1,6.373201894757432
410.41934061050415,1.5847731308627182,1,6.374639314693587
410.4963502883911,1.5873203732412868,1,6.373201894757432
410.5733699798584,1.5796786461055738,1,6.377514154565902
410.63653779029846,1.5924148579984312,1,6.3703270548851165
410.7150778770447,1.5822258884841425,1,6.376076734629747
410.79190325737,1.5924148579984312,1,6.3703270548851165
410.8688178062439,1.5975093427555755,1,6.3674522150128015
410.94668221473694,1.5847731308627182,1,6.374639314693587
411.0242817401886,1.594962100377007,1,6.368889634948957
411.1011462211609,1.5822258884841425,1,6.376076734629747
411.1786403656006,1.5796786461055738,1,6.377514154565902
411.25643396377563,1.5873203732412868,1,6.373201894757432
411.33610129356384,1.5873203732412868,1,6.373201894757432
411.3999755382538,1.5873203732412868,1,6.373201894757432
411.47976541519165,1.5847731308627182,1,6.374639314693587
411.557653427124,1.594962100377007,1,6.368889634948957
411.63395500183105,1.5720369189698609,1,6.381826414374372
411.71085023880005,1.5771314037269981,1,6.378951574502062
411.7887933254242,1.5924148579984312,1,6.3703270548851165
411.8657112121582,1.5898676156198626,1,6.371764474821272
411.97190284729004,1.5975093427555755,1,6.3674522150128015
412.0479362010956,1.5847731308627182,1,6.374639314693587
412.1258931159973,1.5975093427555755,1,6.3674522150128015
412.20171761512756,1.5975093427555755,1,6.3674522150128015
412.2805526256561,1.5873203732412868,1,6.373201894757432
412.35747361183167,1.5975093427555755,1,6.3674522150128015
412.43380665779114,1.5822258884841425,1,6.376076734629747
412.5115694999695,1.5898676156198626,1,6.371764474821272
412.58787846565247,1.5924148579984312,1,6.3703270548851165
412.66567063331604,1.5796786461055738,1,6.377514154565902
412.7294945716858,1.5822258884841425,1,6.376076734629747
412.807368516922,1.5924148579984312,1,6.3703270548851165
412.8841395378113,1.5847731308627182,1,6.374639314693587
412.9630856513977,1.5796786461055738,1,6.377514154565902
413.04113388061523,1.5898676156198626,1,6.371764474821272
413.1200740337372,1.6000565851341513,1,6.366014795076642
413.1978392601013,1.5873203732412868,1,6.373201894757432
413.2745442390442,1.5975093427555755,1,6.3674522150128015
413.3523292541504,1.5898676156198626,1,6.371764474821272
413.42978382110596,1.6000565851341513,1,6.366014795076642
413.52131175994873,1.5822258884841425,1,6.376076734629747
413.599338054657,1.5745841613484295,1,6.380388994438217
413.6761245727539,1.5924148579984312,1,6.3703270548851165
413.75492906570435,1.5924148579984312,1,6.3703270548851165
413.83107900619507,1.5822258884841425,1,6.376076734629747
413.9098641872406,1.5975093427555755,1,6.3674522150128015
413.98730754852295,1.5924148579984312,1,6.3703270548851165
414.0630683898926,1.5898676156198626,1,6.371764474821272
414.14158272743225,1.5924148579984312,1,6.3703270548851165
414.2191672325134,1.6000565851341513,1,6.366014795076642
414.295077085495,1.594962100377007,1,6.368889634948957
414.3750784397125,1.594962100377007,1,6.368889634948957
414.4379632472992,1.6127927970270086,1,6.358827695395856
414.5139961242676,1.5873203732412868,1,6.373201894757432
414.5892376899719,1.5873203732412868,1,6.373201894757432
414.65156745910645,1.5975093427555755,1,6.3674522150128015
414.715234041214,1.5873203732412868,1,6.373201894757432
414.7928981781006,1.5898676156198626,1,6.371764474821272
414.8714711666107,1.5924148579984312,1,6.3703270548851165
414.94926285743713,1.5924148579984312,1,6.3703270548851165
415.0253758430481,1.5873203732412868,1,6.373201894757432
415.11931800842285,1.6000565851341513,1,6.366014795076642
415.1962151527405,1.6000565851341513,1,6.366014795076642
415.27216958999634,1.5975093427555755,1,6.3674522150128015
415.34977746009827,1.5771314037269981,1,6.378951574502062
415.4132432937622,1.5822258884841425,1,6.376076734629747
415.49001383781433,1.5873203732412868,1,6.373201894757432
415.56580114364624,1.5898676156198626,1,6.371764474821272
415.6437361240387,1.594962100377007,1,6.368889634948957
415.71954798698425,1.594962100377007,1,6.368889634948957
415.79696559906006,1.5847731308627182,1,6.374639314693587
415.87595534324646,1.5898676156198626,1,6.371764474821272
415.9517502784729,1.6000565851341513,1,6.366014795076642
416.03107237815857,1.5822258884841425,1,6.376076734629747
416.10986709594727,1.60260382751272,1,6.364577375140486
416.18573331832886,1.6076983122698643,1,6.361702535268171
416.26382303237915,1.5924148579984312,1,6.3703270548851165
416.3418960571289,1.5898676156198626,1,6.371764474821272
416.41888976097107,1.5873203732412868,1,6.373201894757432
416.4970006942749,1.5873203732412868,1,6.373201894757432
416.5756766796112,1.5924148579984312,1,6.3703270548851165
416.6666293144226,1.594962100377007,1,6.368889634948957
416.730126619339,1.5898676156198626,1,6.371764474821272
416.79398560523987,1.5847731308627182,1,6.374639314693587
416.86983346939087,1.5975093427555755,1,6.3674522150128015
416.9325153827667,1.6051510698912885,1,6.363139955204331
417.00966930389404,1.5975093427555755,1,6.3674522150128015
417.07258677482605,1.5975093427555755,1,6.3674522150128015
417.1544301509857,1.6127927970270086,1,6.358827695395856
417.2418088912964,1.6000565851341513,1,6.366014795076642
417.3184702396393,1.6000565851341513,1,6.366014795076642
417.3946785926819,1.5873203732412868,1,6.373201894757432
417.471638917923,1.6076983122698643,1,6.361702535268171
417.54870653152466,1.6051510698912885,1,6.363139955204331
417.62657380104065,1.5873203732412868,1,6.373201894757432
417.70261216163635,1.6153400394055772,1,6.357390275459701
417.78067898750305,1.5924148579984312,1,6.3703270548851165
417.85676860809326,1.5975093427555755,1,6.3674522150128015
417.9338665008545,1.5975093427555755,1,6.3674522150128015
418.0110893249512,1.5924148579984312,1,6.3703270548851165
418.0889382362366,1.594962100377007,1,6.368889634948957
418.1836793422699,1.6102455546484329,1,6.360265115332016
418.26130771636963,1.6000565851341513,1,6.366014795076642
418.33942556381226,1.594962100377007,1,6.368889634948957
418.4330770969391,1.5898676156198626,1,6.371764474821272
418.50940561294556,1.6000565851341513,1,6.366014795076642
418.58721590042114,1.6051510698912885,1,6.363139955204331
418.6506276130676,1.5873203732412868,1,6.373201894757432
418.7273540496826,1.6051510698912885,1,6.363139955204331
418.8043112754822,1.594962100377007,1,6.368889634948957
418.883287191391,1.6000565851341513,1,6.366014795076642
418.9601254463196,1.6051510698912885,1,6.363139955204331
419.0379099845886,1.6076983122698643,1,6.361702535268171
419.11606073379517,1.594962100377007,1,6.368889634948957
419.19308495521545,1.5975093427555755,1,6.3674522150128015
419.2690303325653,1.60260382751272,1,6.364577375140486
419.34608602523804,1.5847731308627182,1,6.374639314693587
419.421941280365,1.6051510698912885,1,6.363139955204331
419.5043408870697,1.6102455546484329,1,6.360265115332016
419.5770959854126,1.6076983122698643,1,6.361702535268171
419.65502882003784,1.60260382751272,1,6.364577375140486
419.74800658226013,1.594962100377007,1,6.368889634948957
419.8115108013153,1.5924148579984312,1,6.3703270548851165
419.87459111213684,1.60260382751272,1,6.364577375140486
419.9498326778412,1.6051510698912885,1,6.363139955204331
420.02787232398987,1.5924148579984312,1,6.3703270548851165
420.1060082912445,1.6153400394055772,1,6.357390275459701
420.1830840110779,1.6051510698912885,1,6.363139955204331
420.2602837085724,1.6127927970270086,1,6.358827695395856
420.33739495277405,1.617887281784153,1,6.355952855523541
420.41405415534973,1.6000565851341513,1,6.366014795076642
420.49298548698425,1.5873203732412868,1,6.373201894757432
420.57217502593994,1.5975093427555755,1,6.3674522150128015
420.6489384174347,1.6000565851341513,1,6.366014795076642
420.72498178482056,1.6000565851341513,1,6.366014795076642
420.80320858955383,1.6076983122698643,1,6.361702535268171
420.8800621032715,1.5975093427555755,1,6.3674522150128015
420.95831847190857,1.594962100377007,1,6.368889634948957
421.0359060764313,1.60260382751272,1,6.364577375140486
421.11307978630066,1.594962100377007,1,6.368889634948957
421.1898760795593,1.6153400394055772,1,6.357390275459701
421.28186678886414,1.6127927970270086,1,6.358827695395856
421.3595700263977,1.594962100377007,1,6.368889634948957
421.4378230571747,1.60260382751272,1,6.364577375140486
421.51574206352234,1.6076983122698643,1,6.361702535268171
421.5918219089508,1.6000565851341513,1,6.366014795076642
421.6556513309479,1.6051510698912885,1,6.363139955204331
421.73375153541565,1.6204345241627216,1,6.354515435587386
421.8107626438141,1.5975093427555755,1,6.3674522150128015
421.8747010231018,1.6051510698912885,1,6.363139955204331
421.951721906662,1.6127927970270086,1,6.358827695395856
422.02829146385193,1.6051510698912885,1,6.363139955204331
422.10622239112854,1.6076983122698643,1,6.361702535268171
422.18241930007935,1.6153400394055772,1,6.357390275459701
422.2586441040039,1.594962100377007,1,6.368889634948957
422.33770632743835,1.6076983122698643,1,6.361702535268171
422.41552662849426,1.6000565851341513,1,6.366014795076642
422.4924433231354,1.6102455546484329,1,6.360265115332016
422.57071685791016,1.6153400394055772,1,6.357390275459701
422.64963936805725,1.60260382751272,1,6.364577375140486
422.72767519950867,1.594962100377007,1,6.368889634948957
422.80599546432495,1.6102455546484329,1,6.360265115332016
422.9012997150421,1.6204345241627216,1,6.354515435587386
422.9789140224457,1.6076983122698643,1,6.361702535268171
423.05771470069885,1.60260382751272,1,6.364577375140486
423.133962392807,1.6000565851341513,1,6.366014795076642
423.210901260376,1.6102455546484329,1,6.360265115332016
423.27478766441345,1.6051510698912885,1,6.363139955204331
423.3532991409302,1.6153400394055772,1,6.357390275459701
423.4316599369049,1.6000565851341513,1,6.366014795076642
423.51055121421814,1.6102455546484329,1,6.360265115332016
423.5893361568451,1.60260382751272,1,6.364577375140486
423.66744327545166,1.6102455546484329,1,6.360265115332016
423.731018781662,1.6000565851341513,1,6.366014795076642
423.8096385002136,1.6076983122698643,1,6.361702535268171
423.87313437461853,1.6153400394055772,1,6.357390275459701
423.95048451423645,1.6076983122698643,1,6.361702535268171
424.02806305885315,1.6076983122698643,1,6.361702535268171
424.1050419807434,1.6051510698912885,1,6.363139955204331
424.1820797920227,1.6127927970270086,1,6.358827695395856
424.2459330558777,1.594962100377007,1,6.368889634948957
424.3244400024414,1.6153400394055772,1,6.357390275459701
424.417763710022,1.6076983122698643,1,6.361702535268171
424.4811351299286,1.60260382751272,1,6.364577375140486
424.5442759990692,1.6051510698912885,1,6.363139955204331
424.6213457584381,1.617887281784153,1,6.355952855523541
424.70098209381104,1.617887281784153,1,6.355952855523541
424.7650456428528,1.6076983122698643,1,6.361702535268171
424.8429238796234,1.60260382751272,1,6.364577375140486
424.92078948020935,1.6127927970270086,1,6.358827695395856
424.9996621608734,1.617887281784153,1,6.355952855523541
425.07615852355957,1.6051510698912885,1,6.363139955204331
425.17186307907104,1.625529008919866,1,6.351640595715071
425.24977254867554,1.617887281784153,1,6.355952855523541
425.3271310329437,1.6051510698912885,1,6.363139955204331
425.40399289131165,1.6229817665412973,1,6.353078015651226
425.4807198047638,1.6127927970270086,1,6.358827695395856
425.5575695037842,1.60260382751272,1,6.364577375140486
425.6215274333954,1.6229817665412973,1,6.353078015651226
425.70029067993164,1.617887281784153,1,6.355952855523541
425.77744936943054,1.6076983122698643,1,6.361702535268171
425.85599541664124,1.6076983122698643,1,6.361702535268171
425.94934844970703,1.6102455546484329,1,6.360265115332016
426.0262007713318,1.6076983122698643,1,6.361702535268171
426.1031835079193,1.6280762512984417,1,6.350203175778911
426.1798048019409,1.6127927970270086,1,6.358827695395856
426.2574722766876,1.6076983122698643,1,6.361702535268171
426.3357653617859,1.6204345241627216,1,6.354515435587386
426.4119575023651,1.6153400394055772,1,6.357390275459701
426.48817253112793,1.6076983122698643,1,6.361702535268171
426.56591725349426,1.6153400394055772,1,6.357390275459701
426.64487743377686,1.625529008919866,1,6.351640595715071
426.7225966453552,1.6280762512984417,1,6.350203175778911
426.8007206916809,1.6229817665412973,1,6.353078015651226
426.87826323509216,1.6153400394055772,1,6.357390275459701
426.95529532432556,1.6153400394055772,1,6.357390275459701
427.03170824050903,1.6204345241627216,1,6.354515435587386
427.1098372936249,1.6153400394055772,1,6.357390275459701
427.18712973594666,1.6280762512984417,1,6.350203175778911
427.2657082080841,1.6229817665412973,1,6.353078015651226
427.34545397758484,1.617887281784153,1,6.355952855523541
427.4362225532532,1.6306234936770103,1,6.348765755842756
427.54392313957214,1.6051510698912885,1,6.363139955204331
427.6207551956177,1.617887281784153,1,6.355952855523541
427.6995544433594,1.617887281784153,1,6.355952855523541
427.7633833885193,1.60260382751272,1,6.364577375140486
427.84221506118774,1.6127927970270086,1,6.358827695395856
427.9056348800659,1.6153400394055772,1,6.357390275459701
427.9694998264313,1.625529008919866,1,6.351640595715071
428.04861402511597,1.6127927970270086,1,6.358827695395856
428.12511920928955,1.6153400394055772,1,6.357390275459701
428.20423221588135,1.633170736055579,1,6.3473283359065995
428.2806384563446,1.6127927970270086,1,6.358827695395856
428.3574171066284,1.617887281784153,1,6.355952855523541
428.43678545951843,1.6076983122698643,1,6.361702535268171
428.5089793205261,1.6229817665412973,1,6.353078015651226
428.5797920227051,1.6204345241627216,1,6.354515435587386
428.65744185447693,1.6102455546484329,1,6.360265115332016
428.73606061935425,1.6153400394055772,1,6.357390275459701
428.8128321170807,1.6204345241627216,1,6.354515435587386
428.89072155952454,1.6229817665412973,1,6.353078015651226
428.967422246933,1.6102455546484329,1,6.360265115332016
429.0600962638855,1.6076983122698643,1,6.361702535268171
429.1377503871918,1.625529008919866,1,6.351640595715071
429.2175533771515,1.617887281784153,1,6.355952855523541
429.29452538490295,1.617887281784153,1,6.355952855523541
429.3723523616791,1.6229817665412973,1,6.353078015651226
429.4501645565033,1.6280762512984417,1,6.350203175778911
429.5266947746277,1.6076983122698643,1,6.361702535268171
429.6045699119568,1.633170736055579,1,6.3473283359065995
429.682510137558,1.633170736055579,1,6.3473283359065995
429.76029992103577,1.60260382751272,1,6.364577375140486
429.83998131752014,1.6051510698912885,1,6.363139955204331
429.9169924259186,1.6076983122698643,1,6.361702535268171
429.99463725090027,1.6051510698912885,1,6.363139955204331
430.0722529888153,1.6102455546484329,1,6.360265115332016
430.13603949546814,1.625529008919866,1,6.351640595715071
430.21400332450867,1.617887281784153,1,6.355952855523541
430.2778902053833,1.6051510698912885,1,6.363139955204331
430.3568911552429,1.6153400394055772,1,6.357390275459701
430.4325542449951,1.6229817665412973,1,6.353078015651226
430.5108153820038,1.6204345241627216,1,6.354515435587386
430.58807730674744,1.640812463191299,1,6.343016076098126
430.68053579330444,1.6280762512984417,1,6.350203175778911
430.7440676689148,1.617887281784153,1,6.355952855523541
430.8221945762634,1.617887281784153,1,6.355952855523541
430.90010046958923,1.6306234936770103,1,6.348765755842756
430.9780237674713,1.6127927970270086,1,6.358827695395856
431.056028842926,1.633170736055579,1,6.3473283359065995
431.13273668289185,1.6306234936770103,1,6.348765755842756
431.2119905948639,1.6102455546484329,1,6.360265115332016
431.28989720344543,1.6204345241627216,1,6.354515435587386
431.36596632003784,1.625529008919866,1,6.351640595715071
431.44209909439087,1.6280762512984417,1,6.350203175778911
431.520302772522,1.6229817665412973,1,6.353078015651226
431.59732246398926,1.633170736055579,1,6.3473283359065995
431.673255443573,1.6127927970270086,1,6.358827695395856
431.75002813339233,1.640812463191299,1,6.343016076098126
431.82627725601196,1.6229817665412973,1,6.353078015651226
431.90340995788574,1.633170736055579,1,6.3473283359065995
431.9821996688843,1.6204345241627216,1,6.354515435587386
432.0606083869934,1.6280762512984417,1,6.350203175778911
432.13850688934326,1.625529008919866,1,6.351640595715071
432.2332649230957,1.633170736055579,1,6.3473283359065995
432.31068229675293,1.625529008919866,1,6.351640595715071
432.37440633773804,1.6280762512984417,1,6.350203175778911
432.45278310775757,1.6280762512984417,1,6.350203175778911
432.5315134525299,1.633170736055579,1,6.3473283359065995
432.60918617248535,1.617887281784153,1,6.355952855523541
432.68747758865356,1.6280762512984417,1,6.350203175778911
432.76474714279175,1.6229817665412973,1,6.353078015651226
432.8416500091553,1.617887281784153,1,6.355952855523541
432.91946506500244,1.6280762512984417,1,6.350203175778911
432.998254776001,1.6280762512984417,1,6.350203175778911
433.07604217529297,1.617887281784153,1,6.355952855523541
433.1552917957306,1.6229817665412973,1,6.353078015651226
433.23085832595825,1.6357179784341547,1,6.345890915970441
433.3096477985382,1.6204345241627216,1,6.354515435587386
433.37348222732544,1.625529008919866,1,6.351640595715071
433.4514973163605,1.6357179784341547,1,6.345890915970441
433.5292546749115,1.6280762512984417,1,6.350203175778911
433.5931215286255,1.625529008919866,1,6.351640595715071
433.6708962917328,1.625529008919866,1,6.351640595715071
433.7621009349823,1.6357179784341547,1,6.345890915970441
433.8394491672516,1.6229817665412973,1,6.353078015651226
433.9192359447479,1.6433597055698677,1,6.341578656161969
433.9968492984772,1.6357179784341547,1,6.345890915970441
434.0748484134674,1.625529008919866,1,6.351640595715071
434.1530268192291,1.6357179784341547,1,6.345890915970441
434.2308118343353,1.6357179784341547,1,6.345890915970441
434.3069863319397,1.633170736055579,1,6.3473283359065995
434.38394570350647,1.625529008919866,1,6.351640595715071
434.4606945514679,1.633170736055579,1,6.3473283359065995
434.5392153263092,1.633170736055579,1,6.3473283359065995
434.6180064678192,1.633170736055579,1,6.3473283359065995
434.69480872154236,1.633170736055579,1,6.3473283359065995
434.77188658714294,1.640812463191299,1,6.343016076098126
434.8502914905548,1.648454190327012,1,6.338703816289655
434.92519760131836,1.6204345241627216,1,6.354515435587386
435.0030405521393,1.633170736055579,1,6.3473283359065995
435.081326007843,1.633170736055579,1,6.3473283359065995
435.15891003608704,1.625529008919866,1,6.351640595715071
435.2218906879425,1.6229817665412973,1,6.353078015651226
435.31561255455017,1.6229817665412973,1,6.353078015651226
435.39140939712524,1.6306234936770103,1,6.348765755842756
435.4693281650543,1.633170736055579,1,6.3473283359065995
435.5470588207245,1.6382652208127233,1,6.344453496034285
435.6244661808014,1.6306234936770103,1,6.348765755842756
435.7021005153656,1.640812463191299,1,6.343016076098126
435.7799482345581,1.6357179784341547,1,6.345890915970441
435.8563301563263,1.617887281784153,1,6.355952855523541
435.932071685791,1.6229817665412973,1,6.353078015651226
436.0097539424896,1.617887281784153,1,6.355952855523541
436.0857844352722,1.6357179784341547,1,6.345890915970441
436.1630208492279,1.6280762512984417,1,6.350203175778911
436.2410080432892,1.625529008919866,1,6.351640595715071
436.3183283805847,1.625529008919866,1,6.351640595715071
436.39651441574097,1.6357179784341547,1,6.345890915970441
436.4735722541809,1.6306234936770103,1,6.348765755842756
436.54924392700195,1.6382652208127233,1,6.344453496034285
436.6259837150574,1.625529008919866,1,6.351640595715071
436.7032883167267,1.6306234936770103,1,6.348765755842756
436.7791268825531,1.6229817665412973,1,6.353078015651226
436.8723862171173,1.625529008919866,1,6.351640595715071
436.93630838394165,1.6306234936770103,1,6.348765755842756
437.0134391784668,1.6382652208127233,1,6.344453496034285
437.09097361564636,1.6280762512984417,1,6.350203175778911
437.1698708534241,1.6357179784341547,1,6.345890915970441
437.2461738586426,1.6433597055698677,1,6.341578656161969
437.32407999038696,1.6280762512984417,1,6.350203175778911
437.3868465423584,1.640812463191299,1,6.343016076098126
437.464852809906,1.6280762512984417,1,6.350203175778911
437.5429928302765,1.6204345241627216,1,6.354515435587386
437.60586166381836,1.625529008919866,1,6.351640595715071
437.6816120147705,1.6357179784341547,1,6.345890915970441
437.7587535381317,1.6229817665412973,1,6.353078015651226
437.83554792404175,1.640812463191299,1,6.343016076098126
437.91140580177307,1.6382652208127233,1,6.344453496034285
437.98862528800964,1.640812463191299,1,6.343016076098126
438.0666780471802,1.6357179784341547,1,6.345890915970441
438.13054633140564,1.648454190327012,1,6.338703816289655
438.2064573764801,1.6229817665412973,1,6.353078015651226
438.2860915660858,1.6357179784341547,1,6.345890915970441
438.36362051963806,1.6306234936770103,1,6.348765755842756
438.45575284957886,1.6306234936770103,1,6.348765755842756
438.53275203704834,1.640812463191299,1,6.343016076098126
438.6105227470398,1.6229817665412973,1,6.353078015651226
438.68741059303284,1.6280762512984417,1,6.350203175778911
438.76447916030884,1.6433597055698677,1,6.341578656161969
438.84243178367615,1.625529008919866,1,6.351640595715071
438.91898703575134,1.6357179784341547,1,6.345890915970441
438.99760913848877,1.640812463191299,1,6.343016076098126
439.0751647949219,1.640812463191299,1,6.343016076098126
439.1535632610321,1.633170736055579,1,6.3473283359065995
439.23146176338196,1.640812463191299,1,6.343016076098126
439.30963492393494,1.633170736055579,1,6.3473283359065995
439.388977766037,1.6280762512984417,1,6.350203175778911
439.46533966064453,1.648454190327012,1,6.338703816289655
439.54192566871643,1.640812463191299,1,6.343016076098126
439.6192800998688,1.6357179784341547,1,6.345890915970441
439.6966743469238,1.6433597055698677,1,6.341578656161969
439.76004338264465,1.625529008919866,1,6.351640595715071
439.8379828929901,1.640812463191299,1,6.343016076098126
439.9149959087372,1.6382652208127233,1,6.344453496034285
440.02540826797485,1.6204345241627216,1,6.354515435587386
440.1012179851532,1.648454190327012,1,6.338703816289655
440.1770372390747,1.625529008919866,1,6.351640595715071
440.2550218105316,1.633170736055579,1,6.3473283359065995
440.3309724330902,1.648454190327012,1,6.338703816289655
440.4084484577179,1.633170736055579,1,6.3473283359065995
440.48607063293457,1.6382652208127233,1,6.344453496034285
440.5498547554016,1.6433597055698677,1,6.341578656161969
440.62533688545227,1.6433597055698677,1,6.341578656161969
440.70460319519043,1.6433597055698677,1,6.341578656161969
440.781476020813,1.6459069479484434,1,6.3401412362258105
440.8578414916992,1.6280762512984417,1,6.350203175778911
440.93419671058655,1.6459069479484434,1,6.3401412362258105
441.01378178596497,1.6433597055698677,1,6.341578656161969
441.0905795097351,1.6280762512984417,1,6.350203175778911
441.16863083839417,1.633170736055579,1,6.3473283359065995
441.24697828292847,1.6382652208127233,1,6.344453496034285
441.32309103012085,1.6280762512984417,1,6.350203175778911
441.3860776424408,1.6382652208127233,1,6.344453496034285
441.46385073661804,1.640812463191299,1,6.343016076098126
441.5556585788727,1.6382652208127233,1,6.344453496034285
441.6343128681183,1.6459069479484434,1,6.3401412362258105
441.7131426334381,1.6306234936770103,1,6.348765755842756
441.7900881767273,1.640812463191299,1,6.343016076098126
441.86642479896545,1.648454190327012,1,6.338703816289655
441.9440724849701,1.6433597055698677,1,6.341578656161969
442.0190622806549,1.6433597055698677,1,6.341578656161969
442.09721422195435,1.640812463191299,1,6.343016076098126
442.1733453273773,1.6357179784341547,1,6.345890915970441
442.25013613700867,1.6510014327055877,1,6.337266396353495
442.3290259838104,1.6459069479484434,1,6.3401412362258105
442.40695238113403,1.6382652208127233,1,6.344453496034285
442.4848062992096,1.633170736055579,1,6.3473283359065995
442.56245136260986,1.6433597055698677,1,6.341578656161969
442.6397750377655,1.6459069479484434,1,6.3401412362258105
442.7160584926605,1.6459069479484434,1,6.3401412362258105
442.79390597343445,1.648454190327012,1,6.338703816289655
442.85775923728943,1.6382652208127233,1,6.344453496034285
442.9348931312561,1.640812463191299,1,6.343016076098126
443.01168966293335,1.6611904022198694,1,6.331516716608869
443.10540986061096,1.6382652208127233,1,6.344453496034285
443.18203997612,1.648454190327012,1,6.338703816289655
443.25992584228516,1.6433597055698677,1,6.341578656161969
443.33971667289734,1.640812463191299,1,6.343016076098126
443.4175193309784,1.6357179784341547,1,6.345890915970441
443.49578166007996,1.6535486750841564,1,6.335828976417339
443.5746159553528,1.6382652208127233,1,6.344453496034285
443.65140438079834,1.656095917462732,1,6.33439155648118
443.7287428379059,1.6433597055698677,1,6.341578656161969
443.79257011413574,1.640812463191299,1,6.343016076098126
443.8696765899658,1.6357179784341547,1,6.345890915970441
443.9475221633911,1.6586431598413007,1,6.332954136545025
444.0252957344055,1.648454190327012,1,6.338703816289655
444.1031415462494,1.6510014327055877,1,6.337266396353495
444.17961859703064,1.6535486750841564,1,6.335828976417339
444.2435598373413,1.6357179784341547,1,6.345890915970441
444.32028675079346,1.6535486750841564,1,6.335828976417339
444.39865922927856,1.6510014327055877,1,6.337266396353495
444.46241760253906,1.656095917462732,1,6.33439155648118
444.5412049293518,1.6510014327055877,1,6.337266396353495
444.634072303772,1.656095917462732,1,6.33439155648118
444.71198987960815,1.640812463191299,1,6.343016076098126
444.78800344467163,1.6433597055698677,1,6.341578656161969
444.86516761779785,1.656095917462732,1,6.33439155648118
444.92894887924194,1.648454190327012,1,6.338703816289655
445.00615191459656,1.648454190327012,1,6.338703816289655
445.0838894844055,1.6510014327055877,1,6.337266396353495
445.1618113517761,1.656095917462732,1,6.33439155648118
445.23776626586914,1.640812463191299,1,6.343016076098126
445.3151316642761,1.6535486750841564,1,6.335828976417339
445.39251017570496,1.6459069479484434,1,6.3401412362258105
445.4691092967987,1.663737644598445,1,6.330079296672709
445.5476076602936,1.6586431598413007,1,6.332954136545025
445.6259593963623,1.656095917462732,1,6.33439155648118
445.70227551460266,1.6433597055698677,1,6.341578656161969
445.78012108802795,1.6535486750841564,1,6.335828976417339
445.86009073257446,1.6535486750841564,1,6.335828976417339
445.9369411468506,1.648454190327012,1,6.338703816289655
446.0129189491272,1.6535486750841564,1,6.335828976417339
446.09089970588684,1.6459069479484434,1,6.3401412362258105
446.1687903404236,1.6459069479484434,1,6.3401412362258105
446.26247000694275,1.6611904022198694,1,6.331516716608869
446.340279340744,1.6357179784341547,1,6.345890915970441
446.41600370407104,1.6433597055698677,1,6.341578656161969
446.49303364753723,1.6739266141127338,1,6.324329616928079
446.5709991455078,1.6433597055698677,1,6.341578656161969
446.6474199295044,1.6535486750841564,1,6.335828976417339
446.71067690849304,1.656095917462732,1,6.33439155648118
446.7886667251587,1.648454190327012,1,6.338703816289655
446.8659784793854,1.6586431598413007,1,6.332954136545025
446.9430661201477,1.663737644598445,1,6.330079296672709
447.0208706855774,1.6459069479484434,1,6.3401412362258105
447.08399653434753,1.6586431598413007,1,6.332954136545025
447.16119480133057,1.6459069479484434,1,6.3401412362258105
447.22508358955383,1.6433597055698677,1,6.341578656161969
447.3021833896637,1.663737644598445,1,6.330079296672709
447.37856101989746,1.663737644598445,1,6.330079296672709
447.4566149711609,1.648454190327012,1,6.338703816289655
447.53423833847046,1.6510014327055877,1,6.337266396353495
447.6101531982422,1.656095917462732,1,6.33439155648118
447.68622279167175,1.663737644598445,1,6.330079296672709
447.78095602989197,1.6535486750841564,1,6.335828976417339
447.85804438591003,1.648454190327012,1,6.338703816289655
447.934853553772,1.6459069479484434,1,6.3401412362258105
448.0121576786041,1.6510014327055877,1,6.337266396353495
448.08831453323364,1.640812463191299,1,6.343016076098126
448.1668348312378,1.6688321293555894,1,6.327204456800395
448.23083901405334,1.6510014327055877,1,6.337266396353495
448.3074631690979,1.6535486750841564,1,6.335828976417339
448.3854043483734,1.6535486750841564,1,6.335828976417339
448.4632270336151,1.6586431598413007,1,6.332954136545025
448.5400528907776,1.6382652208127233,1,6.344453496034285
448.6181743144989,1.6586431598413007,1,6.332954136545025
448.6954483985901,1.6535486750841564,1,6.335828976417339
448.7723047733307,1.6535486750841564,1,6.335828976417339
448.8487055301666,1.6510014327055877,1,6.337266396353495
448.9260399341583,1.648454190327012,1,6.338703816289655
449.0028591156006,1.6535486750841564,1,6.335828976417339
449.08261489868164,1.663737644598445,1,6.330079296672709
449.16056060791016,1.6739266141127338,1,6.324329616928079
449.2358195781708,1.6586431598413007,1,6.332954136545025
449.3297748565674,1.6662848869770137,1,6.328641876736554
449.39270877838135,1.6586431598413007,1,6.332954136545025
449.46865129470825,1.648454190327012,1,6.338703816289655
449.54671120643616,1.656095917462732,1,6.33439155648118
449.62537837028503,1.6586431598413007,1,6.332954136545025
449.701721906662,1.6739266141127338,1,6.324329616928079
449.77872824668884,1.663737644598445,1,6.330079296672709
449.8584463596344,1.6535486750841564,1,6.335828976417339
449.93435621261597,1.6535486750841564,1,6.335828976417339
450.0106520652771,1.6688321293555894,1,6.327204456800395
450.08745098114014,1.656095917462732,1,6.33439155648118
450.16424202919006,1.663737644598445,1,6.330079296672709
450.24203395843506,1.6790210988698782,1,6.321454777055765
450.32082653045654,1.6586431598413007,1,6.332954136545025
450.39602041244507,1.6688321293555894,1,6.327204456800395
450.4598994255066,1.663737644598445,1,6.330079296672709
450.53782510757446,1.6586431598413007,1,6.332954136545025
450.6139802932739,1.671379371734158,1,6.325767036864239
450.6939060688019,1.6688321293555894,1,6.327204456800395
450.7717287540436,1.656095917462732,1,6.33439155648118
450.86256527900696,1.663737644598445,1,6.330079296672709
450.9384925365448,1.6586431598413007,1,6.332954136545025
451.01654982566833,1.6739266141127338,1,6.324329616928079
451.09132957458496,1.6662848869770137,1,6.328641876736554
451.1692786216736,1.648454190327012,1,6.338703816289655
451.247097492218,1.6688321293555894,1,6.327204456800395
451.32201743125916,1.6611904022198694,1,6.331516716608869
451.4019093513489,1.6535486750841564,1,6.335828976417339
451.48165559768677,1.671379371734158,1,6.325767036864239
451.55689430236816,1.6510014327055877,1,6.337266396353495
451.6357889175415,1.656095917462732,1,6.33439155648118
451.7125654220581,1.6739266141127338,1,6.324329616928079
451.7888550758362,1.6586431598413007,1,6.332954136545025
451.85226106643677,1.671379371734158,1,6.325767036864239
451.9299964904785,1.6739266141127338,1,6.324329616928079
452.0079324245453,1.6662848869770137,1,6.328641876736554
452.08451795578003,1.6586431598413007,1,6.332954136545025
452.1630787849426,1.6662848869770137,1,6.328641876736554
452.238893032074,1.648454190327012,1,6.338703816289655
452.3172116279602,1.6586431598413007,1,6.332954136545025
452.41108298301697,1.6662848869770137,1,6.328641876736554
452.48737120628357,1.6510014327055877,1,6.337266396353495
452.5652573108673,1.6662848869770137,1,6.328641876736554
452.64103746414185,1.6662848869770137,1,6.328641876736554
452.7179551124573,1.6739266141127338,1,6.324329616928079
452.79539942741394,1.6688321293555894,1,6.327204456800395
452.85836362838745,1.6688321293555894,1,6.327204456800395
452.9355351924896,1.6739266141127338,1,6.324329616928079
453.0131576061249,1.6739266141127338,1,6.324329616928079
453.0889549255371,1.6535486750841564,1,6.335828976417339
453.16574931144714,1.6739266141127338,1,6.324329616928079
453.2425856590271,1.6586431598413007,1,6.332954136545025
453.3223993778229,1.6510014327055877,1,6.337266396353495
453.39922976493835,1.671379371734158,1,6.325767036864239
453.4759964942932,1.663737644598445,1,6.330079296672709
453.5537905693054,1.656095917462732,1,6.33439155648118
453.6323893070221,1.6586431598413007,1,6.332954136545025
453.7089443206787,1.671379371734158,1,6.325767036864239
453.77281165122986,1.656095917462732,1,6.33439155648118
453.8517622947693,1.663737644598445,1,6.330079296672709
453.9278907775879,1.6764738564913024,1,6.322892196991924
454.021852016449,1.6586431598413007,1,6.332954136545025
454.09883093833923,1.6688321293555894,1,6.327204456800395
454.1756103038788,1.6586431598413007,1,6.332954136545025
454.25264716148376,1.6611904022198694,1,6.331516716608869
454.33070278167725,1.6739266141127338,1,6.324329616928079
454.40684723854065,1.648454190327012,1,6.338703816289655
454.4837636947632,1.6790210988698782,1,6.321454777055765
454.5607657432556,1.7044935226555928,1,6.307080577694193
454.6376087665558,1.6586431598413007,1,6.332954136545025
454.71672654151917,1.663737644598445,1,6.330079296672709
454.79547905921936,1.671379371734158,1,6.325767036864239
454.87341499328613,1.6586431598413007,1,6.332954136545025
454.95012760162354,1.6739266141127338,1,6.324329616928079
455.0268187522888,1.6866628260055911,1,6.3171425172472935
455.10449957847595,1.6510014327055877,1,6.337266396353495
455.18229031562805,1.6764738564913024,1,6.322892196991924
455.2461926937103,1.6841155836270225,1,6.318579937183449
455.3220388889313,1.6586431598413007,1,6.332954136545025
455.40155148506165,1.6535486750841564,1,6.335828976417339
455.4813759326935,1.663737644598445,1,6.330079296672709
455.5744209289551,1.6662848869770137,1,6.328641876736554
455.6530005931854,1.6586431598413007,1,6.332954136545025
455.73062467575073,1.663737644598445,1,6.330079296672709
455.8075408935547,1.6662848869770137,1,6.328641876736554
455.88496232032776,1.663737644598445,1,6.330079296672709
455.96375155448914,1.6739266141127338,1,6.324329616928079
456.04098629951477,1.6688321293555894,1,6.327204456800395
456.1190330982208,1.6611904022198694,1,6.331516716608869
456.19673132896423,1.6841155836270225,1,6.318579937183449
456.27262353897095,1.656095917462732,1,6.33439155648118
456.3502538204193,1.6815683412484468,1,6.3200173571196085
456.42652678489685,1.6815683412484468,1,6.3200173571196085
456.50388073921204,1.6688321293555894,1,6.327204456800395
456.5809543132782,1.6764738564913024,1,6.322892196991924
456.65594482421875,1.663737644598445,1,6.330079296672709
456.73204135894775,1.6586431598413007,1,6.332954136545025
456.8098819255829,1.6815683412484468,1,6.3200173571196085
456.8859860897064,1.6688321293555894,1,6.327204456800395
456.9622094631195,1.6739266141127338,1,6.324329616928079
457.0410430431366,1.6688321293555894,1,6.327204456800395
457.1481981277466,1.6739266141127338,1,6.324329616928079
457.22528052330017,1.6688321293555894,1,6.327204456800395
457.30219864845276,1.6586431598413007,1,6.332954136545025
457.37912940979004,1.671379371734158,1,6.325767036864239
457.4540591239929,1.6688321293555894,1,6.327204456800395
457.53027749061584,1.6815683412484468,1,6.3200173571196085
457.60814332962036,1.6764738564913024,1,6.322892196991924
457.68592500686646,1.6866628260055911,1,6.3171425172472935
457.76309871673584,1.671379371734158,1,6.325767036864239
457.8412582874298,1.6764738564913024,1,6.322892196991924
457.9180588722229,1.6688321293555894,1,6.327204456800395
457.99769401550293,1.671379371734158,1,6.325767036864239
458.0750184059143,1.671379371734158,1,6.325767036864239
458.1507031917572,1.6739266141127338,1,6.324329616928079
458.23004961013794,1.6892100683841598,1,6.315705097311138
458.3082203865051,1.6790210988698782,1,6.321454777055765
458.38508129119873,1.663737644598445,1,6.330079296672709
458.4635944366455,1.6815683412484468,1,6.3200173571196085
458.54108142852783,1.671379371734158,1,6.325767036864239
458.61865234375,1.6764738564913024,1,6.322892196991924
458.7137026786804,1.6866628260055911,1,6.3171425172472935
458.79146552085876,1.6892100683841598,1,6.315705097311138
458.8690097332001,1.6662848869770137,1,6.328641876736554
458.9473605155945,1.6790210988698782,1,6.321454777055765
459.02620363235474,1.6841155836270225,1,6.318579937183449
459.1030116081238,1.6790210988698782,1,6.321454777055765
459.1819438934326,1.6866628260055911,1,6.3171425172472935
459.2589535713196,1.6841155836270225,1,6.318579937183449
459.35165643692017,1.6815683412484468,1,6.3200173571196085
459.4296338558197,1.6917573107627355,1,6.314267677374978
459.50438618659973,1.6841155836270225,1,6.318579937183449
459.58234882354736,1.6790210988698782,1,6.321454777055765
459.6611762046814,1.6866628260055911,1,6.3171425172472935
459.73781657218933,1.6841155836270225,1,6.318579937183449
459.81660652160645,1.6790210988698782,1,6.321454777055765
459.8949046134949,1.6866628260055911,1,6.3171425172472935
459.969694852829,1.6790210988698782,1,6.321454777055765
460.04771614074707,1.6841155836270225,1,6.318579937183449
460.1257863044739,1.6993990378984485,1,6.309955417566508
460.2014992237091,1.6790210988698782,1,6.321454777055765
460.29564094543457,1.6892100683841598,1,6.315705097311138
460.37425899505615,1.6790210988698782,1,6.321454777055765
460.4510567188263,1.6764738564913024,1,6.322892196991924
460.5299036502838,1.6968517955198799,1,6.311392837502663
460.6069002151489,1.6764738564913024,1,6.322892196991924
460.68257093429565,1.6815683412484468,1,6.3200173571196085
460.76113080978394,1.6866628260055911,1,6.3171425172472935
460.8393268585205,1.6866628260055911,1,6.3171425172472935
460.9151747226715,1.6866628260055911,1,6.3171425172472935
460.991970539093,1.6764738564913024,1,6.322892196991924
461.06976103782654,1.6688321293555894,1,6.327204456800395
461.1459000110626,1.6841155836270225,1,6.318579937183449
461.2229573726654,1.6739266141127338,1,6.324329616928079
461.2997794151306,1.6841155836270225,1,6.318579937183449
461.3759825229645,1.6688321293555894,1,6.327204456800395
461.4541962146759,1.6688321293555894,1,6.327204456800395
461.53018379211426,1.6866628260055911,1,6.3171425172472935
461.60697889328003,1.6892100683841598,1,6.315705097311138
461.68261337280273,1.6892100683841598,1,6.315705097311138
461.76140832901,1.6815683412484468,1,6.3200173571196085
461.83826422691345,1.671379371734158,1,6.325767036864239
461.93155002593994,1.6790210988698782,1,6.321454777055765
462.01044964790344,1.6815683412484468,1,6.3200173571196085
462.08537769317627,1.6815683412484468,1,6.3200173571196085
462.16298961639404,1.6790210988698782,1,6.321454777055765
462.2413716316223,1.6968517955198799,1,6.311392837502663
462.3172056674957,1.6866628260055911,1,6.3171425172472935
462.39385056495667,1.6790210988698782,1,6.321454777055765
462.4726893901825,1.6790210988698782,1,6.321454777055765
462.5486171245575,1.6790210988698782,1,6.321454777055765
462.6250419616699,1.6968517955198799,1,6.311392837502663
462.7048692703247,1.6764738564913024,1,6.322892196991924
462.7802197933197,1.6892100683841598,1,6.315705097311138
462.859251499176,1.6866628260055911,1,6.3171425172472935
462.93636298179626,1.6662848869770137,1,6.328641876736554
463.0117919445038,1.6917573107627355,1,6.314267677374978
463.0748722553253,1.6764738564913024,1,6.322892196991924
463.1529049873352,1.6790210988698782,1,6.321454777055765
463.2281000614166,1.6815683412484468,1,6.3200173571196085
463.3064389228821,1.6841155836270225,1,6.318579937183449
463.38481187820435,1.663737644598445,1,6.330079296672709
463.49258303642273,1.6892100683841598,1,6.315705097311138
463.5713424682617,1.6764738564913024,1,6.322892196991924
463.64848470687866,1.6764738564913024,1,6.322892196991924
463.7240266799927,1.6815683412484468,1,6.3200173571196085
463.8001985549927,1.6892100683841598,1,6.315705097311138
463.87895154953003,1.6993990378984485,1,6.309955417566508
463.9540801048279,1.6866628260055911,1,6.3171425172472935
464.031121969223,1.6764738564913024,1,6.322892196991924
464.11002802848816,1.6993990378984485,1,6.309955417566508
464.18534326553345,1.6841155836270225,1,6.318579937183449
464.26314640045166,1.6892100683841598,1,6.315705097311138
464.3400182723999,1.6892100683841598,1,6.315705097311138
464.41494512557983,1.6917573107627355,1,6.314267677374978
464.4928181171417,1.6993990378984485,1,6.309955417566508
464.5567693710327,1.6892100683841598,1,6.315705097311138
464.6325707435608,1.7070407650341686,1,6.305643157758033
464.7110126018524,1.6993990378984485,1,6.309955417566508
464.7880618572235,1.6764738564913024,1,6.322892196991924
464.86465978622437,1.6815683412484468,1,6.3200173571196085
464.9426336288452,1.6968517955198799,1,6.311392837502663
465.05163192749023,1.6790210988698782,1,6.321454777055765
465.12677812576294,1.6841155836270225,1,6.318579937183449
465.20387172698975,1.6917573107627355,1,6.314267677374978
465.28273940086365,1.6993990378984485,1,6.309955417566508
465.35856223106384,1.6943045531413041,1,6.312830257438823
465.42243003845215,1.6815683412484468,1,6.3200173571196085
465.50028371810913,1.6815683412484468,1,6.3200173571196085
465.57567167282104,1.6917573107627355,1,6.314267677374978
465.655522108078,1.6866628260055911,1,6.3171425172472935
465.7348175048828,1.6790210988698782,1,6.321454777055765
465.81061482429504,1.6917573107627355,1,6.314267677374978
465.8876142501831,1.6943045531413041,1,6.312830257438823
465.96493196487427,1.7095880074127372,1,6.304205737821878
466.04072880744934,1.6943045531413041,1,6.312830257438823
466.1185221672058,1.6841155836270225,1,6.318579937183449
466.19790601730347,1.6866628260055911,1,6.3171425172472935
466.27451181411743,1.6841155836270225,1,6.318579937183449
466.352637052536,1.671379371734158,1,6.325767036864239
466.43063139915466,1.6892100683841598,1,6.315705097311138
466.506498336792,1.6841155836270225,1,6.318579937183449
466.6150212287903,1.6815683412484468,1,6.3200173571196085
466.6927402019501,1.6790210988698782,1,6.321454777055765
466.769739151001,1.6790210988698782,1,6.321454777055765
466.86170530319214,1.6790210988698782,1,6.321454777055765
466.938490152359,1.6892100683841598,1,6.315705097311138
467.0154483318329,1.6968517955198799,1,6.311392837502663
467.07942485809326,1.6917573107627355,1,6.314267677374978
467.15783524513245,1.6968517955198799,1,6.311392837502663
467.2349169254303,1.6841155836270225,1,6.318579937183449
467.3107452392578,1.6968517955198799,1,6.311392837502663
467.3879795074463,1.6764738564913024,1,6.322892196991924
467.4654052257538,1.6739266141127338,1,6.324329616928079
467.52875232696533,1.7019462802770242,1,6.308517997630348
467.6069734096527,1.7070407650341686,1,6.305643157758033
467.6821880340576,1.6917573107627355,1,6.314267677374978
467.7598729133606,1.6866628260055911,1,6.3171425172472935
467.83772563934326,1.6790210988698782,1,6.321454777055765
467.914110660553,1.7019462802770242,1,6.308517997630348
467.9918267726898,1.6968517955198799,1,6.311392837502663
468.06928753852844,1.6790210988698782,1,6.321454777055765
468.1622369289398,1.7070407650341686,1,6.305643157758033
468.24011635780334,1.7070407650341686,1,6.305643157758033
468.31604838371277,1.6968517955198799,1,6.311392837502663
468.38883876800537,1.6892100683841598,1,6.315705097311138
468.46903347969055,1.6892100683841598,1,6.315705097311138
468.54603123664856,1.7044935226555928,1,6.307080577694193
468.622771024704,1.6943045531413041,1,6.312830257438823
468.70011353492737,1.6917573107627355,1,6.314267677374978
468.7776029109955,1.6993990378984485,1,6.309955417566508
468.85559487342834,1.6892100683841598,1,6.315705097311138
468.933132648468,1.6790210988698782,1,6.321454777055765
469.01208209991455,1.7044935226555928,1,6.307080577694193
469.0890507698059,1.7044935226555928,1,6.307080577694193
469.16554856300354,1.6866628260055911,1,6.3171425172472935
469.2419879436493,1.6917573107627355,1,6.314267677374978
469.3181619644165,1.6917573107627355,1,6.314267677374978
469.39406156539917,1.7019462802770242,1,6.308517997630348
469.4738748073578,1.6943045531413041,1,6.312830257438823
469.5516757965088,1.6764738564913024,1,6.322892196991924
469.6275932788849,1.7044935226555928,1,6.307080577694193
469.70402812957764,1.6815683412484468,1,6.3200173571196085
469.79728960990906,1.6892100683841598,1,6.315705097311138
469.8760528564453,1.6943045531413041,1,6.312830257438823
469.9538915157318,1.6943045531413041,1,6.312830257438823
470.029869556427,1.6993990378984485,1,6.309955417566508
470.0937979221344,1.6892100683841598,1,6.315705097311138
470.1716248989105,1.6968517955198799,1,6.311392837502663
470.2477378845215,1.6943045531413041,1,6.312830257438823
470.3266062736511,1.6968517955198799,1,6.311392837502663
470.4036605358124,1.6790210988698782,1,6.321454777055765
470.47949719429016,1.6943045531413041,1,6.312830257438823
470.5587694644928,1.6993990378984485,1,6.309955417566508
470.6377365589142,1.6841155836270225,1,6.318579937183449
470.71452736854553,1.6993990378984485,1,6.309955417566508
470.791424036026,1.6892100683841598,1,6.315705097311138
470.8702037334442,1.6993990378984485,1,6.309955417566508
470.94775772094727,1.7070407650341686,1,6.305643157758033
471.02555561065674,1.6943045531413041,1,6.312830257438823
471.1015179157257,1.6892100683841598,1,6.315705097311138
471.1787061691284,1.6993990378984485,1,6.309955417566508
471.2574932575226,1.6993990378984485,1,6.309955417566508
471.3521988391876,1.7044935226555928,1,6.307080577694193
471.4292378425598,1.7019462802770242,1,6.308517997630348
471.5070765018463,1.7019462802770242,1,6.308517997630348
471.58483815193176,1.6943045531413041,1,6.312830257438823
471.66064524650574,1.7044935226555928,1,6.307080577694193
471.7375531196594,1.6993990378984485,1,6.309955417566508
471.81395149230957,1.6968517955198799,1,6.311392837502663
471.888751745224,1.7044935226555928,1,6.307080577694193
471.9655809402466,1.6917573107627355,1,6.314267677374978
472.0410542488098,1.7070407650341686,1,6.305643157758033
472.10403180122375,1.6892100683841598,1,6.315705097311138
472.18289971351624,1.6892100683841598,1,6.315705097311138
472.246798992157,1.7070407650341686,1,6.305643157758033
472.32540702819824,1.7095880074127372,1,6.304205737821878
472.4034307003021,1.6968517955198799,1,6.311392837502663
472.48125529289246,1.6943045531413041,1,6.312830257438823
472.5450897216797,1.6993990378984485,1,6.309955417566508
472.6217448711395,1.6993990378984485,1,6.309955417566508
472.70039772987366,1.6841155836270225,1,6.318579937183449
472.7790377140045,1.6943045531413041,1,6.312830257438823
472.8713676929474,1.6993990378984485,1,6.309955417566508
472.95094656944275,1.6917573107627355,1,6.314267677374978
473.0267050266266,1.6968517955198799,1,6.311392837502663
473.1051616668701,1.7044935226555928,1,6.307080577694193
473.1834363937378,1.7070407650341686,1,6.305643157758033
473.26103377342224,1.7095880074127372,1,6.304205737821878
473.3380923271179,1.7019462802770242,1,6.308517997630348
473.4140031337738,1.6968517955198799,1,6.311392837502663
473.4927763938904,1.6968517955198799,1,6.311392837502663
473.5690686702728,1.6993990378984485,1,6.309955417566508
473.6476047039032,1.6943045531413041,1,6.312830257438823
473.72509002685547,1.7019462802770242,1,6.308517997630348
473.80195140838623,1.6943045531413041,1,6.312830257438823
473.8787875175476,1.7070407650341686,1,6.305643157758033
473.955664396286,1.7095880074127372,1,6.304205737821878
474.0318970680237,1.7095880074127372,1,6.304205737821878
474.1115379333496,1.7070407650341686,1,6.305643157758033
474.18844056129456,1.7146824921698816,1,6.301330897949563
474.26605463027954,1.7044935226555928,1,6.307080577694193
474.3429822921753,1.6968517955198799,1,6.311392837502663
474.43655276298523,1.6993990378984485,1,6.309955417566508
474.51538133621216,1.6866628260055911,1,6.3171425172472935
474.5940923690796,1.712135249791313,1,6.302768317885718
474.67214822769165,1.7095880074127372,1,6.304205737821878
474.7499601840973,1.6892100683841598,1,6.315705097311138
474.82743096351624,1.7095880074127372,1,6.304205737821878
474.90604615211487,1.7172297345484502,1,6.2998934780134075
474.9831123352051,1.7146824921698816,1,6.301330897949563
475.0621564388275,1.7095880074127372,1,6.304205737821878
475.14005517959595,1.7019462802770242,1,6.308517997630348
475.21799206733704,1.6917573107627355,1,6.314267677374978
475.2947416305542,1.7095880074127372,1,6.304205737821878
475.372838973999,1.7172297345484502,1,6.2998934780134075
475.4506046772003,1.7044935226555928,1,6.307080577694193
475.5303723812103,1.712135249791313,1,6.302768317885718
475.6090974807739,1.7070407650341686,1,6.305643157758033
475.6863007545471,1.7044935226555928,1,6.307080577694193
475.7627663612366,1.7146824921698816,1,6.301330897949563
475.8408160209656,1.7095880074127372,1,6.304205737821878
475.9181077480316,1.7044935226555928,1,6.307080577694193
476.0129539966583,1.7019462802770242,1,6.308517997630348
476.0902397632599,1.7146824921698816,1,6.301330897949563
476.16928339004517,1.7044935226555928,1,6.307080577694193
476.24684143066406,1.7019462802770242,1,6.308517997630348
476.3246314525604,1.727418704062739,1,6.294143798268777
476.4024465084076,1.7095880074127372,1,6.304205737821878
476.4810013771057,1.6943045531413041,1,6.312830257438823
476.5572407245636,1.7044935226555928,1,6.307080577694193
476.63587951660156,1.7070407650341686,1,6.305643157758033
476.7157828807831,1.7044935226555928,1,6.307080577694193
476.79361271858215,1.712135249791313,1,6.302768317885718
476.87358355522156,1.7095880074127372,1,6.304205737821878
476.9530882835388,1.7044935226555928,1,6.307080577694193
477.0288188457489,1.7019462802770242,1,6.308517997630348
477.1067268848419,1.6968517955198799,1,6.311392837502663
477.18574953079224,1.6993990378984485,1,6.309955417566508
477.2629988193512,1.7095880074127372,1,6.304205737821878
477.3428168296814,1.712135249791313,1,6.302768317885718
477.42270731925964,1.7095880074127372,1,6.304205737821878
477.50054383277893,1.6993990378984485,1,6.309955417566508
477.57932925224304,1.6993990378984485,1,6.309955417566508
477.6736812591553,1.719776976927026,1,6.298456058077248
477.7505075931549,1.6993990378984485,1,6.309955417566508
477.8284158706665,1.7095880074127372,1,6.304205737821878
477.90521478652954,1.7044935226555928,1,6.307080577694193
477.98358631134033,1.7070407650341686,1,6.305643157758033
478.06159234046936,1.7095880074127372,1,6.304205737821878
478.1392683982849,1.7146824921698816,1,6.301330897949563
478.2170832157135,1.7019462802770242,1,6.308517997630348
478.2810125350952,1.6993990378984485,1,6.309955417566508
478.36045145988464,1.7146824921698816,1,6.301330897949563
478.4381151199341,1.7223242193055945,1,6.297018638141092
478.51792883872986,1.7019462802770242,1,6.308517997630348
478.59522891044617,1.7172297345484502,1,6.2998934780134075
478.6717438697815,1.7299659464413146,1,6.292706378332618
478.7495357990265,1.7146824921698816,1,6.301330897949563
478.8262629508972,1.7146824921698816,1,6.301330897949563
478.90355014801025,1.7044935226555928,1,6.307080577694193
478.98163533210754,1.7019462802770242,1,6.308517997630348
479.06146025657654,1.7095880074127372,1,6.304205737821878
479.1390573978424,1.7172297345484502,1,6.2998934780134075
479.23182463645935,1.7044935226555928,1,6.307080577694193
479.3097720146179,1.7146824921698816,1,6.301330897949563
479.3861081600189,1.719776976927026,1,6.298456058077248
479.46398186683655,1.7070407650341686,1,6.305643157758033
479.52720880508423,1.7095880074127372,1,6.304205737821878
479.60405683517456,1.712135249791313,1,6.302768317885718
479.68307185173035,1.712135249791313,1,6.302768317885718
479.76060247421265,1.6993990378984485,1,6.309955417566508
479.8373165130615,1.7095880074127372,1,6.304205737821878
479.91521859169006,1.712135249791313,1,6.302768317885718
479.99422883987427,1.719776976927026,1,6.298456058077248
480.0721035003662,1.719776976927026,1,6.298456058077248
480.1493248939514,1.7146824921698816,1,6.301330897949563
480.2262990474701,1.7070407650341686,1,6.305643157758033
480.30434489250183,1.727418704062739,1,6.294143798268777
480.38291597366333,1.7070407650341686,1,6.305643157758033
480.46055793762207,1.7095880074127372,1,6.304205737821878
480.53695940971375,1.7223242193055945,1,6.297018638141092
480.6151645183563,1.7095880074127372,1,6.304205737821878
480.6945240497589,1.7146824921698816,1,6.301330897949563
480.7864534854889,1.719776976927026,1,6.298456058077248
480.86635303497314,1.7146824921698816,1,6.301330897949563
480.945255279541,1.7070407650341686,1,6.305643157758033
481.0220048427582,1.7146824921698816,1,6.301330897949563
481.09980964660645,1.7095880074127372,1,6.304205737821878
481.1787943840027,1.712135249791313,1,6.302768317885718
481.2541170120239,1.7146824921698816,1,6.301330897949563
481.33088660240173,1.7070407650341686,1,6.305643157758033
481.4078702926636,1.719776976927026,1,6.298456058077248
481.48379349708557,1.7095880074127372,1,6.304205737821878
481.5606310367584,1.719776976927026,1,6.298456058077248
481.6376917362213,1.719776976927026,1,6.298456058077248
481.71469712257385,1.712135249791313,1,6.302768317885718
481.79186844825745,1.7248714616841703,1,6.295581218204933
481.8695487976074,1.719776976927026,1,6.298456058077248
481.94762921333313,1.7095880074127372,1,6.304205737821878
482.0248999595642,1.7172297345484502,1,6.2998934780134075
482.10424757003784,1.7172297345484502,1,6.2998934780134075
482.1810448169708,1.712135249791313,1,6.302768317885718
482.2599148750305,1.719776976927026,1,6.298456058077248
482.35282254219055,1.7146824921698816,1,6.301330897949563
482.43027687072754,1.7223242193055945,1,6.297018638141092
482.5090653896332,1.7172297345484502,1,6.2998934780134075
482.5858929157257,1.719776976927026,1,6.298456058077248
482.6636803150177,1.7146824921698816,1,6.301330897949563
482.74096846580505,1.7223242193055945,1,6.297018638141092
482.81903743743896,1.7044935226555928,1,6.307080577694193
482.8951406478882,1.7146824921698816,1,6.301330897949563
482.9714684486389,1.712135249791313,1,6.302768317885718
483.0477273464203,1.7172297345484502,1,6.2998934780134075
483.1239619255066,1.727418704062739,1,6.294143798268777
483.2017478942871,1.7172297345484502,1,6.2998934780134075
483.2798385620117,1.712135249791313,1,6.302768317885718
483.3586928844452,1.719776976927026,1,6.298456058077248
483.43732166290283,1.7146824921698816,1,6.301330897949563
483.5151891708374,1.7070407650341686,1,6.305643157758033
483.5929946899414,1.7223242193055945,1,6.297018638141092
483.670969247818,1.7146824921698816,1,6.301330897949563
483.75087547302246,1.7019462802770242,1,6.308517997630348
483.82775497436523,1.7095880074127372,1,6.304205737821878
483.9224989414215,1.7146824921698816,1,6.301330897949563
484.0003390312195,1.7172297345484502,1,6.2998934780134075
484.07627725601196,1.7223242193055945,1,6.297018638141092
484.15497517585754,1.719776976927026,1,6.298456058077248
484.23119378089905,1.6993990378984485,1,6.309955417566508
484.3080406188965,1.727418704062739,1,6.294143798268777
484.3878221511841,1.7146824921698816,1,6.301330897949563
484.4652030467987,1.712135249791313,1,6.302768317885718
484.54306268692017,1.719776976927026,1,6.298456058077248
484.6211338043213,1.719776976927026,1,6.298456058077248
484.69995975494385,1.7223242193055945,1,6.297018638141092
484.77593541145325,1.735060431198459,1,6.2898315384603025
484.8553960323334,1.727418704062739,1,6.294143798268777
484.93300914764404,1.727418704062739,1,6.294143798268777
485.00956177711487,1.7223242193055945,1,6.297018638141092
485.0879330635071,1.727418704062739,1,6.294143798268777
485.16666173934937,1.719776976927026,1,6.298456058077248
485.24311423301697,1.719776976927026,1,6.298456058077248
485.322270154953,1.7299659464413146,1,6.292706378332618
485.40019726753235,1.712135249791313,1,6.302768317885718
485.4930987358093,1.7325131888198833,1,6.291268958396462
485.587797164917,1.727418704062739,1,6.294143798268777
485.6650960445404,1.727418704062739,1,6.294143798268777
485.7416410446167,1.727418704062739,1,6.294143798268777
485.81967425346375,1.727418704062739,1,6.294143798268777
485.89631247520447,1.727418704062739,1,6.294143798268777
485.97063636779785,1.7325131888198833,1,6.291268958396462
486.0476772785187,1.7223242193055945,1,6.297018638141092
486.12552309036255,1.7248714616841703,1,6.295581218204933
486.20236325263977,1.7299659464413146,1,6.292706378332618
486.28180503845215,1.7223242193055945,1,6.297018638141092
486.3597822189331,1.7248714616841703,1,6.295581218204933
486.4374096393585,1.7299659464413146,1,6.292706378332618
486.5162308216095,1.7223242193055945,1,6.297018638141092
486.594074010849,1.7223242193055945,1,6.297018638141092
486.6708734035492,1.7325131888198833,1,6.291268958396462
486.74685287475586,1.7070407650341686,1,6.305643157758033
486.82568192481995,1.719776976927026,1,6.298456058077248
486.9034810066223,1.7146824921698816,1,6.301330897949563
486.98127603530884,1.7146824921698816,1,6.301330897949563
487.0760190486908,1.7299659464413146,1,6.292706378332618
487.1538157463074,1.7223242193055945,1,6.297018638141092
487.2318208217621,1.7172297345484502,1,6.2998934780134075
487.3086156845093,1.7248714616841703,1,6.295581218204933
487.3856523036957,1.7223242193055945,1,6.297018638141092
487.46359372138977,1.719776976927026,1,6.298456058077248
487.5404586791992,1.727418704062739,1,6.294143798268777
487.6176714897156,1.7299659464413146,1,6.292706378332618
487.69563269615173,1.7223242193055945,1,6.297018638141092
487.7594668865204,1.727418704062739,1,6.294143798268777
487.85491132736206,1.7325131888198833,1,6.291268958396462
487.9311521053314,1.7146824921698816,1,6.301330897949563
488.00894474983215,1.7325131888198833,1,6.291268958396462
488.08596658706665,1.727418704062739,1,6.294143798268777
488.16417598724365,1.7299659464413146,1,6.292706378332618
488.24158239364624,1.727418704062739,1,6.294143798268777
488.3189158439636,1.719776976927026,1,6.298456058077248
488.3950765132904,1.719776976927026,1,6.298456058077248
488.4714779853821,1.7223242193055945,1,6.297018638141092
488.5483982563019,1.712135249791313,1,6.302768317885718
488.64105224609375,1.7223242193055945,1,6.297018638141092
488.71898674964905,1.727418704062739,1,6.294143798268777
488.7958903312683,1.712135249791313,1,6.302768317885718
488.87270998954773,1.7299659464413146,1,6.292706378332618
488.95195388793945,1.7248714616841703,1,6.295581218204933
489.0290627479553,1.7223242193055945,1,6.297018638141092
489.1080632209778,1.7223242193055945,1,6.297018638141092
489.18701910972595,1.7248714616841703,1,6.295581218204933
489.2642765045166,1.712135249791313,1,6.302768317885718
489.3419532775879,1.7401549159556033,1,6.2869566985879874
489.4059352874756,1.7299659464413146,1,6.292706378332618
489.48283076286316,1.7172297345484502,1,6.2998934780134075
489.55943632125854,1.7325131888198833,1,6.291268958396462
489.6362314224243,1.7299659464413146,1,6.292706378332618
489.7128782272339,1.7223242193055945,1,6.297018638141092
489.79012537002563,1.727418704062739,1,6.294143798268777
489.868111371994,1.735060431198459,1,6.2898315384603025
489.94523429870605,1.719776976927026,1,6.298456058077248
490.02402091026306,1.7299659464413146,1,6.292706378332618
490.10579895973206,1.735060431198459,1,6.2898315384603025
490.2129292488098,1.7299659464413146,1,6.292706378332618
490.29007053375244,1.735060431198459,1,6.2898315384603025
490.36829352378845,1.7376076735770276,1,6.288394118524147
490.44658493995667,1.742702158334172,1,6.285519278651832
490.5260877609253,1.7299659464413146,1,6.292706378332618
490.60407996177673,1.7401549159556033,1,6.2869566985879874
490.6815547943115,1.7299659464413146,1,6.292706378332618
490.760705947876,1.7325131888198833,1,6.291268958396462
490.838552236557,1.7452494007127406,1,6.284081858715677
490.9162027835846,1.7376076735770276,1,6.288394118524147
490.99624013900757,1.7299659464413146,1,6.292706378332618
491.0729978084564,1.7299659464413146,1,6.292706378332618
491.15022373199463,1.750343885469885,1,6.281207018843362
491.22727489471436,1.719776976927026,1,6.298456058077248
491.3050091266632,1.7376076735770276,1,6.288394118524147
491.3831603527069,1.735060431198459,1,6.2898315384603025
491.4606511592865,1.7223242193055945,1,6.297018638141092
491.5379512310028,1.7325131888198833,1,6.291268958396462
491.61599469184875,1.7376076735770276,1,6.288394118524147
491.69488167762756,1.719776976927026,1,6.298456058077248
491.78751730918884,1.735060431198459,1,6.2898315384603025
491.86687421798706,1.7376076735770276,1,6.288394118524147
491.94388818740845,1.7146824921698816,1,6.301330897949563
492.02205419540405,1.7452494007127406,1,6.284081858715677
492.0980484485626,1.7172297345484502,1,6.2998934780134075
492.17423915863037,1.7376076735770276,1,6.288394118524147
492.250789642334,1.735060431198459,1,6.2898315384603025
492.3299009799957,1.7248714616841703,1,6.295581218204933
492.407342672348,1.7376076735770276,1,6.288394118524147
492.4847445487976,1.7401549159556033,1,6.2869566985879874
492.56364393234253,1.7223242193055945,1,6.297018638141092
492.64257287979126,1.7325131888198833,1,6.291268958396462
492.7184307575226,1.735060431198459,1,6.2898315384603025
492.7962591648102,1.7325131888198833,1,6.291268958396462
492.87540650367737,1.727418704062739,1,6.294143798268777
492.95120334625244,1.7452494007127406,1,6.284081858715677
493.0282943248749,1.7376076735770276,1,6.288394118524147
493.10430240631104,1.7376076735770276,1,6.288394118524147
493.1822786331177,1.735060431198459,1,6.2898315384603025
493.26064348220825,1.7376076735770276,1,6.288394118524147
493.35443782806396,1.742702158334172,1,6.285519278651832
493.43125796318054,1.7401549159556033,1,6.2869566985879874
493.5090446472168,1.7376076735770276,1,6.288394118524147
493.58783864974976,1.7452494007127406,1,6.284081858715677
493.665723323822,1.7452494007127406,1,6.284081858715677
493.7429702281952,1.7401549159556033,1,6.2869566985879874
493.82199597358704,1.742702158334172,1,6.285519278651832
493.89995217323303,1.7528911278484607,1,6.279769598907202
493.97684812545776,1.7401549159556033,1,6.2869566985879874
494.0538318157196,1.735060431198459,1,6.2898315384603025
494.1306703090668,1.719776976927026,1,6.298456058077248
494.2104847431183,1.735060431198459,1,6.2898315384603025
494.28940176963806,1.7401549159556033,1,6.2869566985879874
494.36683344841003,1.7248714616841703,1,6.295581218204933
494.44497656822205,1.719776976927026,1,6.298456058077248
494.5239517688751,1.7325131888198833,1,6.291268958396462
494.5998468399048,1.7376076735770276,1,6.288394118524147
494.67763900756836,1.7401549159556033,1,6.2869566985879874
494.75638222694397,1.735060431198459,1,6.2898315384603025
494.83291363716125,1.7376076735770276,1,6.288394118524147
494.9275348186493,1.735060431198459,1,6.2898315384603025
495.0048077106476,1.7376076735770276,1,6.288394118524147
495.08199071884155,1.7299659464413146,1,6.292706378332618
495.16148376464844,1.7299659464413146,1,6.292706378332618
495.23892641067505,1.735060431198459,1,6.2898315384603025
495.31494879722595,1.7376076735770276,1,6.288394118524147
495.39272236824036,1.7401549159556033,1,6.2869566985879874
495.4691026210785,1.7452494007127406,1,6.284081858715677
495.545152425766,1.7325131888198833,1,6.291268958396462
495.624000787735,1.742702158334172,1,6.285519278651832
495.70202231407166,1.7376076735770276,1,6.288394118524147
495.77803111076355,1.7325131888198833,1,6.291268958396462
495.85701084136963,1.7401549159556033,1,6.2869566985879874
495.9348056316376,1.7452494007127406,1,6.284081858715677
496.0125501155853,1.7401549159556033,1,6.2869566985879874
496.0896244049072,1.735060431198459,1,6.2898315384603025
496.1690754890442,1.7528911278484607,1,6.279769598907202
496.24517369270325,1.7401549159556033,1,6.2869566985879874
496.32327032089233,1.735060431198459,1,6.2898315384603025
496.40307903289795,1.7376076735770276,1,6.288394118524147
496.4964761734009,1.7325131888198833,1,6.291268958396462
496.5741066932678,1.7401549159556033,1,6.2869566985879874
496.65139532089233,1.7477966430913163,1,6.282644438779517
496.72835755348206,1.7376076735770276,1,6.288394118524147
496.80695390701294,1.7401549159556033,1,6.2869566985879874
496.88496685028076,1.750343885469885,1,6.281207018843362
496.9787104129791,1.7376076735770276,1,6.288394118524147
497.0565023422241,1.7325131888198833,1,6.291268958396462
497.1348547935486,1.7401549159556033,1,6.2869566985879874
497.21197032928467,1.7376076735770276,1,6.288394118524147
497.2899558544159,1.7477966430913163,1,6.282644438779517
497.3689866065979,1.7452494007127406,1,6.284081858715677
497.4450035095215,1.7299659464413146,1,6.292706378332618
497.5230486392975,1.7452494007127406,1,6.284081858715677
497.6006774902344,1.7401549159556033,1,6.2869566985879874
497.6769378185272,1.7299659464413146,1,6.292706378332618
497.75681591033936,1.7299659464413146,1,6.292706378332618
497.83479833602905,1.7376076735770276,1,6.288394118524147
497.90984177589417,1.7299659464413146,1,6.292706378332618
497.9886908531189,1.735060431198459,1,6.2898315384603025
498.0953493118286,1.7401549159556033,1,6.2869566985879874
498.1891384124756,1.7376076735770276,1,6.288394118524147
498.26665687561035,1.742702158334172,1,6.285519278651832
498.34363627433777,1.7223242193055945,1,6.297018638141092
498.4224581718445,1.7452494007127406,1,6.284081858715677
498.502081155777,1.7554383702270293,1,6.278332178971047
498.57984733581543,1.7376076735770276,1,6.288394118524147
498.6566786766052,1.7477966430913163,1,6.282644438779517
498.7354645729065,1.757985612605605,1,6.276894759034887
498.8112714290619,1.735060431198459,1,6.2898315384603025
498.87509059906006,1.735060431198459,1,6.2898315384603025
498.95295763015747,1.750343885469885,1,6.281207018843362
499.03089118003845,1.7325131888198833,1,6.291268958396462
499.10883259773254,1.7477966430913163,1,6.282644438779517
499.1866135597229,1.7376076735770276,1,6.288394118524147
499.2644011974335,1.7452494007127406,1,6.284081858715677
499.34220838546753,1.7376076735770276,1,6.288394118524147
499.41999864578247,1.7477966430913163,1,6.282644438779517
499.49671626091003,1.7477966430913163,1,6.282644438779517
499.573623418808,1.750343885469885,1,6.281207018843362
499.6683933734894,1.7452494007127406,1,6.284081858715677
499.74598717689514,1.7248714616841703,1,6.295581218204933
499.8251187801361,1.742702158334172,1,6.285519278651832
499.9040038585663,1.7477966430913163,1,6.282644438779517
499.9800407886505,1.750343885469885,1,6.281207018843362
500.0584309101105,1.7401549159556033,1,6.2869566985879874
500.1375479698181,1.742702158334172,1,6.285519278651832
500.21512746810913,1.7477966430913163,1,6.282644438779517
500.29497051239014,1.750343885469885,1,6.281207018843362
500.37462043762207,1.7401549159556033,1,6.2869566985879874
500.45179414749146,1.7630800973627494,1,6.274019919162572
500.5293982028961,1.7401549159556033,1,6.2869566985879874
500.60861372947693,1.7376076735770276,1,6.288394118524147
500.6841835975647,1.7477966430913163,1,6.282644438779517
500.76199769973755,1.742702158334172,1,6.285519278651832
500.84185576438904,1.7401549159556033,1,6.2869566985879874
500.9182229042053,1.7554383702270293,1,6.278332178971047
500.9980254173279,1.757985612605605,1,6.276894759034887
501.0747494697571,1.7401549159556033,1,6.2869566985879874
501.1532096862793,1.7477966430913163,1,6.282644438779517
501.2459659576416,1.7554383702270293,1,6.278332178971047
501.323881149292,1.7477966430913163,1,6.282644438779517
501.40020728111267,1.7528911278484607,1,6.279769598907202
501.47962975502014,1.757985612605605,1,6.276894759034887
501.5573799610138,1.7452494007127406,1,6.284081858715677
501.6333894729614,1.7605328549841737,1,6.275457339098732
501.7112920284271,1.742702158334172,1,6.285519278651832
501.7901666164398,1.750343885469885,1,6.281207018843362
501.8672585487366,1.7554383702270293,1,6.278332178971047
501.9440829753876,1.7477966430913163,1,6.282644438779517
502.0079665184021,1.7554383702270293,1,6.278332178971047
502.0858242511749,1.750343885469885,1,6.281207018843362
502.1640796661377,1.7605328549841737,1,6.275457339098732
502.2406585216522,1.750343885469885,1,6.281207018843362
502.318284034729,1.7605328549841737,1,6.275457339098732
502.39497661590576,1.7376076735770276,1,6.288394118524147
502.471786737442,1.742702158334172,1,6.285519278651832
502.54815316200256,1.750343885469885,1,6.281207018843362
502.6273546218872,1.757985612605605,1,6.276894759034887
502.7051420211792,1.750343885469885,1,6.281207018843362
502.7981810569763,1.7554383702270293,1,6.278332178971047
502.87573432922363,1.750343885469885,1,6.281207018843362
502.9527552127838,1.7477966430913163,1,6.282644438779517
503.0288646221161,1.7477966430913163,1,6.282644438779517
503.10565400123596,1.750343885469885,1,6.281207018843362
503.1831784248352,1.7528911278484607,1,6.279769598907202
503.2609703540802,1.7528911278484607,1,6.279769598907202
503.33868050575256,1.7528911278484607,1,6.279769598907202
503.4026048183441,1.7554383702270293,1,6.278332178971047
503.47955203056335,1.7605328549841737,1,6.275457339098732
503.55952978134155,1.7528911278484607,1,6.279769598907202
503.6370816230774,1.7477966430913163,1,6.282644438779517
503.71448040008545,1.765627339741318,1,6.2725824992264165
503.7912714481354,1.7554383702270293,1,6.278332178971047
503.8681092262268,1.7605328549841737,1,6.275457339098732
503.94492387771606,1.765627339741318,1,6.2725824992264165
504.02172446250916,1.757985612605605,1,6.276894759034887
504.1015899181366,1.750343885469885,1,6.281207018843362
504.17939162254333,1.7605328549841737,1,6.275457339098732
504.25810265541077,1.7452494007127406,1,6.284081858715677
504.35192131996155,1.7477966430913163,1,6.282644438779517
504.4280307292938,1.750343885469885,1,6.281207018843362
504.50499391555786,1.7554383702270293,1,6.278332178971047
504.5845510959625,1.7630800973627494,1,6.274019919162572
504.66360902786255,1.7554383702270293,1,6.278332178971047
504.74145436286926,1.742702158334172,1,6.285519278651832
504.8176646232605,1.7605328549841737,1,6.275457339098732
504.8942997455597,1.750343885469885,1,6.281207018843362
504.97204542160034,1.7528911278484607,1,6.279769598907202
505.04770398139954,1.757985612605605,1,6.276894759034887
505.126588344574,1.7477966430913163,1,6.282644438779517
505.20299530029297,1.7681745821198938,1,6.271145079290257
505.2815787792206,1.7554383702270293,1,6.278332178971047
505.3595154285431,1.7528911278484607,1,6.279769598907202
505.4353995323181,1.750343885469885,1,6.281207018843362
505.51459431648254,1.750343885469885,1,6.281207018843362
505.59115982055664,1.7452494007127406,1,6.284081858715677
505.6682722568512,1.765627339741318,1,6.2725824992264165
505.73218607902527,1.750343885469885,1,6.281207018843362
505.81099462509155,1.7528911278484607,1,6.279769598907202
505.90418243408203,1.7401549159556033,1,6.2869566985879874
505.9811062812805,1.7528911278484607,1,6.279769598907202
506.05987215042114,1.7554383702270293,1,6.278332178971047
506.1376428604126,1.757985612605605,1,6.276894759034887
506.2170262336731,1.7630800973627494,1,6.274019919162572
506.29486775398254,1.7477966430913163,1,6.282644438779517
506.3708004951477,1.7477966430913163,1,6.282644438779517
506.44863748550415,1.765627339741318,1,6.2725824992264165
506.5278160572052,1.7630800973627494,1,6.274019919162572
506.6057207584381,1.7528911278484607,1,6.279769598907202
506.68298864364624,1.7605328549841737,1,6.275457339098732
506.7609272003174,1.7554383702270293,1,6.278332178971047
506.8370542526245,1.7707218244984624,1,6.2697076593541015
506.9160363674164,1.7605328549841737,1,6.275457339098732
506.9940936565399,1.7477966430913163,1,6.282644438779517
507.07207584381104,1.750343885469885,1,6.281207018843362
507.1492681503296,1.765627339741318,1,6.2725824992264165
507.22605872154236,1.7605328549841737,1,6.275457339098732
507.30377078056335,1.750343885469885,1,6.281207018843362
507.38049268722534,1.757985612605605,1,6.276894759034887
507.471253156662,1.7605328549841737,1,6.275457339098732
507.54800629615784,1.7681745821198938,1,6.271145079290257
507.6240382194519,1.7554383702270293,1,6.278332178971047
507.70389342308044,1.7554383702270293,1,6.278332178971047
507.7799015045166,1.7681745821198938,1,6.271145079290257
507.8561735153198,1.750343885469885,1,6.281207018843362
507.93447160720825,1.7554383702270293,1,6.278332178971047
508.01027059555054,1.7605328549841737,1,6.275457339098732
508.0892221927643,1.750343885469885,1,6.281207018843362
508.1677565574646,1.765627339741318,1,6.2725824992264165
508.2445330619812,1.7630800973627494,1,6.274019919162572
508.3233292102814,1.750343885469885,1,6.281207018843362
508.403119802475,1.7605328549841737,1,6.275457339098732
508.48091554641724,1.765627339741318,1,6.2725824992264165
508.5597290992737,1.7554383702270293,1,6.278332178971047
508.6386442184448,1.757985612605605,1,6.276894759034887
508.71550941467285,1.7554383702270293,1,6.278332178971047
508.79515409469604,1.757985612605605,1,6.276894759034887
508.8749556541443,1.7554383702270293,1,6.278332178971047
508.95179319381714,1.773269066877031,1,6.268270239417946
509.0470428466797,1.7707218244984624,1,6.2697076593541015
509.1238386631012,1.7605328549841737,1,6.275457339098732
509.2006325721741,1.7681745821198938,1,6.271145079290257
509.28041911125183,1.7605328549841737,1,6.275457339098732
509.360205411911,1.7605328549841737,1,6.275457339098732
509.4380249977112,1.7630800973627494,1,6.274019919162572
509.5158131122589,1.7707218244984624,1,6.2697076593541015
509.5936517715454,1.7681745821198938,1,6.271145079290257
509.669718503952,1.757985612605605,1,6.276894759034887
509.74728560447693,1.7681745821198938,1,6.271145079290257
509.8238196372986,1.7376076735770276,1,6.288394118524147
509.90061020851135,1.7758163092556067,1,6.266832819481786
509.97849893569946,1.7528911278484607,1,6.279769598907202
510.0583062171936,1.750343885469885,1,6.281207018843362
510.1355974674225,1.7707218244984624,1,6.2697076593541015
510.21297121047974,1.7630800973627494,1,6.274019919162572
510.2907121181488,1.757985612605605,1,6.276894759034887
510.36808347702026,1.7707218244984624,1,6.2697076593541015
510.4458291530609,1.7681745821198938,1,6.271145079290257
510.5248260498047,1.750343885469885,1,6.281207018843362
510.61826276779175,1.7554383702270293,1,6.278332178971047
510.6970419883728,1.7605328549841737,1,6.275457339098732
510.7744495868683,1.7528911278484607,1,6.279769598907202
510.8515887260437,1.7605328549841737,1,6.275457339098732
510.9301292896271,1.7707218244984624,1,6.2697076593541015
511.0061378479004,1.7554383702270293,1,6.278332178971047
511.08235931396484,1.7758163092556067,1,6.266832819481786
511.1597366333008,1.7630800973627494,1,6.274019919162572
511.2362377643585,1.765627339741318,1,6.2725824992264165
511.3154754638672,1.7605328549841737,1,6.275457339098732
511.3938512802124,1.765627339741318,1,6.2725824992264165
511.46923875808716,1.7605328549841737,1,6.275457339098732
511.5461850166321,1.7758163092556067,1,6.266832819481786
511.6245312690735,1.750343885469885,1,6.281207018843362
511.70309042930603,1.7758163092556067,1,6.266832819481786
511.78070521354675,1.7834580363913197,1,6.262520559673316
511.85783076286316,1.7681745821198938,1,6.271145079290257
511.9359540939331,1.750343885469885,1,6.281207018843362
512.0148799419403,1.7630800973627494,1,6.274019919162572
512.0920498371124,1.7681745821198938,1,6.271145079290257
512.1840505599976,1.7681745821198938,1,6.271145079290257
512.2612488269806,1.7605328549841737,1,6.275457339098732
512.3400621414185,1.7605328549841737,1,6.275457339098732
512.4179737567902,1.7707218244984624,1,6.2697076593541015
512.4958562850952,1.7681745821198938,1,6.271145079290257
512.5721888542175,1.7605328549841737,1,6.275457339098732
512.648451089859,1.7681745821198938,1,6.271145079290257
512.7261896133423,1.7758163092556067,1,6.266832819481786
512.8049683570862,1.773269066877031,1,6.268270239417946
512.8804755210876,1.773269066877031,1,6.268270239417946
512.9594979286194,1.7758163092556067,1,6.266832819481786
513.0392837524414,1.7605328549841737,1,6.275457339098732
513.1158242225647,1.7681745821198938,1,6.271145079290257
513.1950025558472,1.7834580363913197,1,6.262520559673316
513.2732644081116,1.7630800973627494,1,6.274019919162572
513.349080324173,1.7783635516341754,1,6.26539539954563
513.4238500595093,1.7630800973627494,1,6.274019919162572
513.4997234344482,1.750343885469885,1,6.281207018843362
513.5777721405029,1.773269066877031,1,6.268270239417946
513.6558787822723,1.773269066877031,1,6.268270239417946
513.7505519390106,1.773269066877031,1,6.268270239417946
513.8276178836823,1.780910794012751,1,6.263957979609471
513.9055507183075,1.7707218244984624,1,6.2697076593541015
513.9826657772064,1.7630800973627494,1,6.274019919162572
514.0604536533356,1.765627339741318,1,6.2725824992264165
514.1402580738068,1.7605328549841737,1,6.275457339098732
514.2185957431793,1.7707218244984624,1,6.2697076593541015
514.2945160865784,1.7707218244984624,1,6.2697076593541015
514.3723113536835,1.7630800973627494,1,6.274019919162572
514.4501724243164,1.780910794012751,1,6.263957979609471
514.5274727344513,1.7783635516341754,1,6.26539539954563
514.604364156723,1.7681745821198938,1,6.271145079290257
514.6812572479248,1.7681745821198938,1,6.271145079290257
514.758629322052,1.765627339741318,1,6.2725824992264165
514.8364458084106,1.7783635516341754,1,6.26539539954563
514.9157764911652,1.7783635516341754,1,6.26539539954563
514.9929826259613,1.773269066877031,1,6.268270239417946
515.0728678703308,1.765627339741318,1,6.2725824992264165
515.1516420841217,1.765627339741318,1,6.2725824992264165
515.2295215129852,1.780910794012751,1,6.263957979609471
515.3386511802673,1.765627339741318,1,6.2725824992264165
515.4176979064941,1.7681745821198938,1,6.271145079290257
515.4947066307068,1.780910794012751,1,6.263957979609471
515.5717070102692,1.7630800973627494,1,6.274019919162572
515.6505148410797,1.773269066877031,1,6.268270239417946
515.7284345626831,1.7681745821198938,1,6.271145079290257
515.8057613372803,1.7605328549841737,1,6.275457339098732
515.8849730491638,1.7707218244984624,1,6.2697076593541015
515.9628813266754,1.7758163092556067,1,6.266832819481786
516.0411365032196,1.773269066877031,1,6.268270239417946
516.1181287765503,1.7783635516341754,1,6.26539539954563
516.1959526538849,1.7758163092556067,1,6.266832819481786
516.2730610370636,1.7681745821198938,1,6.271145079290257
516.3515384197235,1.773269066877031,1,6.268270239417946
516.4453027248383,1.7681745821198938,1,6.271145079290257
516.5240912437439,1.7681745821198938,1,6.271145079290257
516.6024415493011,1.780910794012751,1,6.263957979609471
516.6784417629242,1.7707218244984624,1,6.2697076593541015
516.7564272880554,1.7605328549841737,1,6.275457339098732
516.8342666625977,1.7681745821198938,1,6.271145079290257
516.92600274086,1.773269066877031,1,6.268270239417946
517.0038454532623,1.7630800973627494,1,6.274019919162572
517.0811929702759,1.7834580363913197,1,6.262520559673316
517.1589822769165,1.757985612605605,1,6.276894759034887
517.237072467804,1.765627339741318,1,6.2725824992264165
517.3147685527802,1.7860052787698955,1,6.261083139737156
517.3933706283569,1.7758163092556067,1,6.266832819481786
517.4701676368713,1.7783635516341754,1,6.26539539954563
517.5470159053802,1.7758163092556067,1,6.266832819481786
517.6240556240082,1.7681745821198938,1,6.271145079290257
517.7030897140503,1.7707218244984624,1,6.2697076593541015
517.7788846492767,1.773269066877031,1,6.268270239417946
517.8567521572113,1.765627339741318,1,6.2725824992264165
517.9361953735352,1.780910794012751,1,6.263957979609471
518.0142159461975,1.7783635516341754,1,6.26539539954563
518.093090057373,1.765627339741318,1,6.2725824992264165
518.1705000400543,1.7783635516341754,1,6.26539539954563
518.2485086917877,1.788552521148464,1,6.259645719801
518.3273704051971,1.7758163092556067,1,6.266832819481786
518.4063279628754,1.7707218244984624,1,6.2697076593541015
518.5132141113281,1.765627339741318,1,6.2725824992264165
518.5910139083862,1.7681745821198938,1,6.271145079290257
518.6707558631897,1.7707218244984624,1,6.2697076593541015
518.7481987476349,1.7834580363913197,1,6.262520559673316
518.8261427879333,1.7860052787698955,1,6.261083139737156
518.905909538269,1.7605328549841737,1,6.275457339098732
518.9828550815582,1.780910794012751,1,6.263957979609471
519.0605323314667,1.780910794012751,1,6.263957979609471
519.1395897865295,1.7630800973627494,1,6.274019919162572
519.2147476673126,1.7910997635270398,1,6.258208299864841
519.2916514873505,1.7681745821198938,1,6.271145079290257
519.3696856498718,1.780910794012751,1,6.263957979609471
519.4462242126465,1.7758163092556067,1,6.266832819481786
519.5255219936371,1.7707218244984624,1,6.2697076593541015
519.6048583984375,1.7681745821198938,1,6.271145079290257
519.6816358566284,1.7860052787698955,1,6.261083139737156
519.7594244480133,1.780910794012751,1,6.263957979609471
519.8382182121277,1.7758163092556067,1,6.266832819481786
519.9135632514954,1.7834580363913197,1,6.262520559673316
519.992778301239,1.7834580363913197,1,6.262520559673316
520.0886244773865,1.7783635516341754,1,6.26539539954563
520.1663293838501,1.7910997635270398,1,6.258208299864841
520.2463028430939,1.7707218244984624,1,6.2697076593541015
520.3261873722076,1.7783635516341754,1,6.26539539954563
520.4030168056488,1.7758163092556067,1,6.266832819481786
520.4795715808868,1.7936470059056084,1,6.256770879928686
520.5591011047363,1.780910794012751,1,6.263957979609471
520.6361217498779,1.7707218244984624,1,6.2697076593541015
520.7152020931244,1.7860052787698955,1,6.261083139737156
520.7926149368286,1.7758163092556067,1,6.266832819481786
520.8685576915741,1.7758163092556067,1,6.266832819481786
520.9479179382324,1.7758163092556067,1,6.266832819481786
521.0249266624451,1.7860052787698955,1,6.261083139737156
521.1019134521484,1.7783635516341754,1,6.26539539954563
521.1811828613281,1.7758163092556067,1,6.266832819481786
521.2576751708984,1.7783635516341754,1,6.26539539954563
521.3344717025757,1.780910794012751,1,6.263957979609471
521.4142553806305,1.7783635516341754,1,6.26539539954563
521.4940440654755,1.7834580363913197,1,6.262520559673316
521.571836233139,1.773269066877031,1,6.268270239417946
521.6657071113586,1.7783635516341754,1,6.26539539954563
521.7444560527802,1.7910997635270398,1,6.258208299864841
521.8213155269623,1.765627339741318,1,6.2725824992264165
521.9001302719116,1.7758163092556067,1,6.266832819481786
521.9768943786621,1.7834580363913197,1,6.262520559673316
522.0553770065308,1.7834580363913197,1,6.262520559673316
522.1326096057892,1.780910794012751,1,6.263957979609471
522.2109885215759,1.788552521148464,1,6.259645719801
522.2886955738068,1.780910794012751,1,6.263957979609471
522.3671338558197,1.780910794012751,1,6.263957979609471
522.4461562633514,1.7910997635270398,1,6.258208299864841
522.5239684581757,1.773269066877031,1,6.268270239417946
522.601978302002,1.7860052787698955,1,6.261083139737156
522.6791725158691,1.780910794012751,1,6.263957979609471
522.7569591999054,1.7707218244984624,1,6.2697076593541015
522.8360495567322,1.7681745821198938,1,6.271145079290257
522.9154186248779,1.7961942482841842,1,6.255333459992526
522.9930729866028,1.7783635516341754,1,6.26539539954563
523.0701727867126,1.7783635516341754,1,6.26539539954563
523.1474585533142,1.7834580363913197,1,6.262520559673316
523.2562022209167,1.7783635516341754,1,6.26539539954563
523.3329784870148,1.7707218244984624,1,6.2697076593541015
523.4113352298737,1.7783635516341754,1,6.26539539954563
523.490312576294,1.7834580363913197,1,6.262520559673316
523.5657639503479,1.780910794012751,1,6.263957979609471
523.6420698165894,1.780910794012751,1,6.263957979609471
523.7193057537079,1.7783635516341754,1,6.26539539954563
523.7978191375732,1.7910997635270398,1,6.258208299864841
523.8751125335693,1.7834580363913197,1,6.262520559673316
523.9530210494995,1.788552521148464,1,6.259645719801
524.0313112735748,1.7860052787698955,1,6.261083139737156
524.1080586910248,1.780910794012751,1,6.263957979609471
524.187846660614,1.773269066877031,1,6.268270239417946
524.2638742923737,1.7936470059056084,1,6.256770879928686
524.3406853675842,1.780910794012751,1,6.263957979609471
524.418203830719,1.7860052787698955,1,6.261083139737156
524.4973022937775,1.780910794012751,1,6.263957979609471
524.5749635696411,1.780910794012751,1,6.263957979609471
524.6535940170288,1.7783635516341754,1,6.26539539954563
524.7334535121918,1.7758163092556067,1,6.266832819481786
524.8426041603088,1.7910997635270398,1,6.258208299864841
524.9214677810669,1.780910794012751,1,6.263957979609471
524.9982595443726,1.7961942482841842,1,6.255333459992526
525.0760507583618,1.7987414906627528,1,6.25389604005637
525.1558377742767,1.7860052787698955,1,6.261083139737156
525.2334342002869,1.780910794012751,1,6.263957979609471
525.309798002243,1.788552521148464,1,6.259645719801
525.3885924816132,1.780910794012751,1,6.263957979609471
525.466278553009,1.7936470059056084,1,6.256770879928686
525.5440611839294,1.7834580363913197,1,6.262520559673316
525.6198599338531,1.7860052787698955,1,6.261083139737156
525.6976687908173,1.7910997635270398,1,6.258208299864841
525.7754814624786,1.7936470059056084,1,6.256770879928686
525.8543171882629,1.780910794012751,1,6.263957979609471
525.9311292171478,1.788552521148464,1,6.259645719801
526.0090503692627,1.8038359754198972,1,6.251021200184056
526.0868484973907,1.7758163092556067,1,6.266832819481786
526.1630184650421,1.788552521148464,1,6.259645719801
526.2408146858215,1.780910794012751,1,6.263957979609471
526.3186190128326,1.788552521148464,1,6.259645719801
526.4263563156128,1.7936470059056084,1,6.256770879928686
526.5037269592285,1.7834580363913197,1,6.262520559673316
526.5809259414673,1.7834580363913197,1,6.262520559673316
526.656715631485,1.8012887330413214,1,6.252458620120215
526.7340834140778,1.7758163092556067,1,6.266832819481786
526.813957452774,1.7987414906627528,1,6.25389604005637
526.8907165527344,1.780910794012751,1,6.263957979609471
526.9670083522797,1.7783635516341754,1,6.26539539954563
527.0448870658875,1.7961942482841842,1,6.255333459992526
527.1229963302612,1.7681745821198938,1,6.271145079290257
527.2009336948395,1.7860052787698955,1,6.261083139737156
527.2794704437256,1.7860052787698955,1,6.261083139737156
527.3584976196289,1.7961942482841842,1,6.255333459992526
527.4340770244598,1.780910794012751,1,6.263957979609471
527.5138311386108,1.8012887330413214,1,6.252458620120215
527.5909841060638,1.7910997635270398,1,6.258208299864841
527.6681814193726,1.8012887330413214,1,6.252458620120215
527.7469141483307,1.7936470059056084,1,6.256770879928686
527.8247277736664,1.7910997635270398,1,6.258208299864841
527.9006237983704,1.7936470059056084,1,6.256770879928686
527.9961218833923,1.7936470059056084,1,6.256770879928686
528.073769569397,1.7834580363913197,1,6.262520559673316
528.1507918834686,1.7961942482841842,1,6.255333459992526
528.2274324893951,1.7961942482841842,1,6.255333459992526
528.3047869205475,1.7910997635270398,1,6.258208299864841
528.3828196525574,1.7783635516341754,1,6.26539539954563
528.4612240791321,1.7987414906627528,1,6.25389604005637
528.5390720367432,1.7910997635270398,1,6.258208299864841
528.6170063018799,1.7783635516341754,1,6.26539539954563
528.6957149505615,1.7961942482841842,1,6.255333459992526
528.7720341682434,1.7758163092556067,1,6.266832819481786
528.8508975505829,1.7961942482841842,1,6.255333459992526
528.929639339447,1.7910997635270398,1,6.258208299864841
529.0223951339722,1.7783635516341754,1,6.26539539954563
529.100250005722,1.7910997635270398,1,6.258208299864841
529.1786549091339,1.7860052787698955,1,6.261083139737156
529.2545638084412,1.788552521148464,1,6.259645719801
529.3324468135834,1.7910997635270398,1,6.258208299864841
529.4092338085175,1.788552521148464,1,6.259645719801
529.4859871864319,1.8038359754198972,1,6.251021200184056
529.5787835121155,1.8089304601770415,1,6.24814636031174
529.655154466629,1.7961942482841842,1,6.255333459992526
529.7311692237854,1.7910997635270398,1,6.258208299864841
529.8099894523621,1.8038359754198972,1,6.251021200184056
529.8897652626038,1.7783635516341754,1,6.26539539954563
529.9678041934967,1.7860052787698955,1,6.261083139737156
530.0449683666229,1.7961942482841842,1,6.255333459992526
530.1237580776215,1.7783635516341754,1,6.26539539954563
530.2015538215637,1.780910794012751,1,6.263957979609471
530.2793412208557,1.7987414906627528,1,6.25389604005637
530.3592638969421,1.7961942482841842,1,6.255333459992526
530.435676574707,1.7910997635270398,1,6.258208299864841
530.5152039527893,1.8012887330413214,1,6.252458620120215
530.5929312705994,1.7961942482841842,1,6.255333459992526
530.6694276332855,1.7834580363913197,1,6.262520559673316
530.747394323349,1.7987414906627528,1,6.25389604005637
530.8266294002533,1.7961942482841842,1,6.255333459992526
530.9033977985382,1.7860052787698955,1,6.261083139737156
530.9817378520966,1.8012887330413214,1,6.252458620120215
531.0586009025574,1.7936470059056084,1,6.256770879928686
531.1513860225677,1.8038359754198972,1,6.251021200184056
531.2312347888947,1.7987414906627528,1,6.25389604005637
531.3099086284637,1.8063832177984658,1,6.2495837802478995
531.3881433010101,1.788552521148464,1,6.259645719801
531.4658126831055,1.7961942482841842,1,6.255333459992526
531.5440320968628,1.780910794012751,1,6.263957979609471
531.6207511425018,1.7910997635270398,1,6.258208299864841
531.6989228725433,1.7987414906627528,1,6.25389604005637
531.7776458263397,1.7910997635270398,1,6.258208299864841
531.8560566902161,1.788552521148464,1,6.259645719801
531.934820652008,1.8012887330413214,1,6.252458620120215
532.0110142230988,1.7961942482841842,1,6.255333459992526
532.0890145301819,1.7860052787698955,1,6.261083139737156
532.1661126613617,1.7961942482841842,1,6.255333459992526
532.2430276870728,1.8012887330413214,1,6.252458620120215
532.3198187351227,1.7860052787698955,1,6.261083139737156
532.3975069522858,1.8012887330413214,1,6.252458620120215
532.4744312763214,1.7834580363913197,1,6.262520559673316
532.5512301921844,1.7834580363913197,1,6.262520559673316
532.6289982795715,1.7961942482841842,1,6.255333459992526
532.7211508750916,1.780910794012751,1,6.263957979609471
532.7974858283997,1.788552521148464,1,6.259645719801
532.8755431175232,1.8012887330413214,1,6.252458620120215
532.9543824195862,1.780910794012751,1,6.263957979609471
533.0306825637817,1.8038359754198972,1,6.251021200184056
533.1100447177887,1.8012887330413214,1,6.252458620120215
533.1882832050323,1.780910794012751,1,6.263957979609471
533.265941619873,1.7936470059056084,1,6.256770879928686
533.3427965641022,1.8089304601770415,1,6.24814636031174
533.4199819564819,1.7860052787698955,1,6.261083139737156
533.4957790374756,1.8012887330413214,1,6.252458620120215
533.5738015174866,1.7910997635270398,1,6.258208299864841
533.651004076004,1.8038359754198972,1,6.251021200184056
533.7278187274933,1.8012887330413214,1,6.252458620120215
533.8067467212677,1.780910794012751,1,6.263957979609471
533.8841984272003,1.7961942482841842,1,6.255333459992526
533.9613919258118,1.7910997635270398,1,6.258208299864841
534.0385849475861,1.780910794012751,1,6.263957979609471
534.1160314083099,1.8012887330413214,1,6.252458620120215
534.193062543869,1.7961942482841842,1,6.255333459992526
534.2885172367096,1.7987414906627528,1,6.25389604005637
534.3684470653534,1.7860052787698955,1,6.261083139737156
534.4455378055573,1.8038359754198972,1,6.251021200184056
534.5241906642914,1.7987414906627528,1,6.25389604005637
534.6030070781708,1.7961942482841842,1,6.255333459992526
534.6799337863922,1.8012887330413214,1,6.252458620120215
534.756852388382,1.8012887330413214,1,6.252458620120215
534.8348417282104,1.7961942482841842,1,6.255333459992526
534.9109711647034,1.7910997635270398,1,6.258208299864841
534.9878461360931,1.780910794012751,1,6.263957979609471
535.0648012161255,1.8089304601770415,1,6.24814636031174
535.1427626609802,1.8063832177984658,1,6.2495837802478995
535.220029592514,1.7987414906627528,1,6.25389604005637
535.2979292869568,1.7910997635270398,1,6.258208299864841
535.3749186992645,1.788552521148464,1,6.259645719801
535.4537103176117,1.7910997635270398,1,6.258208299864841
535.5307741165161,1.7961942482841842,1,6.255333459992526
535.6076140403748,1.7910997635270398,1,6.258208299864841
535.6873972415924,1.7860052787698955,1,6.261083139737156
535.7651884555817,1.8012887330413214,1,6.252458620120215
535.8589425086975,1.7910997635270398,1,6.258208299864841
535.9377603530884,1.7961942482841842,1,6.255333459992526
536.0157673358917,1.7961942482841842,1,6.255333459992526
536.0927531719208,1.8038359754198972,1,6.251021200184056
536.1705255508423,1.7860052787698955,1,6.261083139737156
536.2485592365265,1.7961942482841842,1,6.255333459992526
536.3264107704163,1.7910997635270398,1,6.258208299864841
536.4056522846222,1.8063832177984658,1,6.2495837802478995
536.4826319217682,1.8038359754198972,1,6.251021200184056
536.5594670772552,1.8038359754198972,1,6.251021200184056
536.6383094787598,1.7910997635270398,1,6.258208299864841
536.7152378559113,1.7987414906627528,1,6.25389604005637
536.791342496872,1.8063832177984658,1,6.2495837802478995
536.8686063289642,1.7910997635270398,1,6.258208299864841
536.9449799060822,1.7987414906627528,1,6.25389604005637
537.0217411518097,1.7834580363913197,1,6.262520559673316
537.0976057052612,1.8012887330413214,1,6.252458620120215
537.174569606781,1.8063832177984658,1,6.2495837802478995
537.2503719329834,1.8114777025556101,1,6.246708940375584
537.3278639316559,1.7936470059056084,1,6.256770879928686
537.4229986667633,1.7936470059056084,1,6.256770879928686
537.5004436969757,1.7910997635270398,1,6.258208299864841
537.5770373344421,1.7987414906627528,1,6.25389604005637
537.6548957824707,1.7961942482841842,1,6.255333459992526
537.7319688796997,1.7936470059056084,1,6.256770879928686
537.8099954128265,1.8012887330413214,1,6.252458620120215
537.8881249427795,1.8012887330413214,1,6.252458620120215
537.9652652740479,1.8063832177984658,1,6.2495837802478995
538.0440640449524,1.8089304601770415,1,6.24814636031174
538.1229782104492,1.788552521148464,1,6.259645719801
538.197915315628,1.7936470059056084,1,6.256770879928686
538.2773461341858,1.8012887330413214,1,6.252458620120215
538.3543350696564,1.8012887330413214,1,6.252458620120215
538.4312546253204,1.8191194296913302,1,6.24239668056711
538.5092949867249,1.8089304601770415,1,6.24814636031174
538.589004278183,1.8038359754198972,1,6.251021200184056
538.665983915329,1.8012887330413214,1,6.252458620120215
538.7289454936981,1.7987414906627528,1,6.25389604005637
538.807425737381,1.8089304601770415,1,6.24814636031174
538.8840291500092,1.8089304601770415,1,6.24814636031174
538.9788639545441,1.7987414906627528,1,6.25389604005637
539.0572545528412,1.7961942482841842,1,6.255333459992526
539.134938955307,1.7936470059056084,1,6.256770879928686
539.2129991054535,1.8012887330413214,1,6.252458620120215
539.2899296283722,1.7961942482841842,1,6.255333459992526
539.3659698963165,1.7936470059056084,1,6.256770879928686
539.4445400238037,1.7961942482841842,1,6.255333459992526
539.521665096283,1.7961942482841842,1,6.255333459992526
539.5994181632996,1.7987414906627528,1,6.25389604005637
539.679093837738,1.8038359754198972,1,6.251021200184056
539.7589027881622,1.7936470059056084,1,6.256770879928686
539.8357753753662,1.7961942482841842,1,6.255333459992526
539.9132106304169,1.7961942482841842,1,6.255333459992526
539.9914057254791,1.8038359754198972,1,6.251021200184056
540.0690200328827,1.7936470059056084,1,6.256770879928686
540.1475036144257,1.8063832177984658,1,6.2495837802478995
540.2254486083984,1.8012887330413214,1,6.252458620120215
540.316207408905,1.8165721873127545,1,6.243834100503269
540.3930804729462,1.7936470059056084,1,6.256770879928686
540.4702026844025,1.7987414906627528,1,6.25389604005637
540.5628416538239,1.8089304601770415,1,6.24814636031174
540.6405799388885,1.8063832177984658,1,6.2495837802478995
540.7182676792145,1.8012887330413214,1,6.252458620120215
540.7950162887573,1.8038359754198972,1,6.251021200184056
540.874924659729,1.8012887330413214,1,6.252458620120215
540.952757358551,1.8063832177984658,1,6.2495837802478995
541.0296492576599,1.8140249449341859,1,6.245271520439426
541.105705499649,1.7910997635270398,1,6.258208299864841
541.1837954521179,1.7961942482841842,1,6.255333459992526
541.2616927623749,1.8216666720698989,1,6.240959260630954
541.3407859802246,1.8165721873127545,1,6.243834100503269
541.4196155071259,1.8038359754198972,1,6.251021200184056
541.4974362850189,1.8114777025556101,1,6.246708940375584
541.5753252506256,1.8089304601770415,1,6.24814636031174
541.652813911438,1.8012887330413214,1,6.252458620120215
541.7304203510284,1.8089304601770415,1,6.24814636031174
541.8072476387024,1.8089304601770415,1,6.24814636031174
541.8861360549927,1.7987414906627528,1,6.25389604005637
541.9639203548431,1.8216666720698989,1,6.240959260630954
542.0415570735931,1.8114777025556101,1,6.246708940375584
542.1341843605042,1.7910997635270398,1,6.258208299864841
542.2114143371582,1.8114777025556101,1,6.246708940375584
542.2892560958862,1.8267611568270432,1,6.238084420758639
542.3660385608673,1.7987414906627528,1,6.25389604005637
542.4429841041565,1.8165721873127545,1,6.243834100503269
542.5227353572845,1.8063832177984658,1,6.2495837802478995
542.6014890670776,1.8114777025556101,1,6.246708940375584
542.6796445846558,1.8063832177984658,1,6.2495837802478995
542.7585244178772,1.8063832177984658,1,6.2495837802478995
542.8365163803101,1.7961942482841842,1,6.255333459992526
542.9146535396576,1.8063832177984658,1,6.2495837802478995
542.9937229156494,1.8140249449341859,1,6.245271520439426
543.069819688797,1.8012887330413214,1,6.252458620120215
543.1475541591644,1.8165721873127545,1,6.243834100503269
543.2250154018402,1.8089304601770415,1,6.24814636031174
543.3030633926392,1.7961942482841842,1,6.255333459992526
543.3776376247406,1.8165721873127545,1,6.243834100503269
543.4540119171143,1.8038359754198972,1,6.251021200184056
543.5330505371094,1.8114777025556101,1,6.246708940375584
543.6099226474762,1.8038359754198972,1,6.251021200184056
543.7205712795258,1.8140249449341859,1,6.245271520439426
543.797239780426,1.8089304601770415,1,6.24814636031174
543.8749902248383,1.8114777025556101,1,6.246708940375584
543.952887058258,1.7987414906627528,1,6.25389604005637
544.0288209915161,1.8165721873127545,1,6.243834100503269
544.1076316833496,1.8267611568270432,1,6.238084420758639
544.1861302852631,1.8063832177984658,1,6.2495837802478995
544.2630627155304,1.8038359754198972,1,6.251021200184056
544.3410255908966,1.8165721873127545,1,6.243834100503269
544.4199919700623,1.8114777025556101,1,6.246708940375584
544.4967384338379,1.8267611568270432,1,6.238084420758639
544.5758278369904,1.8191194296913302,1,6.24239668056711
544.6530606746674,1.8114777025556101,1,6.246708940375584
544.7293119430542,1.8063832177984658,1,6.2495837802478995
544.8073210716248,1.8216666720698989,1,6.240959260630954
544.8860728740692,1.7936470059056084,1,6.256770879928686
544.963301897049,1.8089304601770415,1,6.24814636031174
545.0411357879639,1.8089304601770415,1,6.24814636031174
545.118376493454,1.8038359754198972,1,6.251021200184056
545.1950120925903,1.8038359754198972,1,6.251021200184056
545.2878432273865,1.8140249449341859,1,6.245271520439426
545.3650813102722,1.8114777025556101,1,6.246708940375584
545.4425647258759,1.8165721873127545,1,6.243834100503269
545.5207946300507,1.8063832177984658,1,6.2495837802478995
545.5967969894409,1.8114777025556101,1,6.246708940375584
545.6739671230316,1.8140249449341859,1,6.245271520439426
545.7528336048126,1.7987414906627528,1,6.25389604005637
545.8307292461395,1.8216666720698989,1,6.240959260630954
545.9074516296387,1.8191194296913302,1,6.24239668056711
545.9852390289307,1.7987414906627528,1,6.25389604005637
546.0629487037659,1.8191194296913302,1,6.24239668056711
546.1406509876251,1.8089304601770415,1,6.24814636031174
546.2195398807526,1.8012887330413214,1,6.252458620120215
546.2973420619965,1.8012887330413214,1,6.252458620120215
546.3731350898743,1.8216666720698989,1,6.240959260630954
546.4516847133636,1.8089304601770415,1,6.24814636031174
546.5315091609955,1.8089304601770415,1,6.24814636031174
546.6093504428864,1.8216666720698989,1,6.240959260630954
546.6872053146362,1.8140249449341859,1,6.245271520439426
546.766419172287,1.8114777025556101,1,6.246708940375584
546.8590598106384,1.8114777025556101,1,6.246708940375584
546.9369308948517,1.8012887330413214,1,6.252458620120215
547.0147590637207,1.8063832177984658,1,6.2495837802478995
547.0917356014252,1.8114777025556101,1,6.246708940375584
547.1854915618896,1.8012887330413214,1,6.252458620120215
547.2628126144409,1.8242139144484746,1,6.239521840694795
547.3411200046539,1.8140249449341859,1,6.245271520439426
547.416580915451,1.8089304601770415,1,6.24814636031174
547.4930968284607,1.8267611568270432,1,6.238084420758639
547.5696232318878,1.8063832177984658,1,6.2495837802478995
547.6471230983734,1.8038359754198972,1,6.251021200184056
547.7238245010376,1.8063832177984658,1,6.2495837802478995
547.8014588356018,1.8038359754198972,1,6.251021200184056
547.8780143260956,1.8165721873127545,1,6.243834100503269
547.9548096656799,1.8242139144484746,1,6.239521840694795
548.0319197177887,1.8140249449341859,1,6.245271520439426
548.10986328125,1.8216666720698989,1,6.240959260630954
548.1865015029907,1.8114777025556101,1,6.246708940375584
548.2657825946808,1.8114777025556101,1,6.246708940375584
548.3431026935577,1.8216666720698989,1,6.240959260630954
548.4360837936401,1.8012887330413214,1,6.252458620120215
548.5138387680054,1.8114777025556101,1,6.246708940375584
548.5906574726105,1.8216666720698989,1,6.240959260630954
548.6680369377136,1.8114777025556101,1,6.246708940375584
548.7474613189697,1.8114777025556101,1,6.246708940375584
548.8264043331146,1.8191194296913302,1,6.24239668056711
548.9030911922455,1.8165721873127545,1,6.243834100503269
548.9797356128693,1.8191194296913302,1,6.24239668056711
549.057285785675,1.8140249449341859,1,6.245271520439426
549.1348748207092,1.8216666720698989,1,6.240959260630954
549.2138411998749,1.8140249449341859,1,6.245271520439426
549.2936358451843,1.8267611568270432,1,6.238084420758639
549.3716382980347,1.8114777025556101,1,6.246708940375584
549.4504306316376,1.8140249449341859,1,6.245271520439426
549.5297288894653,1.8089304601770415,1,6.24814636031174
549.6064455509186,1.8165721873127545,1,6.243834100503269
549.6840271949768,1.8063832177984658,1,6.2495837802478995
549.7631585597992,1.8140249449341859,1,6.245271520439426
549.8399884700775,1.8216666720698989,1,6.240959260630954
549.9174563884735,1.8140249449341859,1,6.245271520439426
550.0120940208435,1.8089304601770415,1,6.24814636031174
550.0888285636902,1.8216666720698989,1,6.240959260630954
550.1674218177795,1.8140249449341859,1,6.245271520439426
550.2460491657257,1.8089304601770415,1,6.24814636031174
550.3240034580231,1.8242139144484746,1,6.239521840694795
550.4040172100067,1.8293083992056118,1,6.236647000822484
550.4835770130157,1.8114777025556101,1,6.246708940375584
550.5758392810822,1.8242139144484746,1,6.239521840694795
550.6533439159393,1.8191194296913302,1,6.24239668056711
550.7300634384155,1.8293083992056118,1,6.236647000822484
550.8068776130676,1.8140249449341859,1,6.245271520439426
550.8860733509064,1.8165721873127545,1,6.243834100503269
550.9633810520172,1.8216666720698989,1,6.240959260630954
551.0388011932373,1.8191194296913302,1,6.24239668056711
551.1181020736694,1.8038359754198972,1,6.251021200184056
551.1960356235504,1.8038359754198972,1,6.251021200184056
551.2730889320374,1.8165721873127545,1,6.243834100503269
551.3491263389587,1.8114777025556101,1,6.246708940375584
551.4259617328644,1.8165721873127545,1,6.243834100503269
551.5025813579559,1.8114777025556101,1,6.246708940375584
551.5963699817657,1.8216666720698989,1,6.240959260630954
551.6741669178009,1.8114777025556101,1,6.246708940375584
551.7508819103241,1.8216666720698989,1,6.240959260630954
551.8283863067627,1.8242139144484746,1,6.239521840694795
551.9061741828918,1.8242139144484746,1,6.239521840694795
551.9840641021729,1.8165721873127545,1,6.243834100503269
552.0626883506775,1.8293083992056118,1,6.236647000822484
552.1403884887695,1.8191194296913302,1,6.24239668056711
552.2184655666351,1.8165721873127545,1,6.243834100503269
552.2955274581909,1.8267611568270432,1,6.238084420758639
552.3724231719971,1.8267611568270432,1,6.238084420758639
552.4502189159393,1.8114777025556101,1,6.246708940375584
552.5273423194885,1.8165721873127545,1,6.243834100503269
552.6061742305756,1.8165721873127545,1,6.243834100503269
552.6836063861847,1.8063832177984658,1,6.2495837802478995
552.7614078521729,1.8165721873127545,1,6.243834100503269
552.8392312526703,1.8293083992056118,1,6.236647000822484
552.9170269966125,1.8216666720698989,1,6.240959260630954
552.9939665794373,1.8344028839627562,1,6.233772160950169
553.0710203647614,1.8165721873127545,1,6.243834100503269
553.1647539138794,1.8216666720698989,1,6.240959260630954
553.2419619560242,1.8267611568270432,1,6.238084420758639
553.3188736438751,1.8114777025556101,1,6.246708940375584
553.3948183059692,1.8267611568270432,1,6.238084420758639
553.4716098308563,1.8318556415841876,1,6.235209580886324
553.5474388599396,1.8012887330413214,1,6.252458620120215
553.6252992153168,1.8242139144484746,1,6.239521840694795
553.7038516998291,1.8165721873127545,1,6.243834100503269
553.7805392742157,1.8242139144484746,1,6.239521840694795
553.8584594726562,1.8216666720698989,1,6.240959260630954
553.9382410049438,1.8191194296913302,1,6.24239668056711
554.0175421237946,1.8089304601770415,1,6.24814636031174
554.0952453613281,1.8267611568270432,1,6.238084420758639
554.1725172996521,1.8216666720698989,1,6.240959260630954
554.2484238147736,1.8242139144484746,1,6.239521840694795
554.3250398635864,1.8344028839627562,1,6.233772160950169
554.4038784503937,1.8191194296913302,1,6.24239668056711
554.4810314178467,1.8267611568270432,1,6.238084420758639
554.5582764148712,1.8267611568270432,1,6.238084420758639
554.6378135681152,1.8267611568270432,1,6.238084420758639
554.7303833961487,1.8140249449341859,1,6.245271520439426
554.8081817626953,1.8420446110984763,1,6.229459901141694
554.8879811763763,1.8293083992056118,1,6.236647000822484
554.9659135341644,1.8165721873127545,1,6.243834100503269
555.0435767173767,1.8216666720698989,1,6.240959260630954
555.1233911514282,1.8242139144484746,1,6.239521840694795
555.2004432678223,1.8114777025556101,1,6.246708940375584
555.2778794765472,1.8165721873127545,1,6.243834100503269
555.3548493385315,1.8140249449341859,1,6.245271520439426
555.4340341091156,1.8191194296913302,1,6.24239668056711
555.5116055011749,1.8216666720698989,1,6.240959260630954
555.5913155078888,1.8267611568270432,1,6.238084420758639
555.6695935726166,1.8318556415841876,1,6.235209580886324
555.7469792366028,1.8191194296913302,1,6.24239668056711
555.8263165950775,1.8267611568270432,1,6.238084420758639
555.9055731296539,1.8318556415841876,1,6.235209580886324
555.982987165451,1.8242139144484746,1,6.239521840694795
556.0612177848816,1.8318556415841876,1,6.235209580886324
556.1383409500122,1.8165721873127545,1,6.243834100503269
556.2152631282806,1.8242139144484746,1,6.239521840694795
556.3100116252899,1.8394973687199005,1,6.230897321077854
556.388599395752,1.8191194296913302,1,6.24239668056711
556.4650177955627,1.8114777025556101,1,6.246708940375584
556.5441884994507,1.8216666720698989,1,6.240959260630954
556.623108625412,1.836950126341332,1,6.232334741014009
556.701842546463,1.8293083992056118,1,6.236647000822484
556.7808446884155,1.8242139144484746,1,6.239521840694795
556.8596951961517,1.8344028839627562,1,6.233772160950169
556.935572385788,1.8242139144484746,1,6.239521840694795
557.0136313438416,1.8191194296913302,1,6.24239668056711
557.0915169715881,1.8420446110984763,1,6.229459901141694
557.1683115959167,1.8394973687199005,1,6.230897321077854
557.2461500167847,1.8293083992056118,1,6.236647000822484
557.3239595890045,1.844591853477045,1,6.228022481205539
557.4017732143402,1.8318556415841876,1,6.235209580886324
557.4815633296967,1.8216666720698989,1,6.240959260630954
557.5604751110077,1.8318556415841876,1,6.235209580886324
557.6392710208893,1.8344028839627562,1,6.233772160950169
557.7150318622589,1.8267611568270432,1,6.238084420758639
557.7937180995941,1.836950126341332,1,6.232334741014009
557.887669801712,1.8242139144484746,1,6.239521840694795
557.9644734859467,1.8191194296913302,1,6.24239668056711
558.0403945446014,1.8293083992056118,1,6.236647000822484
558.1182413101196,1.8344028839627562,1,6.233772160950169
558.1952836513519,1.8191194296913302,1,6.24239668056711
558.2880413532257,1.8242139144484746,1,6.239521840694795
558.3664128780365,1.8267611568270432,1,6.238084420758639
558.4462625980377,1.8191194296913302,1,6.24239668056711
558.5240504741669,1.8293083992056118,1,6.236647000822484
558.6038362979889,1.836950126341332,1,6.232334741014009
558.6818618774414,1.8267611568270432,1,6.238084420758639
558.7585122585297,1.8420446110984763,1,6.229459901141694
558.834835767746,1.8216666720698989,1,6.240959260630954
558.9129483699799,1.8216666720698989,1,6.240959260630954
558.9911847114563,1.8267611568270432,1,6.238084420758639
559.0689830780029,1.8191194296913302,1,6.24239668056711
559.1470100879669,1.8242139144484746,1,6.239521840694795
559.2248661518097,1.8267611568270432,1,6.238084420758639
559.3022894859314,1.8318556415841876,1,6.235209580886324
559.3797433376312,1.8242139144484746,1,6.239521840694795
559.4720530509949,1.8344028839627562,1,6.233772160950169
559.5489099025726,1.8216666720698989,1,6.240959260630954
559.6249332427979,1.8394973687199005,1,6.230897321077854
559.718231678009,1.8267611568270432,1,6.238084420758639
559.7972962856293,1.836950126341332,1,6.232334741014009
559.8741450309753,1.8394973687199005,1,6.230897321077854
559.9501116275787,1.8293083992056118,1,6.236647000822484
560.0280783176422,1.8216666720698989,1,6.240959260630954
560.1060130596161,1.8344028839627562,1,6.233772160950169
560.1831014156342,1.8114777025556101,1,6.246708940375584
560.261292219162,1.8216666720698989,1,6.240959260630954
560.3390510082245,1.8394973687199005,1,6.230897321077854
560.4160561561584,1.8318556415841876,1,6.235209580886324
560.4950242042542,1.8191194296913302,1,6.24239668056711
560.5749311447144,1.8394973687199005,1,6.230897321077854
560.6518800258636,1.8242139144484746,1,6.239521840694795
560.727908372879,1.8267611568270432,1,6.238084420758639
560.8056616783142,1.8267611568270432,1,6.238084420758639
560.8834211826324,1.8216666720698989,1,6.240959260630954
560.9616053104401,1.8318556415841876,1,6.235209580886324
561.0535852909088,1.8267611568270432,1,6.238084420758639
561.1314518451691,1.8140249449341859,1,6.245271520439426
561.2092723846436,1.8267611568270432,1,6.238084420758639
561.2866652011871,1.8293083992056118,1,6.236647000822484
561.3644828796387,1.8242139144484746,1,6.239521840694795
561.4402768611908,1.8318556415841876,1,6.235209580886324
561.5169839859009,1.8318556415841876,1,6.235209580886324
561.5928030014038,1.8318556415841876,1,6.235209580886324
561.6712779998779,1.8420446110984763,1,6.229459901141694
561.749351978302,1.8140249449341859,1,6.245271520439426
561.8260796070099,1.8267611568270432,1,6.238084420758639
561.9032299518585,1.8344028839627562,1,6.233772160950169
561.9820449352264,1.8420446110984763,1,6.229459901141694
562.0599381923676,1.8420446110984763,1,6.229459901141694
562.1378540992737,1.8394973687199005,1,6.230897321077854
562.2154927253723,1.8216666720698989,1,6.240959260630954
562.291421175003,1.8344028839627562,1,6.233772160950169
562.3702363967896,1.8318556415841876,1,6.235209580886324
562.4486937522888,1.8165721873127545,1,6.243834100503269
562.5258376598358,1.8344028839627562,1,6.233772160950169
562.6198039054871,1.8420446110984763,1,6.229459901141694
562.6978075504303,1.8318556415841876,1,6.235209580886324
562.7759068012238,1.8318556415841876,1,6.235209580886324
562.8547308444977,1.8394973687199005,1,6.230897321077854
562.9326257705688,1.8318556415841876,1,6.235209580886324
563.0105748176575,1.8318556415841876,1,6.235209580886324
563.087485074997,1.8318556415841876,1,6.235209580886324
563.1645863056183,1.8293083992056118,1,6.236647000822484
563.2430369853973,1.8267611568270432,1,6.238084420758639
563.3216211795807,1.852233580612765,1,6.223710221397064
563.3996217250824,1.8318556415841876,1,6.235209580886324
563.4778773784637,1.8242139144484746,1,6.239521840694795
563.5578055381775,1.836950126341332,1,6.232334741014009
563.6336667537689,1.844591853477045,1,6.228022481205539
563.7105603218079,1.8318556415841876,1,6.235209580886324
563.7887148857117,1.8344028839627562,1,6.233772160950169
563.8665308952332,1.8267611568270432,1,6.238084420758639
563.944324016571,1.836950126341332,1,6.232334741014009
564.0215179920197,1.8420446110984763,1,6.229459901141694
564.0991928577423,1.836950126341332,1,6.232334741014009
564.190957069397,1.8293083992056118,1,6.236647000822484
564.2657573223114,1.8318556415841876,1,6.235209580886324
564.344780921936,1.8242139144484746,1,6.239521840694795
564.4216432571411,1.8471390958556206,1,6.226585061269379
564.5014867782593,1.8344028839627562,1,6.233772160950169
564.5786833763123,1.8293083992056118,1,6.236647000822484
564.6554827690125,1.836950126341332,1,6.232334741014009
564.7342755794525,1.8318556415841876,1,6.235209580886324
564.8110945224762,1.8318556415841876,1,6.235209580886324
564.8889858722687,1.836950126341332,1,6.232334741014009
564.9678471088409,1.8496863382341893,1,6.225147641333224
565.0440464019775,1.836950126341332,1,6.232334741014009
565.1228954792023,1.836950126341332,1,6.232334741014009
565.2023358345032,1.8318556415841876,1,6.235209580886324
565.2815008163452,1.8191194296913302,1,6.24239668056711
565.359189748764,1.8344028839627562,1,6.233772160950169
565.4380309581757,1.8471390958556206,1,6.226585061269379
565.5149872303009,1.8344028839627562,1,6.233772160950169
565.5937550067902,1.8318556415841876,1,6.235209580886324
565.6700541973114,1.8318556415841876,1,6.235209580886324
565.7772693634033,1.8420446110984763,1,6.229459901141694
565.8570582866669,1.852233580612765,1,6.223710221397064
565.9360139369965,1.8420446110984763,1,6.229459901141694
566.013060092926,1.8318556415841876,1,6.235209580886324
566.0911958217621,1.8344028839627562,1,6.233772160950169
566.1691184043884,1.844591853477045,1,6.228022481205539
566.2452077865601,1.8293083992056118,1,6.236647000822484
566.324068069458,1.844591853477045,1,6.228022481205539
566.4016008377075,1.836950126341332,1,6.232334741014009
566.4794895648956,1.8267611568270432,1,6.238084420758639
566.5572783946991,1.8318556415841876,1,6.235209580886324
566.6370344161987,1.8420446110984763,1,6.229459901141694
566.7144596576691,1.836950126341332,1,6.232334741014009
566.7944111824036,1.8420446110984763,1,6.229459901141694
566.8732588291168,1.8496863382341893,1,6.225147641333224
566.949063539505,1.8394973687199005,1,6.230897321077854
567.0260968208313,1.836950126341332,1,6.232334741014009
567.1040775775909,1.8471390958556206,1,6.226585061269379
567.1791207790375,1.836950126341332,1,6.232334741014009
567.257878780365,1.8496863382341893,1,6.225147641333224
567.3507888317108,1.8471390958556206,1,6.226585061269379
567.4260945320129,1.8420446110984763,1,6.229459901141694
567.5028722286224,1.852233580612765,1,6.223710221397064
567.5809144973755,1.836950126341332,1,6.232334741014009
567.6572737693787,1.852233580612765,1,6.223710221397064
567.7358114719391,1.8394973687199005,1,6.230897321077854
567.8141107559204,1.8394973687199005,1,6.230897321077854
567.8899607658386,1.8573280653699022,1,6.220835381524753
567.9679026603699,1.8496863382341893,1,6.225147641333224
568.0469143390656,1.8344028839627562,1,6.233772160950169
568.1236290931702,1.8547808229913336,1,6.2222728014609086
568.2034611701965,1.8471390958556206,1,6.226585061269379
568.2808434963226,1.8496863382341893,1,6.225147641333224
568.3577308654785,1.8420446110984763,1,6.229459901141694
568.4348692893982,1.8547808229913336,1,6.2222728014609086
568.5122747421265,1.8318556415841876,1,6.235209580886324
568.5885870456696,1.8496863382341893,1,6.225147641333224
568.6654284000397,1.836950126341332,1,6.232334741014009
568.741724729538,1.8420446110984763,1,6.229459901141694
568.8174765110016,1.8420446110984763,1,6.229459901141694
568.9261910915375,1.8267611568270432,1,6.238084420758639
569.0029842853546,1.8547808229913336,1,6.2222728014609086
569.0793790817261,1.844591853477045,1,6.228022481205539
569.1576459407806,1.844591853477045,1,6.228022481205539
569.2353882789612,1.8420446110984763,1,6.229459901141694
569.3133807182312,1.8471390958556206,1,6.226585061269379
569.3910677433014,1.8496863382341893,1,6.225147641333224
569.467636346817,1.844591853477045,1,6.228022481205539
569.5455939769745,1.8394973687199005,1,6.230897321077854
569.6253817081451,1.8344028839627562,1,6.233772160950169
569.70396900177,1.852233580612765,1,6.223710221397064
569.7815794944763,1.8420446110984763,1,6.229459901141694
569.8606340885162,1.8471390958556206,1,6.226585061269379
569.9373960494995,1.844591853477045,1,6.228022481205539
570.0173466205597,1.8496863382341893,1,6.225147641333224
570.0941007137299,1.8344028839627562,1,6.233772160950169
570.1703429222107,1.8496863382341893,1,6.225147641333224
570.2490866184235,1.8394973687199005,1,6.230897321077854
570.328040599823,1.8394973687199005,1,6.230897321077854
570.4059581756592,1.8471390958556206,1,6.226585061269379
570.5006346702576,1.844591853477045,1,6.228022481205539
570.5764560699463,1.8496863382341893,1,6.225147641333224
570.6542060375214,1.8496863382341893,1,6.225147641333224
570.7331461906433,1.852233580612765,1,6.223710221397064
570.8095557689667,1.844591853477045,1,6.228022481205539
570.887188911438,1.8420446110984763,1,6.229459901141694
570.9647707939148,1.8394973687199005,1,6.230897321077854
571.0410280227661,1.8547808229913336,1,6.2222728014609086
571.120108127594,1.8496863382341893,1,6.225147641333224
571.1960067749023,1.836950126341332,1,6.232334741014009
571.2731275558472,1.852233580612765,1,6.223710221397064
571.3500232696533,1.8547808229913336,1,6.2222728014609086
571.4270584583282,1.8394973687199005,1,6.230897321077854
571.5037515163422,1.8471390958556206,1,6.226585061269379
571.5793855190277,1.8471390958556206,1,6.226585061269379
571.6568465232849,1.8471390958556206,1,6.226585061269379
571.7338337898254,1.8573280653699022,1,6.220835381524753
571.8128242492676,1.836950126341332,1,6.232334741014009
571.8902041912079,1.8471390958556206,1,6.226585061269379
571.9672014713287,1.8471390958556206,1,6.226585061269379
572.0604009628296,1.8496863382341893,1,6.225147641333224
572.1393718719482,1.8573280653699022,1,6.220835381524753
572.216121673584,1.8471390958556206,1,6.226585061269379
572.2954421043396,1.8394973687199005,1,6.230897321077854
572.3722491264343,1.8547808229913336,1,6.2222728014609086
572.449111700058,1.852233580612765,1,6.223710221397064
572.5272619724274,1.8344028839627562,1,6.233772160950169
572.6062996387482,1.844591853477045,1,6.228022481205539
572.6828894615173,1.8547808229913336,1,6.2222728014609086
572.7590878009796,1.844591853477045,1,6.228022481205539
572.8361523151398,1.8573280653699022,1,6.220835381524753
572.9140546321869,1.8420446110984763,1,6.229459901141694
572.9939143657684,1.844591853477045,1,6.228022481205539
573.072847366333,1.8547808229913336,1,6.2222728014609086
573.1483652591705,1.859875307748478,1,6.2193979615885935
573.2260189056396,1.8496863382341893,1,6.225147641333224
573.3033528327942,1.8496863382341893,1,6.225147641333224
573.3795778751373,1.8394973687199005,1,6.230897321077854
573.4563722610474,1.8420446110984763,1,6.229459901141694
573.53244972229,1.844591853477045,1,6.228022481205539
573.6406979560852,1.8420446110984763,1,6.229459901141694
573.7174649238586,1.8573280653699022,1,6.220835381524753
573.7962892055511,1.8420446110984763,1,6.229459901141694
573.8721709251404,1.8547808229913336,1,6.2222728014609086
573.949946641922,1.8496863382341893,1,6.225147641333224
574.028576374054,1.8547808229913336,1,6.2222728014609086
574.1057195663452,1.8420446110984763,1,6.229459901141694
574.1834762096405,1.875158762019911,1,6.210773441971648
574.260617017746,1.852233580612765,1,6.223710221397064
574.3374247550964,1.8649697925056223,1,6.216523121716278
574.4153192043304,1.8624225501270466,1,6.217960541652438
574.4945299625397,1.844591853477045,1,6.228022481205539
574.5860085487366,1.852233580612765,1,6.223710221397064
574.6648206710815,1.844591853477045,1,6.228022481205539
574.7426545619965,1.836950126341332,1,6.232334741014009
574.8199486732483,1.8573280653699022,1,6.220835381524753
574.8978884220123,1.867517034884191,1,6.215085701780123
574.9756422042847,1.8496863382341893,1,6.225147641333224
575.0530071258545,1.8471390958556206,1,6.226585061269379
575.1293151378632,1.852233580612765,1,6.223710221397064
575.2349712848663,1.8496863382341893,1,6.225147641333224
575.3113541603088,1.836950126341332,1,6.232334741014009
575.3878955841064,1.8624225501270466,1,6.217960541652438
575.4643623828888,1.8471390958556206,1,6.226585061269379
575.5409464836121,1.8420446110984763,1,6.229459901141694
575.6205904483795,1.8573280653699022,1,6.220835381524753
575.6997804641724,1.859875307748478,1,6.2193979615885935
575.7931880950928,1.8547808229913336,1,6.2222728014609086
575.8696880340576,1.8496863382341893,1,6.225147641333224
575.9467351436615,1.8624225501270466,1,6.217960541652438
576.025830745697,1.8471390958556206,1,6.226585061269379
576.1039667129517,1.867517034884191,1,6.215085701780123
576.182920217514,1.859875307748478,1,6.2193979615885935
576.2614748477936,1.8496863382341893,1,6.225147641333224
576.3400115966797,1.8496863382341893,1,6.225147641333224
576.4171373844147,1.8624225501270466,1,6.217960541652438
576.4940979480743,1.8420446110984763,1,6.229459901141694
576.5718758106232,1.8624225501270466,1,6.217960541652438
576.6490466594696,1.8471390958556206,1,6.226585061269379
576.7270467281342,1.8420446110984763,1,6.229459901141694
576.8358376026154,1.8624225501270466,1,6.217960541652438
576.9118368625641,1.8471390958556206,1,6.226585061269379
576.9898030757904,1.859875307748478,1,6.2193979615885935
577.0667340755463,1.8700642772627667,1,6.213648281843963
577.1420419216156,1.844591853477045,1,6.228022481205539
577.2197601795197,1.8471390958556206,1,6.226585061269379
577.2975742816925,1.8726115196413353,1,6.212210861907808
577.3738522529602,1.8624225501270466,1,6.217960541652438
577.4536335468292,1.8496863382341893,1,6.225147641333224
577.5320699214935,1.8624225501270466,1,6.217960541652438
577.608074426651,1.8547808229913336,1,6.2222728014609086
577.6862909793854,1.8624225501270466,1,6.217960541652438
577.7638442516327,1.859875307748478,1,6.2193979615885935
577.8410382270813,1.8420446110984763,1,6.229459901141694
577.9207799434662,1.8649697925056223,1,6.216523121716278
578.000595331192,1.8573280653699022,1,6.220835381524753
578.0771017074585,1.8496863382341893,1,6.225147641333224
578.1561031341553,1.8547808229913336,1,6.2222728014609086
578.2331945896149,1.859875307748478,1,6.2193979615885935
578.3103668689728,1.8394973687199005,1,6.230897321077854
578.4061572551727,1.8624225501270466,1,6.217960541652438
578.4849064350128,1.8624225501270466,1,6.217960541652438
578.5619356632233,1.8547808229913336,1,6.2222728014609086
578.6393468379974,1.8547808229913336,1,6.2222728014609086
578.7155115604401,1.852233580612765,1,6.223710221397064
578.7933373451233,1.8624225501270466,1,6.217960541652438
578.8706800937653,1.8700642772627667,1,6.213648281843963
578.9479758739471,1.859875307748478,1,6.2193979615885935
579.024867773056,1.8496863382341893,1,6.225147641333224
579.1029002666473,1.8726115196413353,1,6.212210861907808
579.1956875324249,1.852233580612765,1,6.223710221397064
579.2734053134918,1.8649697925056223,1,6.216523121716278
579.3501994609833,1.8573280653699022,1,6.220835381524753
579.4279913902283,1.8496863382341893,1,6.225147641333224
579.5217790603638,1.8573280653699022,1,6.220835381524753
579.6015274524689,1.8700642772627667,1,6.213648281843963
579.6783540248871,1.8496863382341893,1,6.225147641333224
579.7570841312408,1.8496863382341893,1,6.225147641333224
579.8348762989044,1.8726115196413353,1,6.212210861907808
579.9137341976166,1.8624225501270466,1,6.217960541652438
580.0075018405914,1.844591853477045,1,6.228022481205539
580.0851719379425,1.8624225501270466,1,6.217960541652438
580.162139415741,1.8471390958556206,1,6.226585061269379
580.2409338951111,1.8649697925056223,1,6.216523121716278
580.316775560379,1.8624225501270466,1,6.217960541652438
580.3935708999634,1.836950126341332,1,6.232334741014009
580.471396446228,1.859875307748478,1,6.2193979615885935
580.5488240718842,1.8624225501270466,1,6.217960541652438
580.6268038749695,1.852233580612765,1,6.223710221397064
580.7035601139069,1.8726115196413353,1,6.212210861907808
580.7816412448883,1.8649697925056223,1,6.216523121716278
580.8590970039368,1.8573280653699022,1,6.220835381524753
580.9358358383179,1.8573280653699022,1,6.220835381524753
581.0156195163727,1.852233580612765,1,6.223710221397064
581.0924606323242,1.8394973687199005,1,6.230897321077854
581.1703009605408,1.859875307748478,1,6.2193979615885935
581.2491192817688,1.844591853477045,1,6.228022481205539
581.3269279003143,1.852233580612765,1,6.223710221397064
581.4222009181976,1.859875307748478,1,6.2193979615885935
581.5012211799622,1.852233580612765,1,6.223710221397064
581.6067001819611,1.8700642772627667,1,6.213648281843963
581.6849508285522,1.8726115196413353,1,6.212210861907808
581.7644386291504,1.867517034884191,1,6.215085701780123
581.8428130149841,1.852233580612765,1,6.223710221397064
581.920548915863,1.8624225501270466,1,6.217960541652438
582.0001578330994,1.8547808229913336,1,6.2222728014609086
582.0772902965546,1.8471390958556206,1,6.226585061269379
582.1541044712067,1.8624225501270466,1,6.217960541652438
582.2310433387756,1.875158762019911,1,6.210773441971648
582.3078589439392,1.859875307748478,1,6.2193979615885935
582.3850662708282,1.8802532467770554,1,6.207898602099333
582.464813709259,1.8802532467770554,1,6.207898602099333
582.5426073074341,1.859875307748478,1,6.2193979615885935
582.6201617717743,1.867517034884191,1,6.215085701780123
582.6990594863892,1.8726115196413353,1,6.212210861907808
582.7757978439331,1.8573280653699022,1,6.220835381524753
582.8536491394043,1.8700642772627667,1,6.213648281843963
582.9334805011749,1.8700642772627667,1,6.213648281843963
583.0110459327698,1.867517034884191,1,6.215085701780123
583.0905883312225,1.867517034884191,1,6.215085701780123
583.1853947639465,1.8649697925056223,1,6.216523121716278
583.2640364170074,1.8649697925056223,1,6.216523121716278
583.3418273925781,1.8624225501270466,1,6.217960541652438
583.4194183349609,1.8547808229913336,1,6.2222728014609086
583.4971129894257,1.8726115196413353,1,6.212210861907808
583.5759344100952,1.859875307748478,1,6.2193979615885935
583.6544163227081,1.8726115196413353,1,6.212210861907808
583.7322709560394,1.8573280653699022,1,6.220835381524753
583.8094446659088,1.8649697925056223,1,6.216523121716278
583.886830329895,1.8802532467770554,1,6.207898602099333
583.9657413959503,1.8700642772627667,1,6.213648281843963
584.0436046123505,1.8573280653699022,1,6.220835381524753
584.1202113628387,1.8700642772627667,1,6.213648281843963
584.1990458965302,1.8700642772627667,1,6.213648281843963
584.2760665416718,1.8573280653699022,1,6.220835381524753
584.3538327217102,1.8700642772627667,1,6.213648281843963
584.4327073097229,1.8547808229913336,1,6.2222728014609086
584.5105874538422,1.8547808229913336,1,6.2222728014609086
584.586400270462,1.8624225501270466,1,6.217960541652438
584.663535118103,1.8624225501270466,1,6.217960541652438
584.7591454982758,1.8624225501270466,1,6.217960541652438
584.837473154068,1.8649697925056223,1,6.216523121716278
584.9146041870117,1.8726115196413353,1,6.212210861907808
584.9923980236053,1.8420446110984763,1,6.229459901141694
585.0685222148895,1.8700642772627667,1,6.213648281843963
585.1483087539673,1.8649697925056223,1,6.216523121716278
585.2256767749786,1.8624225501270466,1,6.217960541652438
585.3036692142487,1.8777060043984797,1,6.209336022035493
585.3815987110138,1.8700642772627667,1,6.213648281843963
585.4614009857178,1.867517034884191,1,6.215085701780123
585.5381712913513,1.8573280653699022,1,6.220835381524753
585.6181352138519,1.8726115196413353,1,6.212210861907808
585.6978332996368,1.8777060043984797,1,6.209336022035493
585.7738585472107,1.8624225501270466,1,6.217960541652438
585.8516716957092,1.8624225501270466,1,6.217960541652438
585.9284613132477,1.8700642772627667,1,6.213648281843963
586.0062572956085,1.867517034884191,1,6.215085701780123
586.084244966507,1.8624225501270466,1,6.217960541652438
586.1614484786987,1.8726115196413353,1,6.212210861907808
586.2375004291534,1.8573280653699022,1,6.220835381524753
586.3312585353851,1.8649697925056223,1,6.216523121716278
586.4111618995667,1.867517034884191,1,6.215085701780123
586.4873733520508,1.8649697925056223,1,6.216523121716278
586.5641405582428,1.8726115196413353,1,6.212210861907808
586.641350030899,1.8573280653699022,1,6.220835381524753
586.7171804904938,1.8700642772627667,1,6.213648281843963
586.7949566841125,1.859875307748478,1,6.2193979615885935
586.8730757236481,1.8547808229913336,1,6.2222728014609086
586.9502003192902,1.8649697925056223,1,6.216523121716278
587.0291266441345,1.8726115196413353,1,6.212210861907808
587.1079154014587,1.859875307748478,1,6.2193979615885935
587.184784412384,1.8802532467770554,1,6.207898602099333
587.2642023563385,1.8700642772627667,1,6.213648281843963
587.342288017273,1.859875307748478,1,6.2193979615885935
587.4190464019775,1.8700642772627667,1,6.213648281843963
587.4981696605682,1.8777060043984797,1,6.209336022035493
587.5769040584564,1.8624225501270466,1,6.217960541652438
587.6530776023865,1.882800489155624,1,6.206461182163178
587.7303521633148,1.8802532467770554,1,6.207898602099333
587.8092682361603,1.859875307748478,1,6.2193979615885935
587.9166646003723,1.8700642772627667,1,6.213648281843963
587.9930219650269,1.867517034884191,1,6.215085701780123
588.0696640014648,1.867517034884191,1,6.215085701780123
588.1474807262421,1.875158762019911,1,6.210773441971648
588.227267742157,1.8726115196413353,1,6.212210861907808
588.3043274879456,1.8649697925056223,1,6.216523121716278
588.3806388378143,1.8802532467770554,1,6.207898602099333
588.4584853649139,1.8624225501270466,1,6.217960541652438
588.5380325317383,1.8777060043984797,1,6.209336022035493
588.6140849590302,1.8777060043984797,1,6.209336022035493
588.6913027763367,1.8624225501270466,1,6.217960541652438
588.7670307159424,1.875158762019911,1,6.210773441971648
588.844085931778,1.867517034884191,1,6.215085701780123
588.9233283996582,1.8547808229913336,1,6.2222728014609086
589.0027589797974,1.8624225501270466,1,6.217960541652438
589.0799190998077,1.8700642772627667,1,6.213648281843963
589.1559598445892,1.8649697925056223,1,6.216523121716278
589.2353212833405,1.8802532467770554,1,6.207898602099333
589.3119814395905,1.8802532467770554,1,6.207898602099333
589.3897726535797,1.8700642772627667,1,6.213648281843963
589.4856703281403,1.8777060043984797,1,6.209336022035493
589.5618336200714,1.882800489155624,1,6.206461182163178
589.6404595375061,1.8624225501270466,1,6.217960541652438
589.7183027267456,1.882800489155624,1,6.206461182163178
589.7958636283875,1.8955367010484814,1,6.1992740824823915
589.8719050884247,1.8649697925056223,1,6.216523121716278
589.9516956806183,1.8802532467770554,1,6.207898602099333
590.0281088352203,1.867517034884191,1,6.215085701780123
590.1054885387421,1.867517034884191,1,6.215085701780123
590.1846468448639,1.8802532467770554,1,6.207898602099333
590.2618799209595,1.8726115196413353,1,6.212210861907808
590.3406927585602,1.867517034884191,1,6.215085701780123
590.4176244735718,1.8878949739127684,1,6.203586342290863
590.4944443702698,1.8624225501270466,1,6.217960541652438
590.5723633766174,1.8649697925056223,1,6.216523121716278
590.6514484882355,1.8726115196413353,1,6.212210861907808
590.7294907569885,1.867517034884191,1,6.215085701780123
590.8075218200684,1.8649697925056223,1,6.216523121716278
590.8857929706573,1.882800489155624,1,6.206461182163178
590.9635953903198,1.882800489155624,1,6.206461182163178
591.0557038784027,1.8777060043984797,1,6.209336022035493
591.133793592453,1.875158762019911,1,6.210773441971648
591.2108843326569,1.867517034884191,1,6.215085701780123
591.2896173000336,1.867517034884191,1,6.215085701780123
591.3674130439758,1.8853477315341927,1,6.205023762227022
591.4449634552002,1.882800489155624,1,6.206461182163178
591.5230028629303,1.867517034884191,1,6.215085701780123
591.5997583866119,1.867517034884191,1,6.215085701780123
591.691525220871,1.8777060043984797,1,6.209336022035493
591.7663493156433,1.8853477315341927,1,6.205023762227022
591.8443381786346,1.882800489155624,1,6.206461182163178
591.9222350120544,1.8802532467770554,1,6.207898602099333
592.0011818408966,1.8853477315341927,1,6.205023762227022
592.0780913829803,1.8802532467770554,1,6.207898602099333
592.1550107002258,1.8726115196413353,1,6.212210861907808
592.231388092041,1.8777060043984797,1,6.209336022035493
592.3089590072632,1.875158762019911,1,6.210773441971648
592.3849601745605,1.875158762019911,1,6.210773441971648
592.4647591114044,1.882800489155624,1,6.206461182163178
592.5424220561981,1.8624225501270466,1,6.217960541652438
592.6362507343292,1.8700642772627667,1,6.213648281843963
592.7157530784607,1.875158762019911,1,6.210773441971648
592.7932109832764,1.882800489155624,1,6.206461182163178
592.8713121414185,1.8777060043984797,1,6.209336022035493
592.9500935077667,1.8802532467770554,1,6.207898602099333
593.0280668735504,1.882800489155624,1,6.206461182163178
593.1065890789032,1.882800489155624,1,6.206461182163178
593.1840283870697,1.8802532467770554,1,6.207898602099333
593.2617630958557,1.867517034884191,1,6.215085701780123
593.3395090103149,1.8624225501270466,1,6.217960541652438
593.4164347648621,1.8929894586699128,1,6.200711502418548
593.4950733184814,1.875158762019911,1,6.210773441971648
593.5735020637512,1.882800489155624,1,6.206461182163178
593.6521542072296,1.867517034884191,1,6.215085701780123
593.7295358181,1.8878949739127684,1,6.203586342290863
593.8070018291473,1.8649697925056223,1,6.216523121716278
593.8868098258972,1.867517034884191,1,6.215085701780123
593.9672436714172,1.8726115196413353,1,6.212210861907808
594.0450797080994,1.8777060043984797,1,6.209336022035493
594.1225597858429,1.867517034884191,1,6.215085701780123
594.2299084663391,1.875158762019911,1,6.210773441971648
594.3070724010468,1.8802532467770554,1,6.207898602099333
594.385883808136,1.8726115196413353,1,6.212210861907808
594.4620549678802,1.8777060043984797,1,6.209336022035493
594.539856672287,1.875158762019911,1,6.210773441971648
594.6196637153625,1.875158762019911,1,6.210773441971648
594.696715593338,1.882800489155624,1,6.206461182163178
594.7739105224609,1.882800489155624,1,6.206461182163178
594.853750705719,1.867517034884191,1,6.215085701780123
594.9318034648895,1.882800489155624,1,6.206461182163178
595.0116539001465,1.8878949739127684,1,6.203586342290863
595.0904440879822,1.882800489155624,1,6.206461182163178
595.1841926574707,1.8802532467770554,1,6.207898602099333
595.2609872817993,1.890442216291337,1,6.2021489223547075
595.3377819061279,1.8802532467770554,1,6.207898602099333
595.4145765304565,1.882800489155624,1,6.206461182163178
595.4923691749573,1.8726115196413353,1,6.212210861907808
595.5720701217651,1.8802532467770554,1,6.207898602099333
595.6499183177948,1.890442216291337,1,6.2021489223547075
595.7287411689758,1.8929894586699128,1,6.200711502418548
595.8242642879486,1.8726115196413353,1,6.212210861907808
595.902679681778,1.882800489155624,1,6.206461182163178
595.9807713031769,1.8802532467770554,1,6.207898602099333
596.0573735237122,1.875158762019911,1,6.210773441971648
596.134194612503,1.898083943427057,1,6.197836662546233
596.2109467983246,1.875158762019911,1,6.210773441971648
596.2889752388,1.8802532467770554,1,6.207898602099333
596.3649067878723,1.8878949739127684,1,6.203586342290863
596.4404783248901,1.8777060043984797,1,6.209336022035493
596.5182709693909,1.8853477315341927,1,6.205023762227022
596.5951118469238,1.8878949739127684,1,6.203586342290863
596.6739931106567,1.8726115196413353,1,6.212210861907808
596.7519571781158,1.8929894586699128,1,6.200711502418548
596.8279135227203,1.8700642772627667,1,6.213648281843963
596.905659198761,1.8802532467770554,1,6.207898602099333
596.9834988117218,1.9006311858056257,1,6.196399242610077
597.0605118274689,1.8777060043984797,1,6.209336022035493
597.1374554634094,1.8802532467770554,1,6.207898602099333
597.2145380973816,1.898083943427057,1,6.197836662546233
597.2917420864105,1.8929894586699128,1,6.200711502418548
597.4030511379242,1.8878949739127684,1,6.203586342290863
597.4806592464447,1.8853477315341927,1,6.205023762227022
597.5595057010651,1.8726115196413353,1,6.212210861907808
597.6370437145233,1.8777060043984797,1,6.209336022035493
597.7140288352966,1.8878949739127684,1,6.203586342290863
597.7908952236176,1.8878949739127684,1,6.203586342290863
597.8673725128174,1.8777060043984797,1,6.209336022035493
597.9442422389984,1.8878949739127684,1,6.203586342290863
598.0230515003204,1.8777060043984797,1,6.209336022035493
598.1016476154327,1.8802532467770554,1,6.207898602099333
598.1800277233124,1.8955367010484814,1,6.1992740824823915
598.2562730312347,1.8802532467770554,1,6.207898602099333
598.333220243454,1.898083943427057,1,6.197836662546233
598.4121880531311,1.8878949739127684,1,6.203586342290863
598.5059616565704,1.8777060043984797,1,6.209336022035493
598.58287358284,1.890442216291337,1,6.2021489223547075
598.6589798927307,1.8802532467770554,1,6.207898602099333
598.7361104488373,1.8777060043984797,1,6.209336022035493
598.8130848407745,1.890442216291337,1,6.2021489223547075
598.8892455101013,1.867517034884191,1,6.215085701780123
598.9980750083923,1.8929894586699128,1,6.200711502418548
599.0760767459869,1.882800489155624,1,6.206461182163178
599.1520369052887,1.8802532467770554,1,6.207898602099333
599.2301943302155,1.8853477315341927,1,6.205023762227022
599.3073697090149,1.8726115196413353,1,6.212210861907808
599.3854901790619,1.8802532467770554,1,6.207898602099333
599.4634313583374,1.898083943427057,1,6.197836662546233
599.5415735244751,1.8726115196413353,1,6.212210861907808
599.6190049648285,1.8853477315341927,1,6.205023762227022
599.7121727466583,1.8802532467770554,1,6.207898602099333
599.7900385856628,1.882800489155624,1,6.206461182163178
599.8669857978821,1.9006311858056257,1,6.196399242610077
599.9448719024658,1.8955367010484814,1,6.1992740824823915
600.0222342014313,1.8878949739127684,1,6.203586342290863
600.0991632938385,1.9006311858056257,1,6.196399242610077
600.1770668029785,1.8955367010484814,1,6.1992740824823915
600.2549605369568,1.8777060043984797,1,6.209336022035493
600.3307213783264,1.8878949739127684,1,6.203586342290863
600.4069542884827,1.8726115196413353,1,6.212210861907808
600.4848220348358,1.90572567056277,1,6.193524402737761
600.591570854187,1.898083943427057,1,6.197836662546233
600.6687698364258,1.9006311858056257,1,6.196399242610077
600.7445664405823,1.8878949739127684,1,6.203586342290863
600.8354196548462,1.8955367010484814,1,6.1992740824823915
600.9130392074585,1.898083943427057,1,6.197836662546233
600.9909400939941,1.8853477315341927,1,6.205023762227022
601.06769323349,1.8853477315341927,1,6.205023762227022
601.144722700119,1.8878949739127684,1,6.203586342290863
601.2215166091919,1.8929894586699128,1,6.200711502418548
601.2986533641815,1.8929894586699128,1,6.200711502418548
601.3756392002106,1.898083943427057,1,6.197836662546233
601.4514102935791,1.8853477315341927,1,6.205023762227022
601.5292298793793,1.898083943427057,1,6.197836662546233
601.6090404987335,1.882800489155624,1,6.206461182163178
601.6868550777435,1.890442216291337,1,6.2021489223547075
601.7647476196289,1.8929894586699128,1,6.200711502418548
601.8430728912354,1.8955367010484814,1,6.1992740824823915
601.9208705425262,1.8878949739127684,1,6.203586342290863
601.998125076294,1.9031784281842015,1,6.194961822673918
602.075915813446,1.898083943427057,1,6.197836662546233
602.1696655750275,1.8878949739127684,1,6.203586342290863
602.248592376709,1.890442216291337,1,6.2021489223547075
602.3274185657501,1.898083943427057,1,6.197836662546233
602.4046096801758,1.890442216291337,1,6.2021489223547075
602.4833710193634,1.9006311858056257,1,6.196399242610077
602.5604479312897,1.898083943427057,1,6.197836662546233
602.6381945610046,1.8955367010484814,1,6.1992740824823915
602.7149887084961,1.898083943427057,1,6.197836662546233
602.7949457168579,1.890442216291337,1,6.2021489223547075
602.8731052875519,1.8853477315341927,1,6.205023762227022
602.9498314857483,1.898083943427057,1,6.197836662546233
603.0295839309692,1.8853477315341927,1,6.205023762227022
603.105954170227,1.8878949739127684,1,6.203586342290863
603.1839909553528,1.890442216291337,1,6.2021489223547075
603.2611343860626,1.890442216291337,1,6.2021489223547075
603.3390529155731,1.8878949739127684,1,6.203586342290863
603.4178640842438,1.8929894586699128,1,6.200711502418548
603.4972190856934,1.882800489155624,1,6.206461182163178
603.5743045806885,1.8878949739127684,1,6.203586342290863
603.652126789093,1.8929894586699128,1,6.200711502418548
603.7459855079651,1.882800489155624,1,6.206461182163178
603.8231201171875,1.9006311858056257,1,6.196399242610077
603.9030165672302,1.8955367010484814,1,6.1992740824823915
603.981929063797,1.9082729129413458,1,6.1920869828016025
604.058756351471,1.8929894586699128,1,6.200711502418548
604.1362814903259,1.8878949739127684,1,6.203586342290863
604.2160680294037,1.882800489155624,1,6.206461182163178
604.2929320335388,1.9108201553199144,1,6.190649562865447
604.3687889575958,1.8929894586699128,1,6.200711502418548
604.4465703964233,1.90572567056277,1,6.193524402737761
604.5241992473602,1.8853477315341927,1,6.205023762227022
604.6040616035461,1.882800489155624,1,6.206461182163178
604.684029340744,1.9006311858056257,1,6.196399242610077
604.7624685764313,1.898083943427057,1,6.197836662546233
604.8412752151489,1.9108201553199144,1,6.190649562865447
604.9205510616302,1.8929894586699128,1,6.200711502418548
604.9967470169067,1.8955367010484814,1,6.1992740824823915
605.0757505893707,1.898083943427057,1,6.197836662546233
605.153048992157,1.8955367010484814,1,6.1992740824823915
605.2313449382782,1.8955367010484814,1,6.1992740824823915
605.3410067558289,1.9006311858056257,1,6.196399242610077
605.4208467006683,1.8955367010484814,1,6.1992740824823915
605.4972548484802,1.90572567056277,1,6.193524402737761
605.5758697986603,1.890442216291337,1,6.2021489223547075
605.6540567874908,1.8853477315341927,1,6.205023762227022
605.7309160232544,1.9006311858056257,1,6.196399242610077
605.8089249134064,1.8955367010484814,1,6.1992740824823915
605.8857610225677,1.8929894586699128,1,6.200711502418548
605.962596654892,1.9108201553199144,1,6.190649562865447
606.0426287651062,1.9031784281842015,1,6.194961822673918
606.1224327087402,1.8853477315341927,1,6.205023762227022
606.2002458572388,1.8955367010484814,1,6.1992740824823915
606.2784080505371,1.9108201553199144,1,6.190649562865447
606.3545498847961,1.8853477315341927,1,6.205023762227022
606.43137550354,1.90572567056277,1,6.193524402737761
606.5101387500763,1.9031784281842015,1,6.194961822673918
606.5869891643524,1.8878949739127684,1,6.203586342290863
606.6645059585571,1.9108201553199144,1,6.190649562865447
606.7426514625549,1.90572567056277,1,6.193524402737761
606.8219659328461,1.8929894586699128,1,6.200711502418548
606.9286813735962,1.8955367010484814,1,6.1992740824823915
607.005113363266,1.8955367010484814,1,6.1992740824823915
607.0838179588318,1.8955367010484814,1,6.1992740824823915
607.1626121997833,1.890442216291337,1,6.2021489223547075
607.2404677867889,1.8878949739127684,1,6.203586342290863
607.3162808418274,1.9031784281842015,1,6.194961822673918
607.3930740356445,1.8929894586699128,1,6.200711502418548
607.4698584079742,1.8878949739127684,1,6.203586342290863
607.5476818084717,1.9031784281842015,1,6.194961822673918
607.6258776187897,1.9031784281842015,1,6.194961822673918
607.7039053440094,1.8853477315341927,1,6.205023762227022
607.7808775901794,1.898083943427057,1,6.197836662546233
607.8588705062866,1.9082729129413458,1,6.1920869828016025
607.9365079402924,1.898083943427057,1,6.197836662546233
608.0133168697357,1.9031784281842015,1,6.194961822673918
608.0907962322235,1.9031784281842015,1,6.194961822673918
608.1685929298401,1.90572567056277,1,6.193524402737761
608.2472705841064,1.913367397698483,1,6.189212142929291
608.3239784240723,1.890442216291337,1,6.2021489223547075
608.4014060497284,1.9031784281842015,1,6.194961822673918
608.4941754341125,1.913367397698483,1,6.189212142929291
608.5713675022125,1.8878949739127684,1,6.203586342290863
608.6500613689423,1.8929894586699128,1,6.200711502418548
608.7270994186401,1.8878949739127684,1,6.203586342290863
608.806962966919,1.890442216291337,1,6.2021489223547075
608.8848185539246,1.898083943427057,1,6.197836662546233
608.9619781970978,1.913367397698483,1,6.189212142929291
609.0410392284393,1.9006311858056257,1,6.196399242610077
609.1199760437012,1.9006311858056257,1,6.196399242610077
609.1978795528412,1.9031784281842015,1,6.194961822673918
609.2760663032532,1.9031784281842015,1,6.194961822673918
609.3538680076599,1.9006311858056257,1,6.196399242610077
609.4320199489594,1.9006311858056257,1,6.196399242610077
609.5088107585907,1.9031784281842015,1,6.194961822673918
609.5852782726288,1.9031784281842015,1,6.194961822673918
609.6629705429077,1.8955367010484814,1,6.1992740824823915
609.7384495735168,1.9082729129413458,1,6.1920869828016025
609.8141686916351,1.9184618824556274,1,6.186337303056977
609.8918142318726,1.90572567056277,1,6.193524402737761
609.9695558547974,1.898083943427057,1,6.197836662546233
610.0641767978668,1.9108201553199144,1,6.190649562865447
610.1413176059723,1.898083943427057,1,6.197836662546233
610.2205746173859,1.9031784281842015,1,6.194961822673918
610.2992198467255,1.9031784281842015,1,6.194961822673918
610.3752052783966,1.9108201553199144,1,6.190649562865447
610.4510743618011,1.9108201553199144,1,6.190649562865447
610.5308299064636,1.9031784281842015,1,6.194961822673918
610.6088709831238,1.9006311858056257,1,6.196399242610077
610.6850237846375,1.9006311858056257,1,6.196399242610077
610.7631185054779,1.9006311858056257,1,6.196399242610077
610.8387920856476,1.882800489155624,1,6.206461182163178
610.9157814979553,1.898083943427057,1,6.197836662546233
610.9946739673615,1.9031784281842015,1,6.194961822673918
611.0736410617828,1.9082729129413458,1,6.1920869828016025
611.1523551940918,1.898083943427057,1,6.197836662546233
611.2301468849182,1.9082729129413458,1,6.1920869828016025
611.3089377880096,1.898083943427057,1,6.197836662546233
611.3876581192017,1.890442216291337,1,6.2021489223547075
611.4654452800751,1.9006311858056257,1,6.196399242610077
611.5427157878876,1.9006311858056257,1,6.196399242610077
611.6488399505615,1.90572567056277,1,6.193524402737761
611.7271773815155,1.913367397698483,1,6.189212142929291
611.8049993515015,1.9082729129413458,1,6.1920869828016025
611.8818271160126,1.9108201553199144,1,6.190649562865447
611.9596993923187,1.9108201553199144,1,6.190649562865447
612.0387094020844,1.8929894586699128,1,6.200711502418548
612.1158380508423,1.898083943427057,1,6.197836662546233
612.1956267356873,1.9184618824556274,1,6.186337303056977
612.2716379165649,1.8955367010484814,1,6.1992740824823915
612.3498809337616,1.9031784281842015,1,6.194961822673918
612.4268450737,1.913367397698483,1,6.189212142929291
612.5037798881531,1.9108201553199144,1,6.190649562865447
612.5818419456482,1.9006311858056257,1,6.196399242610077
612.6585080623627,1.9108201553199144,1,6.190649562865447
612.7347631454468,1.9082729129413458,1,6.1920869828016025
612.8126361370087,1.9108201553199144,1,6.190649562865447
612.8899734020233,1.8929894586699128,1,6.200711502418548
612.9669795036316,1.898083943427057,1,6.197836662546233
613.0451507568359,1.913367397698483,1,6.189212142929291
613.1249763965607,1.8955367010484814,1,6.1992740824823915
613.216854095459,1.9184618824556274,1,6.186337303056977
613.2953295707703,1.9159146400770588,1,6.187774722993131
613.3729448318481,1.90572567056277,1,6.193524402737761
613.4501857757568,1.90572567056277,1,6.193524402737761
613.5264160633087,1.9082729129413458,1,6.1920869828016025
613.603679895401,1.9108201553199144,1,6.190649562865447
613.6811180114746,1.90572567056277,1,6.193524402737761
613.7596454620361,1.9261036095913475,1,6.182025043248502
613.8377642631531,1.8955367010484814,1,6.1992740824823915
613.9153995513916,1.9108201553199144,1,6.190649562865447
613.9930493831635,1.9108201553199144,1,6.190649562865447
614.0711591243744,1.9159146400770588,1,6.187774722993131
614.1481328010559,1.9210091248342032,1,6.184899883120817
614.2272157669067,1.9210091248342032,1,6.184899883120817
614.3050410747528,1.90572567056277,1,6.193524402737761
614.3831436634064,1.9082729129413458,1,6.1920869828016025
614.4758582115173,1.9108201553199144,1,6.190649562865447
614.5529198646545,1.9031784281842015,1,6.194961822673918
614.6310083866119,1.9261036095913475,1,6.182025043248502
614.7096261978149,1.9031784281842015,1,6.194961822673918
614.8178524971008,1.898083943427057,1,6.197836662546233
614.8970992565155,1.9006311858056257,1,6.196399242610077
614.9757881164551,1.9031784281842015,1,6.194961822673918
615.053049325943,1.90572567056277,1,6.193524402737761
615.1313858032227,1.90572567056277,1,6.193524402737761
615.2099988460541,1.8955367010484814,1,6.1992740824823915
615.2878515720367,1.890442216291337,1,6.2021489223547075
615.366486787796,1.898083943427057,1,6.197836662546233
615.4431014060974,1.9159146400770588,1,6.187774722993131
615.5211894512177,1.9031784281842015,1,6.194961822673918
615.5989766120911,1.9031784281842015,1,6.194961822673918
615.6897506713867,1.898083943427057,1,6.197836662546233
615.7650632858276,1.9261036095913475,1,6.182025043248502
615.8443222045898,1.9082729129413458,1,6.1920869828016025
615.9242227077484,1.9210091248342032,1,6.184899883120817
616.0022082328796,1.8929894586699128,1,6.200711502418548
616.0804419517517,1.9210091248342032,1,6.184899883120817
616.1572880744934,1.9006311858056257,1,6.196399242610077
616.23397564888,1.9031784281842015,1,6.194961822673918
616.3129146099091,1.9031784281842015,1,6.194961822673918
616.4058611392975,1.9159146400770588,1,6.187774722993131
616.4807963371277,1.9184618824556274,1,6.186337303056977
616.559029340744,1.913367397698483,1,6.189212142929291
616.63574051857,1.9108201553199144,1,6.190649562865447
616.7124903202057,1.9159146400770588,1,6.187774722993131
616.7895014286041,1.9006311858056257,1,6.196399242610077
616.8675291538239,1.9031784281842015,1,6.194961822673918
616.9435565471649,1.9108201553199144,1,6.190649562865447
617.0216634273529,1.90572567056277,1,6.193524402737761
617.1015923023224,1.90572567056277,1,6.193524402737761
617.178539276123,1.9082729129413458,1,6.1920869828016025
617.2552988529205,1.9159146400770588,1,6.187774722993131
617.3325536251068,1.9210091248342032,1,6.184899883120817
617.4096760749817,1.9184618824556274,1,6.186337303056977
617.4895305633545,1.9108201553199144,1,6.190649562865447
617.5689082145691,1.90572567056277,1,6.193524402737761
617.6472692489624,1.9031784281842015,1,6.194961822673918
617.7263913154602,1.913367397698483,1,6.189212142929291
617.8040926456451,1.9108201553199144,1,6.190649562865447
617.8815336227417,1.9006311858056257,1,6.196399242610077
617.9919991493225,1.9184618824556274,1,6.186337303056977
618.0718548297882,1.9031784281842015,1,6.194961822673918
618.1490521430969,1.913367397698483,1,6.189212142929291
618.227799654007,1.90572567056277,1,6.193524402737761
618.3045983314514,1.9031784281842015,1,6.194961822673918
618.3804004192352,1.9159146400770588,1,6.187774722993131
618.4587733745575,1.9235563672127718,1,6.183462463184661
618.5377593040466,1.9108201553199144,1,6.190649562865447
618.6147971153259,1.90572567056277,1,6.193524402737761
618.694445848465,1.9184618824556274,1,6.186337303056977
618.7729799747467,1.9082729129413458,1,6.1920869828016025
618.8506891727448,1.90572567056277,1,6.193524402737761
618.9304180145264,1.9082729129413458,1,6.1920869828016025
619.0077879428864,1.9031784281842015,1,6.194961822673918
619.1015467643738,1.9006311858056257,1,6.196399242610077
619.1793460845947,1.9006311858056257,1,6.196399242610077
619.2562263011932,1.9184618824556274,1,6.186337303056977
619.3346018791199,1.8955367010484814,1,6.1992740824823915
619.4130508899689,1.9235563672127718,1,6.183462463184661
619.4910175800323,1.9159146400770588,1,6.187774722993131
619.5989847183228,1.9235563672127718,1,6.183462463184661
619.6788444519043,1.9286508519699161,1,6.180587623312347
619.7561519145966,1.9031784281842015,1,6.194961822673918
619.8320198059082,1.913367397698483,1,6.189212142929291
619.9092197418213,1.9286508519699161,1,6.180587623312347
619.9861145019531,1.90572567056277,1,6.193524402737761
620.0642008781433,1.9235563672127718,1,6.183462463184661
620.141767501831,1.913367397698483,1,6.189212142929291
620.2190811634064,1.9184618824556274,1,6.186337303056977
620.297845363617,1.9159146400770588,1,6.187774722993131
620.3759484291077,1.9031784281842015,1,6.194961822673918
620.4518694877625,1.90572567056277,1,6.193524402737761
620.5307157039642,1.90572567056277,1,6.193524402737761
620.6071417331696,1.90572567056277,1,6.193524402737761
620.6835567951202,1.898083943427057,1,6.197836662546233
620.7630829811096,1.9235563672127718,1,6.183462463184661
620.8403422832489,1.9031784281842015,1,6.194961822673918
620.9164366722107,1.9184618824556274,1,6.186337303056977
620.9946687221527,1.9159146400770588,1,6.187774722993131
621.0727422237396,1.9159146400770588,1,6.187774722993131
621.1803047657013,1.9261036095913475,1,6.182025043248502
621.2579686641693,1.913367397698483,1,6.189212142929291
621.3506457805634,1.9082729129413458,1,6.1920869828016025
621.4281907081604,1.913367397698483,1,6.189212142929291
621.5052251815796,1.9108201553199144,1,6.190649562865447
621.611469745636,1.9184618824556274,1,6.186337303056977
621.6907548904419,1.9235563672127718,1,6.183462463184661
621.7661881446838,1.90572567056277,1,6.193524402737761
621.842334985733,1.9235563672127718,1,6.183462463184661
621.9200575351715,1.90572567056277,1,6.193524402737761
621.9969205856323,1.9184618824556274,1,6.186337303056977
622.0736317634583,1.9082729129413458,1,6.1920869828016025
622.1524403095245,1.9006311858056257,1,6.196399242610077
622.2316749095917,1.913367397698483,1,6.189212142929291
622.3084745407104,1.9159146400770588,1,6.187774722993131
622.3854849338531,1.9108201553199144,1,6.190649562865447
622.4652717113495,1.913367397698483,1,6.189212142929291
622.541139125824,1.9184618824556274,1,6.186337303056977
622.6189076900482,1.913367397698483,1,6.189212142929291
622.6963484287262,1.9159146400770588,1,6.187774722993131
622.7892706394196,1.9108201553199144,1,6.190649562865447
622.8663239479065,1.9210091248342032,1,6.184899883120817
622.9447062015533,1.9235563672127718,1,6.183462463184661
623.0226159095764,1.9235563672127718,1,6.183462463184661
623.1006348133087,1.9006311858056257,1,6.196399242610077
623.1784000396729,1.9210091248342032,1,6.184899883120817
623.2555253505707,1.913367397698483,1,6.189212142929291
623.3332591056824,1.9082729129413458,1,6.1920869828016025
623.4112234115601,1.913367397698483,1,6.189212142929291
623.4881744384766,1.9210091248342032,1,6.184899883120817
623.5649309158325,1.9235563672127718,1,6.183462463184661
623.6448712348938,1.9261036095913475,1,6.182025043248502
623.720668554306,1.913367397698483,1,6.189212142929291
623.7975311279297,1.9108201553199144,1,6.190649562865447
623.8749585151672,1.9184618824556274,1,6.186337303056977
623.9522972106934,1.9108201553199144,1,6.190649562865447
624.0306799411774,1.9108201553199144,1,6.190649562865447
624.1089134216309,1.9210091248342032,1,6.184899883120817
624.1858565807343,1.9031784281842015,1,6.194961822673918
624.2625515460968,1.9286508519699161,1,6.180587623312347
624.3582937717438,1.9184618824556274,1,6.186337303056977
624.4361071586609,1.913367397698483,1,6.189212142929291
624.515962600708,1.913367397698483,1,6.189212142929291
624.5959801673889,1.9184618824556274,1,6.186337303056977
624.6730704307556,1.913367397698483,1,6.189212142929291
624.7518241405487,1.913367397698483,1,6.189212142929291
624.8285839557648,1.9210091248342032,1,6.184899883120817
624.9053659439087,1.913367397698483,1,6.189212142929291
624.9842448234558,1.9184618824556274,1,6.186337303056977
625.0633854866028,1.9184618824556274,1,6.186337303056977
625.1411466598511,1.9235563672127718,1,6.183462463184661
625.2199625968933,1.9184618824556274,1,6.186337303056977
625.2964735031128,1.9184618824556274,1,6.186337303056977
625.3732104301453,1.9082729129413458,1,6.1920869828016025
625.4506533145905,1.90572567056277,1,6.193524402737761
625.5290536880493,1.9210091248342032,1,6.184899883120817
625.6060795783997,1.9159146400770588,1,6.187774722993131
625.6855766773224,1.9082729129413458,1,6.1920869828016025
625.764050245285,1.9210091248342032,1,6.184899883120817
625.8410978317261,1.9108201553199144,1,6.190649562865447
625.9515910148621,1.90572567056277,1,6.193524402737761
626.0304684638977,1.9159146400770588,1,6.187774722993131
626.1069931983948,1.9261036095913475,1,6.182025043248502
626.1864874362946,1.9159146400770588,1,6.187774722993131
626.2625403404236,1.9210091248342032,1,6.184899883120817
626.3413534164429,1.9261036095913475,1,6.182025043248502
626.4212379455566,1.9235563672127718,1,6.183462463184661
626.5001802444458,1.9159146400770588,1,6.187774722993131
626.5770246982574,1.9210091248342032,1,6.184899883120817
626.6569020748138,1.9184618824556274,1,6.186337303056977
626.7350058555603,1.9184618824556274,1,6.186337303056977
626.8132088184357,1.9210091248342032,1,6.184899883120817
626.8905668258667,1.9235563672127718,1,6.183462463184661
626.968358039856,1.9286508519699161,1,6.180587623312347
627.0449566841125,1.9235563672127718,1,6.183462463184661
627.1232399940491,1.9210091248342032,1,6.184899883120817
627.2010495662689,1.9159146400770588,1,6.187774722993131
627.2791306972504,1.913367397698483,1,6.189212142929291
627.3578584194183,1.9286508519699161,1,6.180587623312347
627.4348874092102,1.9184618824556274,1,6.186337303056977
627.5296330451965,1.9286508519699161,1,6.180587623312347
627.6059238910675,1.9261036095913475,1,6.182025043248502
627.6823580265045,1.9108201553199144,1,6.190649562865447
627.7605590820312,1.9184618824556274,1,6.186337303056977
627.8384964466095,1.9184618824556274,1,6.186337303056977
627.9152979850769,1.913367397698483,1,6.189212142929291
627.9932284355164,1.9311980943484919,1,6.179150203376187
628.0714018344879,1.9337453367270605,1,6.177712783440031
628.148191690445,1.913367397698483,1,6.189212142929291
628.2259533405304,1.9184618824556274,1,6.186337303056977
628.3057534694672,1.9159146400770588,1,6.187774722993131
628.382848739624,1.9210091248342032,1,6.184899883120817
628.4626307487488,1.9159146400770588,1,6.187774722993131
628.5419688224792,1.9388398214842049,1,6.1748379435677165
628.6197574138641,1.9108201553199144,1,6.190649562865447
628.6978378295898,1.9261036095913475,1,6.182025043248502
628.774564743042,1.9210091248342032,1,6.184899883120817
628.8520545959473,1.9235563672127718,1,6.183462463184661
628.9320092201233,1.9235563672127718,1,6.183462463184661
629.0099446773529,1.9337453367270605,1,6.177712783440031
629.1036760807037,1.9311980943484919,1,6.179150203376187
629.1816136837006,1.9210091248342032,1,6.184899883120817
629.2613112926483,1.9337453367270605,1,6.177712783440031
629.3381123542786,1.9311980943484919,1,6.179150203376187
629.4151639938354,1.9235563672127718,1,6.183462463184661
629.4935545921326,1.9184618824556274,1,6.186337303056977
629.5698583126068,1.9210091248342032,1,6.184899883120817
629.6477899551392,1.9261036095913475,1,6.182025043248502
629.7248427867889,1.9388398214842049,1,6.1748379435677165
629.8016293048859,1.9108201553199144,1,6.190649562865447
629.876433134079,1.9311980943484919,1,6.179150203376187
629.9542260169983,1.9261036095913475,1,6.182025043248502
630.0300118923187,1.9286508519699161,1,6.180587623312347
630.1073424816132,1.9261036095913475,1,6.182025043248502
630.185051202774,1.9235563672127718,1,6.183462463184661
630.2616987228394,1.9184618824556274,1,6.186337303056977
630.3411700725555,1.9261036095913475,1,6.182025043248502
630.4209928512573,1.9388398214842049,1,6.1748379435677165
630.498019695282,1.9210091248342032,1,6.184899883120817
630.5760688781738,1.9439343062413492,1,6.171963103695401
630.6688778400421,1.9261036095913475,1,6.182025043248502
630.7459471225739,1.9286508519699161,1,6.180587623312347
630.8248560428619,1.9286508519699161,1,6.180587623312347
630.9022333621979,1.9210091248342032,1,6.184899883120817
630.979008436203,1.9235563672127718,1,6.183462463184661
631.0558609962463,1.9286508519699161,1,6.180587623312347
631.1330552101135,1.9235563672127718,1,6.183462463184661
631.2092642784119,1.9235563672127718,1,6.183462463184661
631.2869601249695,1.9184618824556274,1,6.186337303056977
631.366090297699,1.9235563672127718,1,6.183462463184661
631.4420294761658,1.9337453367270605,1,6.177712783440031
631.5214154720306,1.9439343062413492,1,6.171963103695401
631.597354888916,1.9337453367270605,1,6.177712783440031
631.6745176315308,1.9362925791056362,1,6.176275363503872
631.7503106594086,1.9159146400770588,1,6.187774722993131
631.8291037082672,1.9337453367270605,1,6.177712783440031
631.9053869247437,1.9362925791056362,1,6.176275363503872
631.9832162857056,1.9235563672127718,1,6.183462463184661
632.062246799469,1.9337453367270605,1,6.177712783440031
632.1381151676178,1.9337453367270605,1,6.177712783440031
632.2311596870422,1.9261036095913475,1,6.182025043248502
632.3083231449127,1.9388398214842049,1,6.1748379435677165
632.3861794471741,1.9286508519699161,1,6.180587623312347
632.4639382362366,1.9261036095913475,1,6.182025043248502
632.5435564517975,1.9439343062413492,1,6.171963103695401
632.6213991641998,1.9413870638627735,1,6.17340052363156
632.6991913318634,1.9235563672127718,1,6.183462463184661
632.7760257720947,1.9362925791056362,1,6.176275363503872
632.8529431819916,1.9261036095913475,1,6.182025043248502
632.9318408966064,1.9184618824556274,1,6.186337303056977
633.0089793205261,1.9261036095913475,1,6.182025043248502
633.0857005119324,1.9413870638627735,1,6.17340052363156
633.1635403633118,1.913367397698483,1,6.189212142929291
633.2397038936615,1.9210091248342032,1,6.184899883120817
633.3167104721069,1.9235563672127718,1,6.183462463184661
633.393504858017,1.9337453367270605,1,6.177712783440031
633.4694094657898,1.9235563672127718,1,6.183462463184661
633.5466618537903,1.9286508519699161,1,6.180587623312347
633.6254925727844,1.9566705181342066,1,6.164776004014615
633.7039110660553,1.9261036095913475,1,6.182025043248502
633.8271572589874,1.9311980943484919,1,6.179150203376187
633.9049487113953,1.9337453367270605,1,6.177712783440031
633.9817476272583,1.9184618824556274,1,6.186337303056977
634.0586235523224,1.9362925791056362,1,6.176275363503872
634.1384105682373,1.9490287909984936,1,6.169088263823086
634.2167093753815,1.9261036095913475,1,6.182025043248502
634.2944650650024,1.9286508519699161,1,6.180587623312347
634.3722569942474,1.9439343062413492,1,6.171963103695401
634.4510474205017,1.9337453367270605,1,6.177712783440031
634.5298757553101,1.9362925791056362,1,6.176275363503872
634.6076273918152,1.9362925791056362,1,6.176275363503872
634.6864166259766,1.9337453367270605,1,6.177712783440031
634.7652065753937,1.9311980943484919,1,6.179150203376187
634.8439960479736,1.9337453367270605,1,6.177712783440031
634.9217944145203,1.9388398214842049,1,6.1748379435677165
635.0005767345428,1.9311980943484919,1,6.179150203376187
635.078372001648,1.9261036095913475,1,6.182025043248502
635.1551668643951,1.9388398214842049,1,6.1748379435677165
635.2349538803101,1.9261036095913475,1,6.182025043248502
635.3127493858337,1.9388398214842049,1,6.1748379435677165
635.4224557876587,1.9388398214842049,1,6.1748379435677165
635.5002508163452,1.9439343062413492,1,6.171963103695401
635.5785481929779,1.9210091248342032,1,6.184899883120817
635.6563401222229,1.9439343062413492,1,6.171963103695401
635.7336411476135,1.9235563672127718,1,6.183462463184661
635.8110044002533,1.9286508519699161,1,6.180587623312347
635.8892571926117,1.9362925791056362,1,6.176275363503872
635.9661729335785,1.9311980943484919,1,6.179150203376187
636.0447936058044,1.9286508519699161,1,6.180587623312347
636.1235845088959,1.9286508519699161,1,6.180587623312347
636.2004268169403,1.9159146400770588,1,6.187774722993131
636.2785451412201,1.9388398214842049,1,6.1748379435677165
636.356790304184,1.9362925791056362,1,6.176275363503872
636.4331438541412,1.9235563672127718,1,6.183462463184661
636.5119290351868,1.9490287909984936,1,6.169088263823086
636.5901138782501,1.9362925791056362,1,6.176275363503872
636.6657354831696,1.9184618824556274,1,6.186337303056977
636.7430908679962,1.9439343062413492,1,6.171963103695401
636.8199338912964,1.9413870638627735,1,6.17340052363156
636.8965220451355,1.9261036095913475,1,6.182025043248502
636.9909746646881,1.9515760333770622,1,6.16765084388693
637.070562839508,1.9235563672127718,1,6.183462463184661
637.1475501060486,1.9286508519699161,1,6.180587623312347
637.2262990474701,1.9413870638627735,1,6.17340052363156
637.3041532039642,1.9337453367270605,1,6.177712783440031
637.3812870979309,1.9235563672127718,1,6.183462463184661
637.4602255821228,1.9311980943484919,1,6.179150203376187
637.5400314331055,1.9311980943484919,1,6.179150203376187
637.6172020435333,1.9286508519699161,1,6.180587623312347
637.6961827278137,1.9490287909984936,1,6.169088263823086
637.7732088565826,1.9210091248342032,1,6.184899883120817
637.8511040210724,1.9286508519699161,1,6.180587623312347
637.9309372901917,1.9439343062413492,1,6.171963103695401
638.010026216507,1.9439343062413492,1,6.171963103695401
638.0869424343109,1.9464815486199178,1,6.170525683759245
638.163990020752,1.9337453367270605,1,6.177712783440031
638.2419018745422,1.9362925791056362,1,6.176275363503872
638.3186419010162,1.9362925791056362,1,6.176275363503872
638.4123523235321,1.9337453367270605,1,6.177712783440031
638.4886329174042,1.9388398214842049,1,6.1748379435677165
638.5814146995544,1.9311980943484919,1,6.179150203376187
638.660572052002,1.9362925791056362,1,6.176275363503872
638.7389125823975,1.9464815486199178,1,6.170525683759245
638.8152315616608,1.9311980943484919,1,6.179150203376187
638.8946969509125,1.9362925791056362,1,6.176275363503872
638.9726374149323,1.9413870638627735,1,6.17340052363156
639.0482342243195,1.9388398214842049,1,6.1748379435677165
639.1263384819031,1.9464815486199178,1,6.170525683759245
639.2036528587341,1.9566705181342066,1,6.164776004014615
639.2807161808014,1.9286508519699161,1,6.180587623312347
639.3586785793304,1.9464815486199178,1,6.170525683759245
639.4356074333191,1.9337453367270605,1,6.177712783440031
639.513557434082,1.9311980943484919,1,6.179150203376187
639.5935266017914,1.9311980943484919,1,6.179150203376187
639.6706416606903,1.9311980943484919,1,6.179150203376187
639.7475497722626,1.9286508519699161,1,6.180587623312347
639.8243093490601,1.9337453367270605,1,6.177712783440031
639.9015049934387,1.9388398214842049,1,6.1748379435677165
639.9780704975128,1.9490287909984936,1,6.169088263823086
640.0558950901031,1.9439343062413492,1,6.171963103695401
640.164826631546,1.9439343062413492,1,6.171963103695401
640.2426419258118,1.9413870638627735,1,6.17340052363156
640.3216898441315,1.9362925791056362,1,6.176275363503872
640.3973958492279,1.9388398214842049,1,6.1748379435677165
640.4749977588654,1.954123275755638,1,6.16621342395077
640.5538847446442,1.9413870638627735,1,6.17340052363156
640.6297242641449,1.9235563672127718,1,6.183462463184661
640.7095744609833,1.9362925791056362,1,6.176275363503872
640.7871963977814,1.9388398214842049,1,6.1748379435677165
640.8635156154633,1.9413870638627735,1,6.17340052363156
640.9413077831268,1.9515760333770622,1,6.16765084388693
641.01913022995,1.9388398214842049,1,6.1748379435677165
641.0965778827667,1.9286508519699161,1,6.180587623312347
641.1742222309113,1.9515760333770622,1,6.16765084388693
641.2519166469574,1.954123275755638,1,6.16621342395077
641.3289775848389,1.9362925791056362,1,6.176275363503872
641.4071600437164,1.9413870638627735,1,6.17340052363156
641.4849538803101,1.9439343062413492,1,6.171963103695401
641.5621974468231,1.9388398214842049,1,6.1748379435677165
641.6398413181305,1.9490287909984936,1,6.169088263823086
641.7505457401276,1.954123275755638,1,6.16621342395077
641.8432989120483,1.9362925791056362,1,6.176275363503872
641.9203243255615,1.9643122452699266,1,6.16046374420614
641.9999701976776,1.9413870638627735,1,6.17340052363156
642.0771350860596,1.9413870638627735,1,6.17340052363156
642.154079914093,1.9490287909984936,1,6.169088263823086
642.2335684299469,1.9337453367270605,1,6.177712783440031
642.3119468688965,1.9311980943484919,1,6.179150203376187
642.3899137973785,1.9439343062413492,1,6.171963103695401
642.4675989151001,1.9388398214842049,1,6.1748379435677165
642.5447261333466,1.954123275755638,1,6.16621342395077
642.6228227615356,1.9413870638627735,1,6.17340052363156
642.700496673584,1.9388398214842049,1,6.1748379435677165
642.7772998809814,1.9311980943484919,1,6.179150203376187
642.8550539016724,1.9413870638627735,1,6.17340052363156
642.9338052272797,1.9464815486199178,1,6.170525683759245
643.0109140872955,1.9362925791056362,1,6.176275363503872
643.0896999835968,1.9464815486199178,1,6.170525683759245
643.168637752533,1.9515760333770622,1,6.16765084388693
643.2456097602844,1.9261036095913475,1,6.182025043248502
643.3402154445648,1.9515760333770622,1,6.16765084388693
643.4192495346069,1.9490287909984936,1,6.169088263823086
643.497926235199,1.9388398214842049,1,6.1748379435677165
643.5750999450684,1.9592177605127823,1,6.163338584078456
643.6519770622253,1.9566705181342066,1,6.164776004014615
643.7289872169495,1.9388398214842049,1,6.1748379435677165
643.8055491447449,1.954123275755638,1,6.16621342395077
643.8826539516449,1.9388398214842049,1,6.1748379435677165
643.9611775875092,1.9362925791056362,1,6.176275363503872
644.0409955978394,1.9439343062413492,1,6.171963103695401
644.1197850704193,1.954123275755638,1,6.16621342395077
644.1965842247009,1.9388398214842049,1,6.1748379435677165
644.2763710021973,1.9515760333770622,1,6.16765084388693
644.3532202243805,1.9464815486199178,1,6.170525683759245
644.4320421218872,1.9337453367270605,1,6.177712783440031
644.5097906589508,1.9464815486199178,1,6.170525683759245
644.5866196155548,1.954123275755638,1,6.16621342395077
644.6646678447723,1.9337453367270605,1,6.177712783440031
644.7426424026489,1.9388398214842049,1,6.1748379435677165
644.8184614181519,1.9490287909984936,1,6.169088263823086
644.927337884903,1.9362925791056362,1,6.176275363503872
645.0042321681976,1.9439343062413492,1,6.171963103695401
645.0805943012238,1.9413870638627735,1,6.17340052363156
645.1569471359253,1.9439343062413492,1,6.171963103695401
645.2342462539673,1.9566705181342066,1,6.164776004014615
645.3257114887238,1.9592177605127823,1,6.163338584078456
645.4037449359894,1.9362925791056362,1,6.176275363503872
645.48086810112,1.9464815486199178,1,6.170525683759245
645.5582423210144,1.9413870638627735,1,6.17340052363156
645.6398892402649,1.9490287909984936,1,6.169088263823086
645.7129170894623,1.9388398214842049,1,6.1748379435677165
645.7896077632904,1.9464815486199178,1,6.170525683759245
645.8690457344055,1.961765002891351,1,6.1619011641423
645.9469649791718,1.9388398214842049,1,6.1748379435677165
646.0229845046997,1.9464815486199178,1,6.170525683759245
646.1021814346313,1.9388398214842049,1,6.1748379435677165
646.1816403865814,1.9439343062413492,1,6.171963103695401
646.2577006816864,1.954123275755638,1,6.16621342395077
646.33580327034,1.9490287909984936,1,6.169088263823086
646.4157900810242,1.9413870638627735,1,6.17340052363156
646.5235381126404,1.9464815486199178,1,6.170525683759245
646.6014063358307,1.9490287909984936,1,6.169088263823086
646.6803116798401,1.9490287909984936,1,6.169088263823086
646.7558743953705,1.961765002891351,1,6.1619011641423
646.8348269462585,1.9490287909984936,1,6.169088263823086
646.911830663681,1.9464815486199178,1,6.170525683759245
646.9882202148438,1.954123275755638,1,6.16621342395077
647.0650792121887,1.9388398214842049,1,6.1748379435677165
647.1428959369659,1.9490287909984936,1,6.169088263823086
647.2200272083282,1.9413870638627735,1,6.17340052363156
647.2968695163727,1.9566705181342066,1,6.164776004014615
647.3747453689575,1.9464815486199178,1,6.170525683759245
647.4513771533966,1.954123275755638,1,6.16621342395077
647.5311238765717,1.9235563672127718,1,6.183462463184661
647.6091065406799,1.9413870638627735,1,6.17340052363156
647.6860153675079,1.9490287909984936,1,6.169088263823086
647.7637910842896,1.9439343062413492,1,6.171963103695401
647.8429033756256,1.9439343062413492,1,6.171963103695401
647.9197931289673,1.9439343062413492,1,6.171963103695401
647.9983434677124,1.9464815486199178,1,6.170525683759245
648.09202003479,1.9439343062413492,1,6.171963103695401
648.1707155704498,1.9490287909984936,1,6.169088263823086
648.2483043670654,1.954123275755638,1,6.16621342395077
648.3267834186554,1.9439343062413492,1,6.171963103695401
648.4028701782227,1.9464815486199178,1,6.170525683759245
648.4813940525055,1.9490287909984936,1,6.169088263823086
648.558943271637,1.9439343062413492,1,6.171963103695401
648.6360087394714,1.9515760333770622,1,6.16765084388693
648.7145688533783,1.9388398214842049,1,6.1748379435677165
648.7914941310883,1.9439343062413492,1,6.171963103695401
648.8702685832977,1.9388398214842049,1,6.1748379435677165
648.9483382701874,1.9490287909984936,1,6.169088263823086
649.0244510173798,1.9388398214842049,1,6.1748379435677165
649.1029622554779,1.954123275755638,1,6.16621342395077
649.1809616088867,1.9439343062413492,1,6.171963103695401
649.2580847740173,1.9515760333770622,1,6.16765084388693
649.3358736038208,1.9515760333770622,1,6.16765084388693
649.4126994609833,1.9490287909984936,1,6.169088263823086
649.4904923439026,1.9515760333770622,1,6.16765084388693
649.5674159526825,1.9592177605127823,1,6.163338584078456
649.6773328781128,1.9439343062413492,1,6.171963103695401
649.7539353370667,1.9592177605127823,1,6.163338584078456
649.8446657657623,1.954123275755638,1,6.16621342395077
649.9245085716248,1.961765002891351,1,6.1619011641423
650.0015590190887,1.9439343062413492,1,6.171963103695401
650.0803894996643,1.9413870638627735,1,6.17340052363156
650.1582431793213,1.9413870638627735,1,6.17340052363156
650.234194278717,1.9592177605127823,1,6.163338584078456
650.311986207962,1.9464815486199178,1,6.170525683759245
650.3888423442841,1.9668594876484953,1,6.159026324269985
650.4652581214905,1.9388398214842049,1,6.1748379435677165
650.544814825058,1.9362925791056362,1,6.176275363503872
650.6226074695587,1.9592177605127823,1,6.163338584078456
650.6986446380615,1.954123275755638,1,6.16621342395077
650.7770745754242,1.9566705181342066,1,6.164776004014615
650.8553779125214,1.9566705181342066,1,6.164776004014615
650.9321532249451,1.9464815486199178,1,6.170525683759245
651.0098488330841,1.954123275755638,1,6.16621342395077
651.0877933502197,1.9719539724056396,1,6.15615148439767
651.1650543212891,1.9413870638627735,1,6.17340052363156
651.260843038559,1.9439343062413492,1,6.171963103695401
651.3396663665771,1.961765002891351,1,6.1619011641423
651.4175868034363,1.9490287909984936,1,6.169088263823086
651.4970512390137,1.9515760333770622,1,6.16765084388693
651.5739796161652,1.9515760333770622,1,6.16765084388693
651.6507658958435,1.9643122452699266,1,6.16046374420614
651.7294476032257,1.9439343062413492,1,6.171963103695401
651.8071796894073,1.954123275755638,1,6.16621342395077
651.8854677677155,1.954123275755638,1,6.16621342395077
651.9627904891968,1.9464815486199178,1,6.170525683759245
652.0405886173248,1.9592177605127823,1,6.163338584078456
652.1173450946808,1.9515760333770622,1,6.16765084388693
652.196001291275,1.9490287909984936,1,6.169088263823086
652.2739915847778,1.954123275755638,1,6.16621342395077
652.3511137962341,1.954123275755638,1,6.16621342395077
652.4277136325836,1.9592177605127823,1,6.163338584078456
652.5036792755127,1.9592177605127823,1,6.163338584078456
652.579972743988,1.9515760333770622,1,6.16765084388693
652.6581461429596,1.9592177605127823,1,6.163338584078456
652.7372326850891,1.961765002891351,1,6.1619011641423
652.8440034389496,1.9515760333770622,1,6.16765084388693
652.9209566116333,1.9515760333770622,1,6.16765084388693
652.9987761974335,1.9592177605127823,1,6.163338584078456
653.0775499343872,1.9592177605127823,1,6.163338584078456
653.1568291187286,1.9719539724056396,1,6.15615148439767
653.2338891029358,1.9668594876484953,1,6.159026324269985
653.3282117843628,1.9464815486199178,1,6.170525683759245
653.4059524536133,1.9745012147842083,1,6.154714064461515
653.4820530414581,1.9439343062413492,1,6.171963103695401
653.5599000453949,1.9643122452699266,1,6.16046374420614
653.6358256340027,1.961765002891351,1,6.1619011641423
653.7115240097046,1.9464815486199178,1,6.170525683759245
653.789308309555,1.9719539724056396,1,6.15615148439767
653.865140914917,1.954123275755638,1,6.16621342395077
653.9429376125336,1.9566705181342066,1,6.164776004014615
654.021981716156,1.9668594876484953,1,6.159026324269985
654.0990068912506,1.9643122452699266,1,6.16046374420614
654.1749653816223,1.9566705181342066,1,6.164776004014615
654.2540948390961,1.9643122452699266,1,6.16046374420614
654.3308365345001,1.9566705181342066,1,6.164776004014615
654.4386105537415,1.9719539724056396,1,6.15615148439767
654.5150063037872,1.9592177605127823,1,6.163338584078456
654.5928013324738,1.9643122452699266,1,6.16046374420614
654.6701045036316,1.9668594876484953,1,6.159026324269985
654.7494285106659,1.9592177605127823,1,6.163338584078456
654.8275601863861,1.9515760333770622,1,6.16765084388693
654.9058611392975,1.9643122452699266,1,6.16046374420614
654.9838879108429,1.9592177605127823,1,6.163338584078456
655.0633189678192,1.954123275755638,1,6.16621342395077
655.1396300792694,1.9592177605127823,1,6.163338584078456
655.2166512012482,1.9515760333770622,1,6.16765084388693
655.2955572605133,1.9643122452699266,1,6.16046374420614
655.3723742961884,1.9643122452699266,1,6.16046374420614
655.4502296447754,1.9643122452699266,1,6.16046374420614
655.5300164222717,1.9592177605127823,1,6.163338584078456
655.607602596283,1.9719539724056396,1,6.15615148439767
655.6873903274536,1.9668594876484953,1,6.159026324269985
655.7652385234833,1.9668594876484953,1,6.159026324269985
655.8430507183075,1.954123275755638,1,6.16621342395077
655.9221043586731,1.969406730027064,1,6.15758890433383
656.0297238826752,1.954123275755638,1,6.16621342395077
656.1055059432983,1.977048457162784,1,6.153276644525355
656.1848764419556,1.9643122452699266,1,6.16046374420614
656.2641308307648,1.9566705181342066,1,6.164776004014615
656.3409039974213,1.961765002891351,1,6.1619011641423
656.4178757667542,1.9643122452699266,1,6.16046374420614
656.4956595897675,1.9592177605127823,1,6.163338584078456
656.5735032558441,1.9719539724056396,1,6.15615148439767
656.6533331871033,1.9566705181342066,1,6.164776004014615
656.7321062088013,1.954123275755638,1,6.16621342395077
656.8094596862793,1.969406730027064,1,6.15758890433383
656.888343334198,1.9643122452699266,1,6.16046374420614
656.9681921005249,1.9643122452699266,1,6.16046374420614
657.0439643859863,1.961765002891351,1,6.1619011641423
657.1221177577972,1.9719539724056396,1,6.15615148439767
657.2003378868103,1.9643122452699266,1,6.16046374420614
657.2781119346619,1.961765002891351,1,6.1619011641423
657.3574929237366,1.9821429419199283,1,6.15040180465304
657.434980392456,1.969406730027064,1,6.15758890433383
657.5119187831879,1.969406730027064,1,6.15758890433383
657.6058058738708,1.9643122452699266,1,6.16046374420614
657.6843268871307,1.9668594876484953,1,6.159026324269985
657.762125492096,1.9668594876484953,1,6.159026324269985
657.857914686203,1.9668594876484953,1,6.159026324269985
657.9354269504547,1.977048457162784,1,6.153276644525355
658.013409614563,1.954123275755638,1,6.16621342395077
658.0912072658539,1.9821429419199283,1,6.15040180465304
658.1689872741699,1.9668594876484953,1,6.159026324269985
658.2459235191345,1.9643122452699266,1,6.16046374420614
658.3240256309509,1.9719539724056396,1,6.15615148439767
658.4007079601288,1.961765002891351,1,6.1619011641423
658.4789025783539,1.9668594876484953,1,6.159026324269985
658.55792760849,1.9668594876484953,1,6.159026324269985
658.635735988617,1.9795956995413526,1,6.1518392245891995
658.7150547504425,1.9566705181342066,1,6.164776004014615
658.791620016098,1.9643122452699266,1,6.16046374420614
658.8684108257294,1.9592177605127823,1,6.163338584078456
658.946204662323,1.961765002891351,1,6.1619011641423
659.025440454483,1.9566705181342066,1,6.164776004014615
659.1011025905609,1.9745012147842083,1,6.154714064461515
659.1959068775177,1.9643122452699266,1,6.16046374420614
659.2730360031128,1.9821429419199283,1,6.15040180465304
659.3508532047272,1.9719539724056396,1,6.15615148439767
659.4278500080109,1.961765002891351,1,6.1619011641423
659.5061247348785,1.9719539724056396,1,6.15615148439767
659.5819780826569,1.9515760333770622,1,6.16765084388693
659.6598596572876,1.9643122452699266,1,6.16046374420614
659.7356877326965,1.9745012147842083,1,6.154714064461515
659.8118426799774,1.9643122452699266,1,6.16046374420614
659.8898606300354,1.9643122452699266,1,6.16046374420614
659.9680306911469,1.969406730027064,1,6.15758890433383
660.0457725524902,1.9643122452699266,1,6.16046374420614
660.1235976219177,1.9719539724056396,1,6.15615148439767
660.2035484313965,1.9719539724056396,1,6.15615148439767
660.281779050827,1.9668594876484953,1,6.159026324269985
660.3595449924469,1.9745012147842083,1,6.154714064461515
660.4385964870453,1.9719539724056396,1,6.15615148439767
660.5146658420563,1.9668594876484953,1,6.159026324269985
660.5925731658936,1.9643122452699266,1,6.16046374420614
660.6694021224976,1.9745012147842083,1,6.154714064461515
660.763156414032,1.9592177605127823,1,6.163338584078456
660.842542886734,1.9643122452699266,1,6.16046374420614
660.9203956127167,1.9643122452699266,1,6.16046374420614
660.997704744339,1.9490287909984936,1,6.169088263823086
661.0738129615784,1.977048457162784,1,6.153276644525355
661.1585600376129,1.961765002891351,1,6.1619011641423
661.2458662986755,1.9719539724056396,1,6.15615148439767
661.3238952159882,1.9668594876484953,1,6.159026324269985
661.401535987854,1.9795956995413526,1,6.1518392245891995
661.4787256717682,1.9719539724056396,1,6.15615148439767
661.5575706958771,1.9745012147842083,1,6.154714064461515
661.634194612503,1.9872374266770727,1,6.147526964780725
661.7118952274323,1.9643122452699266,1,6.16046374420614
661.7902059555054,1.9795956995413526,1,6.1518392245891995
661.8695719242096,1.9795956995413526,1,6.1518392245891995
661.9458816051483,1.9592177605127823,1,6.163338584078456
662.0245032310486,1.961765002891351,1,6.1619011641423
662.1041588783264,1.977048457162784,1,6.153276644525355
662.1819050312042,1.969406730027064,1,6.15758890433383
662.2606768608093,1.9566705181342066,1,6.164776004014615
662.3710598945618,1.961765002891351,1,6.1619011641423
662.4489018917084,1.9795956995413526,1,6.1518392245891995
662.5278522968292,1.9592177605127823,1,6.163338584078456
662.6068472862244,1.9719539724056396,1,6.15615148439767
662.6848878860474,1.9719539724056396,1,6.15615148439767
662.7638528347015,1.9643122452699266,1,6.16046374420614
662.8429942131042,1.9668594876484953,1,6.159026324269985
662.9220159053802,1.9719539724056396,1,6.15615148439767
663.0000336170197,1.984690184298497,1,6.1489643847168844
663.0772762298584,1.9668594876484953,1,6.159026324269985
663.1551613807678,1.9745012147842083,1,6.154714064461515
663.2331120967865,1.9719539724056396,1,6.15615148439767
663.3102462291718,1.969406730027064,1,6.15758890433383
663.386965751648,1.9821429419199283,1,6.15040180465304
663.4646029472351,1.9592177605127823,1,6.163338584078456
663.5414361953735,1.9821429419199283,1,6.15040180465304
663.6192276477814,1.9795956995413526,1,6.1518392245891995
663.6978673934937,1.954123275755638,1,6.16621342395077
663.7760097980499,1.9668594876484953,1,6.159026324269985
663.8529896736145,1.977048457162784,1,6.153276644525355
663.9467895030975,1.9668594876484953,1,6.159026324269985
664.0252304077148,1.9795956995413526,1,6.1518392245891995
664.1043694019318,1.984690184298497,1,6.1489643847168844
664.1815850734711,1.9668594876484953,1,6.159026324269985
664.2585029602051,1.9643122452699266,1,6.16046374420614
664.3360848426819,1.9795956995413526,1,6.1518392245891995
664.4130926132202,1.969406730027064,1,6.15758890433383
664.4900095462799,1.9821429419199283,1,6.15040180465304
664.5689897537231,1.9719539724056396,1,6.15615148439767
664.6468884944916,1.9643122452699266,1,6.16046374420614
664.7245523929596,1.969406730027064,1,6.15758890433383
664.8035972118378,1.9821429419199283,1,6.15040180465304
664.8803961277008,1.961765002891351,1,6.1619011641423
664.9579672813416,1.9719539724056396,1,6.15615148439767
665.0358755588531,1.961765002891351,1,6.1619011641423
665.1119468212128,1.961765002891351,1,6.1619011641423
665.1897592544556,1.977048457162784,1,6.153276644525355
665.2695708274841,1.977048457162784,1,6.153276644525355
665.3459007740021,1.9643122452699266,1,6.16046374420614
665.4217851161957,1.984690184298497,1,6.1489643847168844
665.5294578075409,1.961765002891351,1,6.1619011641423
665.6091175079346,1.9795956995413526,1,6.1518392245891995
665.6859486103058,1.9643122452699266,1,6.16046374420614
665.7816877365112,1.9719539724056396,1,6.15615148439767
665.8596177101135,1.9668594876484953,1,6.159026324269985
665.9356877803802,1.969406730027064,1,6.15758890433383
666.0146682262421,1.977048457162784,1,6.153276644525355
666.0935335159302,1.9745012147842083,1,6.154714064461515
666.170471906662,1.9745012147842083,1,6.154714064461515
666.2497324943542,1.9795956995413526,1,6.1518392245891995
666.3269455432892,1.9821429419199283,1,6.15040180465304
666.4047584533691,1.992331911434217,1,6.14465212490841
666.4805607795715,1.9745012147842083,1,6.154714064461515
666.5586612224579,1.9872374266770727,1,6.147526964780725
666.6355028152466,1.984690184298497,1,6.1489643847168844
666.7144446372986,1.9821429419199283,1,6.15040180465304
666.7941424846649,1.9668594876484953,1,6.159026324269985
666.8719310760498,1.9745012147842083,1,6.154714064461515
666.9517295360565,1.9745012147842083,1,6.154714064461515
667.0315487384796,1.984690184298497,1,6.1489643847168844
667.1412088871002,1.969406730027064,1,6.15758890433383
667.2188234329224,1.9821429419199283,1,6.15040180465304
667.2959082126617,1.961765002891351,1,6.1619011641423
667.3740329742432,1.9795956995413526,1,6.1518392245891995
667.4538378715515,1.9745012147842083,1,6.154714064461515
667.5296738147736,1.961765002891351,1,6.1619011641423
667.6075727939606,1.9719539724056396,1,6.15615148439767
667.6856667995453,1.9719539724056396,1,6.15615148439767
667.7629520893097,1.9668594876484953,1,6.159026324269985
667.8393352031708,1.9795956995413526,1,6.1518392245891995
667.918613910675,1.9821429419199283,1,6.15040180465304
667.9972975254059,1.9795956995413526,1,6.1518392245891995
668.0840742588043,1.9821429419199283,1,6.15040180465304
668.1615180969238,1.9719539724056396,1,6.15615148439767
668.2390050888062,1.977048457162784,1,6.153276644525355
668.3173067569733,1.961765002891351,1,6.1619011641423
668.3949174880981,1.977048457162784,1,6.153276644525355
668.4717807769775,1.984690184298497,1,6.1489643847168844
668.5667736530304,1.969406730027064,1,6.15758890433383
668.6418182849884,1.9795956995413526,1,6.1518392245891995
668.7187156677246,1.9745012147842083,1,6.154714064461515
668.7965788841248,1.9795956995413526,1,6.1518392245891995
668.8743867874146,1.9872374266770727,1,6.147526964780725
668.9522767066956,1.9795956995413526,1,6.1518392245891995
669.0283787250519,1.9719539724056396,1,6.15615148439767
669.1070251464844,1.9821429419199283,1,6.15040180465304
669.1846218109131,1.9948791538127857,1,6.143214704972254
669.263934135437,1.969406730027064,1,6.15758890433383
669.3410189151764,1.9795956995413526,1,6.1518392245891995
669.4176185131073,1.9795956995413526,1,6.1518392245891995
669.4960234165192,1.9795956995413526,1,6.1518392245891995
669.5755293369293,1.9719539724056396,1,6.15615148439767
669.6514575481415,1.9821429419199283,1,6.15040180465304
669.7302391529083,1.9668594876484953,1,6.159026324269985
669.8092410564423,1.977048457162784,1,6.153276644525355
669.8861181735992,1.992331911434217,1,6.14465212490841
669.9953489303589,1.977048457162784,1,6.153276644525355
670.0730350017548,1.977048457162784,1,6.153276644525355
670.150885105133,1.977048457162784,1,6.153276644525355
670.2301676273346,1.9821429419199283,1,6.15040180465304
670.3082659244537,1.9872374266770727,1,6.147526964780725
670.3858871459961,1.99997363856993,1,6.140339865099939
670.4646534919739,1.977048457162784,1,6.153276644525355
670.5429880619049,1.977048457162784,1,6.153276644525355
670.6202938556671,1.9948791538127857,1,6.143214704972254
670.7000958919525,1.9974263961913543,1,6.141777285036099
670.7770712375641,1.984690184298497,1,6.1489643847168844
670.8527479171753,1.9948791538127857,1,6.143214704972254
670.9316711425781,1.9821429419199283,1,6.15040180465304
671.009072303772,1.9795956995413526,1,6.1518392245891995
671.0854377746582,1.984690184298497,1,6.1489643847168844
671.1649062633514,1.9795956995413526,1,6.1518392245891995
671.2432110309601,1.9872374266770727,1,6.147526964780725
671.3203666210175,1.9795956995413526,1,6.1518392245891995
671.4302799701691,1.9745012147842083,1,6.154714064461515
671.5078854560852,1.984690184298497,1,6.1489643847168844
671.5846800804138,1.9745012147842083,1,6.154714064461515
671.6639375686646,1.969406730027064,1,6.15758890433383
671.7407326698303,1.9745012147842083,1,6.154714064461515
671.8190689086914,1.992331911434217,1,6.14465212490841
671.8948843479156,1.9745012147842083,1,6.154714064461515
671.9706873893738,1.984690184298497,1,6.1489643847168844
672.0484793186188,1.984690184298497,1,6.1489643847168844
672.1276738643646,1.9795956995413526,1,6.1518392245891995
672.2034976482391,1.969406730027064,1,6.15758890433383
672.2812893390656,1.9948791538127857,1,6.143214704972254
672.3601763248444,1.9795956995413526,1,6.1518392245891995
672.4379856586456,1.9821429419199283,1,6.15040180465304
672.516859292984,1.9897846690556413,1,6.146089544844569
672.5946574211121,1.984690184298497,1,6.1489643847168844
672.6714563369751,1.977048457162784,1,6.153276644525355
672.7503135204315,1.9872374266770727,1,6.147526964780725
672.8291001319885,1.9643122452699266,1,6.16046374420614
672.9228022098541,1.9821429419199283,1,6.15040180465304
673.0007493495941,1.9948791538127857,1,6.143214704972254
673.0789680480957,1.9821429419199283,1,6.15040180465304
673.1542310714722,1.9821429419199283,1,6.15040180465304
673.230092048645,1.9795956995413526,1,6.1518392245891995
673.3081257343292,1.9795956995413526,1,6.1518392245891995
673.3828570842743,1.992331911434217,1,6.14465212490841
673.4608497619629,1.984690184298497,1,6.1489643847168844
673.5399820804596,1.9872374266770727,1,6.147526964780725
673.6165180206299,1.977048457162784,1,6.153276644525355
673.6952669620514,1.9897846690556413,1,6.146089544844569
673.7749757766724,1.9745012147842083,1,6.154714064461515
673.8508906364441,1.992331911434217,1,6.14465212490841
673.9272620677948,1.9821429419199283,1,6.15040180465304
674.0070922374725,1.9795956995413526,1,6.1518392245891995
674.0839667320251,1.9821429419199283,1,6.15040180465304
674.1630609035492,1.984690184298497,1,6.1489643847168844
674.2398681640625,1.9719539724056396,1,6.15615148439767
674.3480036258698,1.9897846690556413,1,6.146089544844569
674.4270904064178,1.984690184298497,1,6.1489643847168844
674.5030579566956,1.9897846690556413,1,6.146089544844569
674.5800492763519,1.9668594876484953,1,6.159026324269985
674.6570086479187,1.984690184298497,1,6.1489643847168844
674.7360596656799,1.992331911434217,1,6.14465212490841
674.8129959106445,1.9795956995413526,1,6.1518392245891995
674.8908169269562,1.9872374266770727,1,6.147526964780725
674.9684777259827,1.9897846690556413,1,6.146089544844569
675.0460450649261,1.961765002891351,1,6.1619011641423
675.1252057552338,1.9719539724056396,1,6.15615148439767
675.2030556201935,1.9897846690556413,1,6.146089544844569
675.2802329063416,1.9795956995413526,1,6.1518392245891995
675.3593163490295,1.9668594876484953,1,6.159026324269985
675.437310218811,1.9821429419199283,1,6.15040180465304
675.5150420665741,1.9897846690556413,1,6.146089544844569
675.5921652317047,1.992331911434217,1,6.14465212490841
675.6691164970398,1.9897846690556413,1,6.146089544844569
675.7771692276001,1.984690184298497,1,6.1489643847168844
675.8549966812134,1.9821429419199283,1,6.15040180465304
675.9311273097992,1.9745012147842083,1,6.154714064461515
676.0098550319672,1.984690184298497,1,6.1489643847168844
676.1036052703857,1.9948791538127857,1,6.143214704972254
676.1814467906952,1.9872374266770727,1,6.147526964780725
676.2605354785919,1.9872374266770727,1,6.147526964780725
676.3389973640442,1.984690184298497,1,6.1489643847168844
676.417022228241,1.992331911434217,1,6.14465212490841
676.4936678409576,1.969406730027064,1,6.15758890433383
676.5696337223053,1.992331911434217,1,6.14465212490841
676.6473324298859,1.9745012147842083,1,6.154714064461515
676.7259619235992,1.969406730027064,1,6.15758890433383
676.8027164936066,1.984690184298497,1,6.1489643847168844
676.8806941509247,1.9821429419199283,1,6.15040180465304
676.9555764198303,1.9821429419199283,1,6.15040180465304
677.0348093509674,1.9795956995413526,1,6.1518392245891995
677.1115577220917,1.9897846690556413,1,6.146089544844569
677.2202708721161,1.9897846690556413,1,6.146089544844569
677.2971549034119,1.992331911434217,1,6.14465212490841
677.3729867935181,1.9974263961913543,1,6.141777285036099
677.4518196582794,1.9948791538127857,1,6.143214704972254
677.5316281318665,1.992331911434217,1,6.14465212490841
677.6094295978546,1.9821429419199283,1,6.15040180465304
677.6872732639313,1.99997363856993,1,6.140339865099939
677.7657854557037,2.0050681233270744,1,6.137465025227624
677.8435988426208,1.9872374266770727,1,6.147526964780725
677.9219644069672,1.984690184298497,1,6.1489643847168844
677.9986972808838,1.9897846690556413,1,6.146089544844569
678.0756590366364,1.9821429419199283,1,6.15040180465304
678.1517865657806,1.99997363856993,1,6.140339865099939
678.2305250167847,1.984690184298497,1,6.1489643847168844
678.3063282966614,1.9872374266770727,1,6.147526964780725
678.3846719264984,1.992331911434217,1,6.14465212490841
678.4638524055481,1.992331911434217,1,6.14465212490841
678.5404121875763,1.9821429419199283,1,6.15040180465304
678.6196639537811,1.9948791538127857,1,6.143214704972254
678.7135019302368,1.9948791538127857,1,6.143214704972254
678.7908153533936,1.9897846690556413,1,6.146089544844569
678.8675501346588,1.984690184298497,1,6.1489643847168844
678.9474365711212,1.9897846690556413,1,6.146089544844569
679.0245835781097,1.984690184298497,1,6.1489643847168844
679.1023232936859,1.9745012147842083,1,6.154714064461515
679.1822552680969,1.9897846690556413,1,6.146089544844569
679.2602074146271,1.9795956995413526,1,6.1518392245891995
679.3401892185211,1.9795956995413526,1,6.1518392245891995
679.4189867973328,1.984690184298497,1,6.1489643847168844
679.4969856739044,1.9897846690556413,1,6.146089544844569
679.575047492981,1.9948791538127857,1,6.143214704972254
679.6541783809662,1.9897846690556413,1,6.146089544844569
679.7313199043274,2.0025208809484987,1,6.138902445163784
679.8098647594452,1.984690184298497,1,6.1489643847168844
679.8860697746277,1.9948791538127857,1,6.143214704972254
679.9639072418213,1.9897846690556413,1,6.146089544844569
680.0432205200195,1.9872374266770727,1,6.147526964780725
680.1510155200958,1.9897846690556413,1,6.146089544844569
680.2295577526093,1.9821429419199283,1,6.15040180465304
680.3073511123657,1.9821429419199283,1,6.15040180465304
680.38303565979,2.0050681233270744,1,6.137465025227624
680.4593496322632,1.9872374266770727,1,6.147526964780725
680.5360865592957,1.9897846690556413,1,6.146089544844569
680.6150703430176,1.984690184298497,1,6.1489643847168844
680.6929757595062,1.9872374266770727,1,6.147526964780725
680.7712841033936,1.99997363856993,1,6.140339865099939
680.8494465351105,1.9948791538127857,1,6.143214704972254
680.9271900653839,1.984690184298497,1,6.1489643847168844
681.0060102939606,1.992331911434217,1,6.14465212490841
681.0830111503601,1.9897846690556413,1,6.146089544844569
681.1599373817444,1.992331911434217,1,6.14465212490841
681.2389531135559,1.992331911434217,1,6.14465212490841
681.3148994445801,1.9948791538127857,1,6.143214704972254
681.39289021492,1.9795956995413526,1,6.1518392245891995
681.4706823825836,1.9974263961913543,1,6.141777285036099
681.5769743919373,1.992331911434217,1,6.14465212490841
681.6567616462708,1.984690184298497,1,6.1489643847168844
681.7345733642578,1.9948791538127857,1,6.143214704972254
681.8106625080109,1.984690184298497,1,6.1489643847168844
681.8884932994843,1.9897846690556413,1,6.146089544844569
681.9661750793457,1.9872374266770727,1,6.147526964780725
682.043981552124,1.9821429419199283,1,6.15040180465304
682.1237683296204,1.984690184298497,1,6.1489643847168844
682.2032225131989,1.9948791538127857,1,6.143214704972254
682.2806766033173,1.99997363856993,1,6.140339865099939
682.357667684555,1.9872374266770727,1,6.147526964780725
682.4357433319092,1.9974263961913543,1,6.141777285036099
682.5135297775269,1.9821429419199283,1,6.15040180465304
682.5901153087616,1.9872374266770727,1,6.147526964780725
682.6685042381287,2.0025208809484987,1,6.138902445163784
682.7464213371277,1.99997363856993,1,6.140339865099939
682.8261632919312,1.9872374266770727,1,6.147526964780725
682.9059541225433,1.9897846690556413,1,6.146089544844569
683.0146834850311,2.0050681233270744,1,6.137465025227624
683.0933628082275,1.9745012147842083,1,6.154714064461515
683.1711614131927,1.992331911434217,1,6.14465212490841
683.2488024234772,2.0050681233270744,1,6.137465025227624
683.3260083198547,1.992331911434217,1,6.14465212490841
683.4047837257385,1.9948791538127857,1,6.143214704972254
683.4829638004303,1.984690184298497,1,6.1489643847168844
683.5630214214325,1.992331911434217,1,6.14465212490841
683.6397831439972,1.984690184298497,1,6.1489643847168844
683.7175829410553,1.9974263961913543,1,6.141777285036099
683.7949259281158,1.977048457162784,1,6.153276644525355
683.8736743927002,1.9948791538127857,1,6.143214704972254
683.9518003463745,1.9948791538127857,1,6.143214704972254
684.046088218689,1.9821429419199283,1,6.15040180465304
684.1229305267334,1.984690184298497,1,6.1489643847168844
684.1990559101105,1.9948791538127857,1,6.143214704972254
684.277804851532,1.977048457162784,1,6.153276644525355
684.3570532798767,1.984690184298497,1,6.1489643847168844
684.433899641037,1.992331911434217,1,6.14465212490841
684.5439887046814,1.992331911434217,1,6.14465212490841
684.6374247074127,1.99997363856993,1,6.140339865099939
684.7148816585541,1.99997363856993,1,6.140339865099939
684.7928113937378,1.9948791538127857,1,6.143214704972254
684.870433807373,1.9897846690556413,1,6.146089544844569
684.94717669487,1.99997363856993,1,6.140339865099939
685.0271427631378,1.9974263961913543,1,6.141777285036099
685.1047258377075,1.9948791538127857,1,6.143214704972254
685.1835143566132,1.99997363856993,1,6.140339865099939
685.2609128952026,1.984690184298497,1,6.1489643847168844
685.3387088775635,1.9948791538127857,1,6.143214704972254
685.4179041385651,1.992331911434217,1,6.14465212490841
685.4959800243378,1.9897846690556413,1,6.146089544844569
685.5738985538483,1.9795956995413526,1,6.1518392245891995
685.6529974937439,1.9948791538127857,1,6.143214704972254
685.7303321361542,1.992331911434217,1,6.14465212490841
685.8071031570435,1.984690184298497,1,6.1489643847168844
685.8860547542572,1.9974263961913543,1,6.141777285036099
685.9944348335266,1.99997363856993,1,6.140339865099939
686.0733003616333,1.9974263961913543,1,6.141777285036099
686.1523802280426,1.992331911434217,1,6.14465212490841
686.2283325195312,2.0025208809484987,1,6.138902445163784
686.3050768375397,2.0025208809484987,1,6.138902445163784
686.3820176124573,2.0050681233270744,1,6.137465025227624
686.4598586559296,1.9897846690556413,1,6.146089544844569
686.5363013744354,2.0050681233270744,1,6.137465025227624
686.6133239269257,2.0050681233270744,1,6.137465025227624
686.6912889480591,1.9974263961913543,1,6.141777285036099
686.7687480449677,1.99997363856993,1,6.140339865099939
686.8465664386749,1.9897846690556413,1,6.146089544844569
686.9244630336761,1.9897846690556413,1,6.146089544844569
687.0001437664032,1.9974263961913543,1,6.141777285036099
687.0789775848389,1.9974263961913543,1,6.141777285036099
687.1562418937683,2.007615365705643,1,6.136027605291469
687.2339055538177,1.9897846690556413,1,6.146089544844569
687.3136510848999,2.0101626080842188,1,6.134590185355309
687.4209978580475,1.99997363856993,1,6.140339865099939
687.4997947216034,1.99997363856993,1,6.140339865099939
687.5777487754822,1.984690184298497,1,6.1489643847168844
687.6546368598938,1.9872374266770727,1,6.147526964780725
687.7324697971344,2.0025208809484987,1,6.138902445163784
687.809633731842,1.9821429419199283,1,6.15040180465304
687.8867037296295,2.0025208809484987,1,6.138902445163784
687.9654474258423,2.007615365705643,1,6.136027605291469
688.0453951358795,1.99997363856993,1,6.140339865099939
688.1231637001038,2.0050681233270744,1,6.137465025227624
688.2009580135345,2.0025208809484987,1,6.138902445163784
688.2798218727112,1.99997363856993,1,6.140339865099939
688.3573122024536,2.0025208809484987,1,6.138902445163784
688.4356262683868,2.0127098504627874,1,6.133152765419154
688.5144391059875,2.0203515775985075,1,6.128840505610679
688.5912353992462,1.9948791538127857,1,6.143214704972254
688.6684799194336,2.0025208809484987,1,6.138902445163784
688.7467398643494,2.0127098504627874,1,6.133152765419154
688.8547656536102,2.0025208809484987,1,6.138902445163784
688.9329466819763,2.0050681233270744,1,6.137465025227624
689.0107884407043,2.0025208809484987,1,6.138902445163784
689.0883958339691,2.0025208809484987,1,6.138902445163784
689.1681437492371,2.0101626080842188,1,6.134590185355309
689.2479295730591,2.0203515775985075,1,6.128840505610679
689.3254806995392,1.9974263961913543,1,6.141777285036099
689.4038388729095,2.0101626080842188,1,6.134590185355309
689.4814925193787,2.007615365705643,1,6.136027605291469
689.5574538707733,2.0025208809484987,1,6.138902445163784
689.6372139453888,2.0050681233270744,1,6.137465025227624
689.7167935371399,1.99997363856993,1,6.140339865099939
689.7925975322723,1.99997363856993,1,6.140339865099939
689.8719544410706,1.9974263961913543,1,6.141777285036099
689.9512031078339,2.007615365705643,1,6.136027605291469
690.0286865234375,1.9948791538127857,1,6.143214704972254
690.1068949699402,2.0050681233270744,1,6.137465025227624
690.1861848831177,2.0203515775985075,1,6.128840505610679
690.2636997699738,2.025446062355652,1,6.125965665738364
690.3729212284088,2.0050681233270744,1,6.137465025227624
690.448587179184,1.99997363856993,1,6.140339865099939
690.5275146961212,1.9897846690556413,1,6.146089544844569
690.6069896221161,1.9948791538127857,1,6.143214704972254
690.6829898357391,2.0050681233270744,1,6.137465025227624
690.7601053714752,2.0025208809484987,1,6.138902445163784
690.8388488292694,1.9948791538127857,1,6.143214704972254
690.9160933494568,2.0050681233270744,1,6.137465025227624
690.9940390586853,1.9948791538127857,1,6.143214704972254
691.0707669258118,1.99997363856993,1,6.140339865099939
691.1485314369202,1.99997363856993,1,6.140339865099939
691.2260839939117,1.992331911434217,1,6.14465212490841
691.3054945468903,1.9948791538127857,1,6.143214704972254
691.3820676803589,1.99997363856993,1,6.140339865099939
691.4604313373566,2.0025208809484987,1,6.138902445163784
691.5402095317841,1.99997363856993,1,6.140339865099939
691.6173334121704,2.0127098504627874,1,6.133152765419154
691.6972825527191,2.0025208809484987,1,6.138902445163784
691.7928893566132,2.0050681233270744,1,6.137465025227624
691.8697988986969,2.007615365705643,1,6.136027605291469
691.9469473361969,2.0178043352199317,1,6.130277925546839
692.0267531871796,1.9897846690556413,1,6.146089544844569
692.1039803028107,2.0050681233270744,1,6.137465025227624
692.1820034980774,2.0025208809484987,1,6.138902445163784
692.2608664035797,1.9974263961913543,1,6.141777285036099
692.3378932476044,2.015257092841363,1,6.131715345482994
692.4147272109985,1.99997363856993,1,6.140339865099939
692.4935429096222,1.992331911434217,1,6.14465212490841
692.5718295574188,1.9948791538127857,1,6.143214704972254
692.6491205692291,2.0050681233270744,1,6.137465025227624
692.7277364730835,1.9974263961913543,1,6.141777285036099
692.8047020435333,2.007615365705643,1,6.136027605291469
692.8806853294373,2.0203515775985075,1,6.128840505610679
692.9594757556915,1.9974263961913543,1,6.141777285036099
693.0371973514557,2.0127098504627874,1,6.133152765419154
693.112996339798,2.0127098504627874,1,6.133152765419154
693.2197413444519,2.0050681233270744,1,6.137465025227624
693.2976541519165,2.0101626080842188,1,6.134590185355309
693.3755052089691,2.0025208809484987,1,6.138902445163784
693.4531846046448,2.0025208809484987,1,6.138902445163784
693.5307140350342,2.0101626080842188,1,6.134590185355309
693.6086616516113,1.9948791538127857,1,6.143214704972254
693.6884486675262,1.9948791538127857,1,6.143214704972254
693.7662634849548,2.0025208809484987,1,6.138902445163784
693.8440556526184,1.99997363856993,1,6.140339865099939
693.9226233959198,2.0101626080842188,1,6.134590185355309
693.999950170517,2.015257092841363,1,6.131715345482994
694.0785703659058,1.99997363856993,1,6.140339865099939
694.1563618183136,2.0050681233270744,1,6.137465025227624
694.2361557483673,1.9974263961913543,1,6.141777285036099
694.3139410018921,2.0101626080842188,1,6.134590185355309
694.391850233078,1.99997363856993,1,6.140339865099939
694.4696226119995,2.0127098504627874,1,6.133152765419154
694.546799659729,2.0025208809484987,1,6.138902445163784
694.6558439731598,2.007615365705643,1,6.136027605291469
694.7331137657166,2.0025208809484987,1,6.138902445163784
694.8111171722412,1.9948791538127857,1,6.143214704972254
694.889657497406,2.0025208809484987,1,6.138902445163784
694.9671666622162,2.0050681233270744,1,6.137465025227624
695.0447247028351,2.0050681233270744,1,6.137465025227624
695.1215133666992,2.0127098504627874,1,6.133152765419154
695.1991641521454,1.9948791538127857,1,6.143214704972254
695.2784087657928,2.0127098504627874,1,6.133152765419154
695.3573958873749,1.992331911434217,1,6.14465212490841
695.4348165988922,2.0025208809484987,1,6.138902445163784
695.5129389762878,2.0050681233270744,1,6.137465025227624
695.5908536911011,1.99997363856993,1,6.140339865099939
695.6678278446198,2.007615365705643,1,6.136027605291469
695.7472195625305,2.0101626080842188,1,6.134590185355309
695.8238101005554,1.9974263961913543,1,6.141777285036099
695.9030435085297,2.015257092841363,1,6.131715345482994
695.9809608459473,2.0050681233270744,1,6.137465025227624
696.0580039024353,1.9948791538127857,1,6.143214704972254
696.1682314872742,2.015257092841363,1,6.131715345482994
696.2457020282745,2.0050681233270744,1,6.137465025227624
696.3218324184418,2.0050681233270744,1,6.137465025227624
696.4003465175629,2.007615365705643,1,6.136027605291469
696.4790587425232,2.0025208809484987,1,6.138902445163784
696.5559418201447,1.984690184298497,1,6.1489643847168844
696.6496820449829,2.0101626080842188,1,6.134590185355309
696.7266359329224,1.984690184298497,1,6.1489643847168844
696.8042163848877,1.9974263961913543,1,6.141777285036099
696.8811960220337,2.007615365705643,1,6.136027605291469
696.9602725505829,1.9872374266770727,1,6.147526964780725
697.0380852222443,2.0050681233270744,1,6.137465025227624
697.1162989139557,1.9948791538127857,1,6.143214704972254
697.1936633586884,1.9948791538127857,1,6.143214704972254
697.2697184085846,1.99997363856993,1,6.140339865099939
697.3483963012695,1.9948791538127857,1,6.143214704972254
697.4234631061554,1.9974263961913543,1,6.141777285036099
697.5002949237823,1.99997363856993,1,6.140339865099939
697.5930807590485,1.9897846690556413,1,6.146089544844569
697.671817779541,1.9974263961913543,1,6.141777285036099
697.749609708786,2.0050681233270744,1,6.137465025227624
697.8289098739624,1.9897846690556413,1,6.146089544844569
697.9062106609344,1.9948791538127857,1,6.143214704972254
697.9821538925171,2.007615365705643,1,6.136027605291469
698.0596199035645,1.992331911434217,1,6.14465212490841
698.1384699344635,1.9974263961913543,1,6.141777285036099
698.2154321670532,2.0178043352199317,1,6.130277925546839
698.292742729187,1.9948791538127857,1,6.143214704972254
698.3715453147888,2.007615365705643,1,6.136027605291469
698.4489266872406,2.0101626080842188,1,6.134590185355309
698.5276367664337,2.0025208809484987,1,6.138902445163784
698.6069083213806,2.0050681233270744,1,6.137465025227624
698.6846992969513,2.0178043352199317,1,6.130277925546839
698.762612581253,1.9464815486199178,1,6.170525683759245
698.8424246311188,2.0203515775985075,1,6.128840505610679
698.9222180843353,1.99997363856993,1,6.140339865099939
699.0314264297485,2.0050681233270744,1,6.137465025227624
699.1092545986176,2.015257092841363,1,6.131715345482994
699.1870183944702,1.99997363856993,1,6.140339865099939
699.2648146152496,2.0101626080842188,1,6.134590185355309
699.342607498169,1.9948791538127857,1,6.143214704972254
699.4204452037811,2.007615365705643,1,6.136027605291469
699.4981548786163,2.0101626080842188,1,6.134590185355309
699.5777387619019,2.0127098504627874,1,6.133152765419154
699.6555600166321,2.015257092841363,1,6.131715345482994
699.7354280948639,2.007615365705643,1,6.136027605291469
699.8112289905548,2.007615365705643,1,6.136027605291469
699.888689994812,1.9974263961913543,1,6.141777285036099
699.9668395519257,2.007615365705643,1,6.136027605291469
700.0461373329163,2.0025208809484987,1,6.138902445163784
700.1239328384399,2.0025208809484987,1,6.138902445163784
700.2017288208008,2.0101626080842188,1,6.134590185355309
700.2815186977386,1.9948791538127857,1,6.143214704972254
700.3581228256226,1.9897846690556413,1,6.146089544844569
700.4536368846893,1.99997363856993,1,6.140339865099939
700.5318365097046,2.0025208809484987,1,6.138902445163784
700.6089413166046,1.9948791538127857,1,6.143214704972254
700.6873552799225,2.0127098504627874,1,6.133152765419154
700.7641077041626,2.0127098504627874,1,6.133152765419154
700.8409378528595,1.99997363856993,1,6.140339865099939
700.9169616699219,2.0178043352199317,1,6.130277925546839
700.994877576828,2.007615365705643,1,6.136027605291469
701.072948217392,2.007615365705643,1,6.136027605291469
701.1500222682953,2.0127098504627874,1,6.133152765419154
701.2278187274933,2.007615365705643,1,6.136027605291469
701.3060297966003,2.0025208809484987,1,6.138902445163784
701.3838818073273,2.0178043352199317,1,6.130277925546839
701.4612019062042,2.0101626080842188,1,6.134590185355309
701.5388350486755,2.0101626080842188,1,6.134590185355309
701.6160545349121,2.0050681233270744,1,6.137465025227624
701.6938164234161,1.992331911434217,1,6.14465212490841
701.773068189621,2.015257092841363,1,6.131715345482994
701.85107588768,2.015257092841363,1,6.131715345482994
701.9588372707367,2.0101626080842188,1,6.134590185355309
702.03671002388,2.0025208809484987,1,6.138902445163784
702.1157419681549,2.0127098504627874,1,6.133152765419154
702.1906108856201,2.0127098504627874,1,6.133152765419154
702.2679822444916,2.025446062355652,1,6.125965665738364
702.3439991474152,2.0127098504627874,1,6.133152765419154
702.4201250076294,2.0127098504627874,1,6.133152765419154
702.4983060359955,2.0279933047342205,1,6.124528245802209
702.5763111114502,2.015257092841363,1,6.131715345482994
702.6531121730804,2.022898819977076,1,6.127403085674524
702.7308325767517,2.015257092841363,1,6.131715345482994
702.8100583553314,2.0025208809484987,1,6.138902445163784
702.8869755268097,2.025446062355652,1,6.125965665738364
702.9638538360596,2.022898819977076,1,6.127403085674524
703.0407989025116,1.99997363856993,1,6.140339865099939
703.1159756183624,2.025446062355652,1,6.125965665738364
703.1947286128998,2.0101626080842188,1,6.134590185355309
703.2719645500183,2.0025208809484987,1,6.138902445163784
703.3657429218292,2.0127098504627874,1,6.133152765419154
703.4445502758026,2.007615365705643,1,6.136027605291469
703.5237686634064,2.007615365705643,1,6.136027605291469
703.6007478237152,2.015257092841363,1,6.131715345482994
703.6787288188934,2.0050681233270744,1,6.137465025227624
703.7557644844055,2.0203515775985075,1,6.128840505610679
703.8317227363586,2.022898819977076,1,6.127403085674524
703.9095876216888,2.015257092841363,1,6.131715345482994
703.9855110645294,2.025446062355652,1,6.125965665738364
704.0613944530487,2.0127098504627874,1,6.133152765419154
704.1393086910248,2.0101626080842188,1,6.134590185355309
704.2183618545532,2.025446062355652,1,6.125965665738364
704.2961943149567,2.0101626080842188,1,6.134590185355309
704.3759512901306,2.015257092841363,1,6.131715345482994
704.4536454677582,2.007615365705643,1,6.136027605291469
704.5315935611725,2.0203515775985075,1,6.128840505610679
704.6106064319611,2.0203515775985075,1,6.128840505610679
704.6863062381744,2.0203515775985075,1,6.128840505610679
704.7792313098907,2.0203515775985075,1,6.128840505610679
704.8590614795685,2.0025208809484987,1,6.138902445163784
704.936882019043,2.022898819977076,1,6.127403085674524
705.01300573349,1.9897846690556413,1,6.146089544844569
705.0906505584717,1.9974263961913543,1,6.141777285036099
705.1685335636139,2.030540547112789,1,6.123090825866052
705.2456855773926,2.0203515775985075,1,6.128840505610679
705.323358297348,2.0050681233270744,1,6.137465025227624
705.4008631706238,2.0101626080842188,1,6.134590185355309
705.4778845310211,2.0025208809484987,1,6.138902445163784
705.5567424297333,2.0178043352199317,1,6.130277925546839
705.6351504325867,2.0050681233270744,1,6.137465025227624
705.7125971317291,2.0178043352199317,1,6.130277925546839
705.7896866798401,2.0101626080842188,1,6.134590185355309
705.8682131767273,2.0203515775985075,1,6.128840505610679
705.9461915493011,2.015257092841363,1,6.131715345482994
706.0242223739624,2.007615365705643,1,6.136027605291469
706.1022119522095,2.0203515775985075,1,6.128840505610679
706.2109518051147,1.99997363856993,1,6.140339865099939
706.2869415283203,2.0127098504627874,1,6.133152765419154
706.3644332885742,2.025446062355652,1,6.125965665738364
706.4422791004181,2.0101626080842188,1,6.134590185355309
706.5201046466827,2.022898819977076,1,6.127403085674524
706.5952479839325,2.015257092841363,1,6.131715345482994
706.6727888584137,1.99997363856993,1,6.140339865099939
706.7505733966827,2.0127098504627874,1,6.133152765419154
706.8303563594818,2.015257092841363,1,6.131715345482994
706.9071025848389,2.007615365705643,1,6.136027605291469
706.9868597984314,2.025446062355652,1,6.125965665738364
707.0630805492401,2.0101626080842188,1,6.134590185355309
707.1414651870728,2.015257092841363,1,6.131715345482994
707.2191388607025,2.025446062355652,1,6.125965665738364
707.2959704399109,2.015257092841363,1,6.131715345482994
707.3740243911743,2.0127098504627874,1,6.133152765419154
707.4532461166382,2.022898819977076,1,6.127403085674524
707.5310373306274,2.025446062355652,1,6.125965665738364
707.6103384494781,2.0101626080842188,1,6.134590185355309
707.7034513950348,2.0127098504627874,1,6.133152765419154
707.7802453041077,2.0203515775985075,1,6.128840505610679
707.8562662601471,2.022898819977076,1,6.127403085674524
707.9330599308014,2.015257092841363,1,6.131715345482994
708.010183095932,2.015257092841363,1,6.131715345482994
708.088048696518,2.0178043352199317,1,6.130277925546839
708.1654069423676,2.0203515775985075,1,6.128840505610679
708.2420928478241,2.007615365705643,1,6.136027605291469
708.3210775852203,2.0178043352199317,1,6.130277925546839
708.400961637497,2.0203515775985075,1,6.128840505610679
708.4787993431091,2.022898819977076,1,6.127403085674524
708.5561680793762,2.0101626080842188,1,6.134590185355309
708.6360285282135,2.0279933047342205,1,6.124528245802209
708.7148900032043,2.0101626080842188,1,6.134590185355309
708.7929012775421,2.007615365705643,1,6.136027605291469
708.8715398311615,2.0203515775985075,1,6.128840505610679
708.9485509395599,2.022898819977076,1,6.127403085674524
709.0253641605377,2.0127098504627874,1,6.133152765419154
709.1344041824341,2.015257092841363,1,6.131715345482994
709.2113897800446,2.0178043352199317,1,6.130277925546839
709.2883801460266,2.015257092841363,1,6.131715345482994
709.3656232357025,2.0178043352199317,1,6.130277925546839
709.4435565471649,2.0127098504627874,1,6.133152765419154
709.5194520950317,2.025446062355652,1,6.125965665738364
709.5994029045105,2.0178043352199317,1,6.130277925546839
709.6756722927094,2.015257092841363,1,6.131715345482994
709.7546348571777,2.015257092841363,1,6.131715345482994
709.8304324150085,2.015257092841363,1,6.131715345482994
709.9052498340607,2.0203515775985075,1,6.128840505610679
709.9836158752441,2.022898819977076,1,6.127403085674524
710.0614354610443,2.0178043352199317,1,6.130277925546839
710.137800693512,2.007615365705643,1,6.136027605291469
710.2176532745361,2.015257092841363,1,6.131715345482994
710.2964386940002,2.0101626080842188,1,6.134590185355309
710.3723905086517,2.0203515775985075,1,6.128840505610679
710.4512016773224,2.015257092841363,1,6.131715345482994
710.5607068538666,2.0127098504627874,1,6.133152765419154
710.6369495391846,2.015257092841363,1,6.131715345482994
710.715918302536,2.0101626080842188,1,6.134590185355309
710.7929332256317,2.0127098504627874,1,6.133152765419154
710.8689436912537,2.0203515775985075,1,6.128840505610679
710.9480383396149,2.022898819977076,1,6.127403085674524
711.0244550704956,2.0050681233270744,1,6.137465025227624
711.1015169620514,2.033087789491365,1,6.1216534059298935
711.1813914775848,2.0203515775985075,1,6.128840505610679
711.2595820426941,1.9974263961913543,1,6.141777285036099
711.3351469039917,2.030540547112789,1,6.123090825866052
711.4128053188324,2.015257092841363,1,6.131715345482994
711.4919764995575,2.015257092841363,1,6.131715345482994
711.5671243667603,2.022898819977076,1,6.127403085674524
711.6449694633484,2.0127098504627874,1,6.133152765419154
711.7243571281433,2.015257092841363,1,6.131715345482994
711.8002502918243,2.022898819977076,1,6.127403085674524
711.8800075054169,2.015257092841363,1,6.131715345482994
711.9882926940918,2.0127098504627874,1,6.133152765419154
712.0650792121887,2.0203515775985075,1,6.128840505610679
712.1429171562195,2.0203515775985075,1,6.128840505610679
712.2189648151398,2.030540547112789,1,6.123090825866052
712.2989747524261,2.022898819977076,1,6.127403085674524
712.3751020431519,2.0127098504627874,1,6.133152765419154
712.4531376361847,2.025446062355652,1,6.125965665738364
712.5309324264526,2.015257092841363,1,6.131715345482994
712.6087305545807,2.0127098504627874,1,6.133152765419154
712.6850438117981,2.015257092841363,1,6.131715345482994
712.762776851654,2.0127098504627874,1,6.133152765419154
712.8417518138885,2.0127098504627874,1,6.133152765419154
712.9206523895264,2.0203515775985075,1,6.128840505610679
712.9967288970947,2.025446062355652,1,6.125965665738364
713.0750458240509,2.0127098504627874,1,6.133152765419154
713.1518001556396,2.0279933047342205,1,6.124528245802209
713.2308554649353,2.0101626080842188,1,6.134590185355309
713.3093826770782,2.025446062355652,1,6.125965665738364
713.3859956264496,2.0356350318699334,1,6.120215985993738
713.494163274765,2.0279933047342205,1,6.124528245802209
713.5712599754333,2.0203515775985075,1,6.128840505610679
713.6484541893005,2.025446062355652,1,6.125965665738364
713.7271394729614,2.0050681233270744,1,6.137465025227624
713.8064999580383,2.015257092841363,1,6.131715345482994
713.8836154937744,2.0178043352199317,1,6.130277925546839
713.960499048233,2.030540547112789,1,6.123090825866052
714.03737616539,2.025446062355652,1,6.125965665738364
714.1142945289612,2.033087789491365,1,6.1216534059298935
714.1917345523834,2.007615365705643,1,6.136027605291469
714.27001786232,2.015257092841363,1,6.131715345482994
714.3451969623566,2.015257092841363,1,6.131715345482994
714.4231178760529,2.0203515775985075,1,6.128840505610679
714.5024435520172,2.030540547112789,1,6.123090825866052
714.5791218280792,2.0101626080842188,1,6.134590185355309
714.658243894577,2.015257092841363,1,6.131715345482994
714.7340347766876,2.033087789491365,1,6.1216534059298935
714.811824798584,2.022898819977076,1,6.127403085674524
714.9235692024231,2.007615365705643,1,6.136027605291469
715.0006291866302,2.033087789491365,1,6.1216534059298935
715.0775425434113,2.0279933047342205,1,6.124528245802209
715.1553583145142,2.0203515775985075,1,6.128840505610679
715.2346744537354,2.025446062355652,1,6.125965665738364
715.3115212917328,2.025446062355652,1,6.125965665738364
715.3887317180634,2.0178043352199317,1,6.130277925546839
715.4645309448242,2.030540547112789,1,6.123090825866052
715.5406424999237,2.025446062355652,1,6.125965665738364
715.6185870170593,2.025446062355652,1,6.125965665738364
715.6984729766846,2.022898819977076,1,6.127403085674524
715.7744605541229,2.015257092841363,1,6.131715345482994
715.8540043830872,2.025446062355652,1,6.125965665738364
715.9301626682281,2.033087789491365,1,6.1216534059298935
716.006963968277,2.0101626080842188,1,6.134590185355309
716.0848999023438,2.025446062355652,1,6.125965665738364
716.1629092693329,2.022898819977076,1,6.127403085674524
716.2377178668976,2.0356350318699334,1,6.120215985993738
716.3316698074341,2.030540547112789,1,6.123090825866052
716.4103856086731,2.022898819977076,1,6.127403085674524
716.4872272014618,2.015257092841363,1,6.131715345482994
716.5644853115082,2.025446062355652,1,6.125965665738364
716.6416389942169,2.025446062355652,1,6.125965665738364
716.7176804542542,2.0279933047342205,1,6.124528245802209
716.7939796447754,2.0203515775985075,1,6.128840505610679
716.8726682662964,2.0050681233270744,1,6.137465025227624
716.9505231380463,2.0356350318699334,1,6.120215985993738
717.0301556587219,2.025446062355652,1,6.125965665738364
717.1069490909576,2.0203515775985075,1,6.128840505610679
717.1839294433594,2.0356350318699334,1,6.120215985993738
717.2609069347382,2.0279933047342205,1,6.124528245802209
717.3384065628052,2.0127098504627874,1,6.133152765419154
717.4151957035065,2.0203515775985075,1,6.128840505610679
717.4927403926849,2.0127098504627874,1,6.133152765419154
717.5692625045776,2.038182274248509,1,6.118778566057578
717.645977973938,2.0279933047342205,1,6.124528245802209
717.7397749423981,2.0127098504627874,1,6.133152765419154
717.8158578872681,2.0279933047342205,1,6.124528245802209
717.8907017707825,2.0203515775985075,1,6.128840505610679
717.9691195487976,2.033087789491365,1,6.1216534059298935
718.0459184646606,2.0279933047342205,1,6.124528245802209
718.1238703727722,2.025446062355652,1,6.125965665738364
718.1987936496735,2.015257092841363,1,6.131715345482994
718.2815563678741,2.025446062355652,1,6.125965665738364
718.3583583831787,2.022898819977076,1,6.127403085674524
718.4365766048431,2.025446062355652,1,6.125965665738364
718.5155889987946,2.0356350318699334,1,6.120215985993738
718.5919041633606,2.030540547112789,1,6.123090825866052
718.6709418296814,2.0279933047342205,1,6.124528245802209
718.7477803230286,2.0279933047342205,1,6.124528245802209
718.8262083530426,2.025446062355652,1,6.125965665738364
718.9042310714722,2.0203515775985075,1,6.128840505610679
718.9830048084259,2.025446062355652,1,6.125965665738364
719.0610611438751,2.025446062355652,1,6.125965665738364
719.1390645503998,2.033087789491365,1,6.1216534059298935
719.23295545578,2.038182274248509,1,6.118778566057578
719.309798002243,2.025446062355652,1,6.125965665738364
719.3867828845978,2.0279933047342205,1,6.124528245802209
719.4654853343964,2.022898819977076,1,6.127403085674524
719.5442914962769,2.0203515775985075,1,6.128840505610679
719.6220812797546,2.0356350318699334,1,6.120215985993738
719.6994030475616,2.0203515775985075,1,6.128840505610679
719.7781913280487,2.0203515775985075,1,6.128840505610679
719.856116771698,2.0279933047342205,1,6.124528245802209
719.93390583992,2.030540547112789,1,6.123090825866052
720.012167930603,2.0356350318699334,1,6.120215985993738
720.0889961719513,2.0279933047342205,1,6.124528245802209
720.1667466163635,2.033087789491365,1,6.1216534059298935
720.2454092502594,2.0203515775985075,1,6.128840505610679
720.323234796524,2.015257092841363,1,6.131715345482994
720.4010255336761,2.030540547112789,1,6.123090825866052
720.4788143634796,2.0356350318699334,1,6.120215985993738
720.555116891861,2.0279933047342205,1,6.124528245802209
720.66383934021,2.0432767590056535,1,6.115903726185263
720.7416350841522,2.0279933047342205,1,6.124528245802209
720.8193702697754,2.022898819977076,1,6.127403085674524
720.8952877521515,2.015257092841363,1,6.131715345482994
720.9730732440948,2.025446062355652,1,6.125965665738364
721.0515275001526,2.025446062355652,1,6.125965665738364
721.127338886261,2.022898819977076,1,6.127403085674524
721.2055759429932,2.025446062355652,1,6.125965665738364
721.2811872959137,2.0178043352199317,1,6.130277925546839
721.3581128120422,2.0203515775985075,1,6.128840505610679
721.4378361701965,2.030540547112789,1,6.123090825866052
721.5160171985626,2.025446062355652,1,6.125965665738364
721.5919835567474,2.0356350318699334,1,6.120215985993738
721.6857347488403,2.0356350318699334,1,6.120215985993738
721.7645947933197,2.0279933047342205,1,6.124528245802209
721.8419589996338,2.030540547112789,1,6.123090825866052
721.9191000461578,2.0279933047342205,1,6.124528245802209
721.9971339702606,2.045824001384222,1,6.114466306249108
722.1060404777527,2.015257092841363,1,6.131715345482994
722.1846907138824,2.022898819977076,1,6.127403085674524
722.2605633735657,2.025446062355652,1,6.125965665738364
722.3374083042145,2.033087789491365,1,6.1216534059298935
722.4152483940125,2.030540547112789,1,6.123090825866052
722.493070602417,2.025446062355652,1,6.125965665738364
722.5710370540619,2.022898819977076,1,6.127403085674524
722.6486189365387,2.038182274248509,1,6.118778566057578
722.7262623310089,2.015257092841363,1,6.131715345482994
722.8045735359192,2.025446062355652,1,6.125965665738364
722.8833575248718,2.015257092841363,1,6.131715345482994
722.9592697620392,2.030540547112789,1,6.123090825866052
723.0371294021606,2.025446062355652,1,6.125965665738364
723.1141703128815,2.025446062355652,1,6.125965665738364
723.1925518512726,2.015257092841363,1,6.131715345482994
723.2691023349762,2.038182274248509,1,6.118778566057578
723.3467319011688,2.022898819977076,1,6.127403085674524
723.4230794906616,2.015257092841363,1,6.131715345482994
723.5301864147186,2.038182274248509,1,6.118778566057578
723.6091430187225,2.0127098504627874,1,6.133152765419154
723.685070514679,2.0203515775985075,1,6.128840505610679
723.7647242546082,2.0203515775985075,1,6.128840505610679
723.8437302112579,2.022898819977076,1,6.127403085674524
723.9216916561127,2.0203515775985075,1,6.128840505610679
724.0000274181366,2.033087789491365,1,6.1216534059298935
724.0783619880676,2.033087789491365,1,6.1216534059298935
724.1540970802307,2.033087789491365,1,6.1216534059298935
724.2311334609985,2.040729516627078,1,6.117341146121422
724.3080070018768,2.0356350318699334,1,6.120215985993738
724.3838670253754,2.0356350318699334,1,6.120215985993738
724.4629619121552,2.0356350318699334,1,6.120215985993738
724.5410635471344,2.025446062355652,1,6.125965665738364
724.617210149765,2.040729516627078,1,6.117341146121422
724.6950354576111,2.030540547112789,1,6.123090825866052
724.7721569538116,2.022898819977076,1,6.127403085674524
724.8474628925323,2.0356350318699334,1,6.120215985993738
724.9231979846954,2.022898819977076,1,6.127403085674524
725.0319509506226,2.022898819977076,1,6.127403085674524
725.1087572574615,2.033087789491365,1,6.1216534059298935
725.1885752677917,2.025446062355652,1,6.125965665738364
725.2667269706726,2.0432767590056535,1,6.115903726185263
725.3435363769531,2.030540547112789,1,6.123090825866052
725.4225826263428,2.0178043352199317,1,6.130277925546839
725.499443769455,2.040729516627078,1,6.117341146121422
725.5762732028961,2.0356350318699334,1,6.120215985993738
725.6554930210114,2.030540547112789,1,6.123090825866052
725.7327349185944,2.0356350318699334,1,6.120215985993738
725.8091864585876,2.030540547112789,1,6.123090825866052
725.8855488300323,2.0356350318699334,1,6.120215985993738
725.9645388126373,2.030540547112789,1,6.123090825866052
726.0414547920227,2.0356350318699334,1,6.120215985993738
726.1192743778229,2.0356350318699334,1,6.120215985993738
726.195969581604,2.040729516627078,1,6.117341146121422
726.27272772789,2.033087789491365,1,6.1216534059298935
726.3525700569153,2.0356350318699334,1,6.120215985993738
726.4480211734772,2.0432767590056535,1,6.115903726185263
726.5246131420135,2.038182274248509,1,6.118778566057578
726.6022574901581,2.045824001384222,1,6.114466306249108
726.681090593338,2.0279933047342205,1,6.124528245802209
726.757527589798,2.033087789491365,1,6.1216534059298935
726.834659576416,2.0432767590056535,1,6.115903726185263
726.9138269424438,2.038182274248509,1,6.118778566057578
726.9907524585724,2.0279933047342205,1,6.124528245802209
727.0687489509583,2.040729516627078,1,6.117341146121422
727.1468074321747,2.0432767590056535,1,6.115903726185263
727.2237446308136,2.040729516627078,1,6.117341146121422
727.3027708530426,2.0279933047342205,1,6.124528245802209
727.3805723190308,2.0432767590056535,1,6.115903726185263
727.4573881626129,2.0356350318699334,1,6.120215985993738
727.535046339035,2.038182274248509,1,6.118778566057578
727.613475561142,2.040729516627078,1,6.117341146121422
727.6903195381165,2.030540547112789,1,6.123090825866052
727.7681427001953,2.0432767590056535,1,6.115903726185263
727.8630328178406,2.0509184861413665,1,6.111591466376792
727.940851688385,2.045824001384222,1,6.114466306249108
728.017373085022,2.033087789491365,1,6.1216534059298935
728.0952250957489,2.038182274248509,1,6.118778566057578
728.1733767986298,2.040729516627078,1,6.117341146121422
728.2511339187622,2.0534657285199422,1,6.110154046440633
728.3282721042633,2.0356350318699334,1,6.120215985993738
728.4059381484985,2.0432767590056535,1,6.115903726185263
728.499039888382,2.048371243762798,1,6.113028886312948
728.5759329795837,2.0279933047342205,1,6.124528245802209
728.6531891822815,2.0432767590056535,1,6.115903726185263
728.7307226657867,2.033087789491365,1,6.1216534059298935
728.8074188232422,2.0356350318699334,1,6.120215985993738
728.8841700553894,2.0432767590056535,1,6.115903726185263
728.9620079994202,2.0356350318699334,1,6.120215985993738
729.0377299785614,2.040729516627078,1,6.117341146121422
729.1137692928314,2.045824001384222,1,6.114466306249108
729.1910536289215,2.0432767590056535,1,6.115903726185263
729.2833368778229,2.040729516627078,1,6.117341146121422
729.3613977432251,2.0356350318699334,1,6.120215985993738
729.4383800029755,2.0432767590056535,1,6.115903726185263
729.51402592659,2.0279933047342205,1,6.124528245802209
729.5926580429077,2.040729516627078,1,6.117341146121422
729.6714470386505,2.040729516627078,1,6.117341146121422
729.7472968101501,2.045824001384222,1,6.114466306249108
729.8239817619324,2.0356350318699334,1,6.120215985993738
729.9029715061188,2.0432767590056535,1,6.115903726185263
729.9778900146484,2.033087789491365,1,6.1216534059298935
730.0560922622681,2.040729516627078,1,6.117341146121422
730.1339542865753,2.0356350318699334,1,6.120215985993738
730.2099995613098,2.0279933047342205,1,6.124528245802209
730.2879037857056,2.0509184861413665,1,6.111591466376792
730.3669009208679,2.0509184861413665,1,6.111591466376792
730.4427347183228,2.0356350318699334,1,6.120215985993738
730.5217576026917,2.0534657285199422,1,6.110154046440633
730.5986406803131,2.045824001384222,1,6.114466306249108
730.674232006073,2.0356350318699334,1,6.120215985993738
730.7829079627991,2.045824001384222,1,6.114466306249108
730.8605811595917,2.033087789491365,1,6.1216534059298935
730.9369051456451,2.038182274248509,1,6.118778566057578
731.0152621269226,2.0432767590056535,1,6.115903726185263
731.0935153961182,2.0356350318699334,1,6.120215985993738
731.1693544387817,2.038182274248509,1,6.118778566057578
731.2466514110565,2.0356350318699334,1,6.120215985993738
731.3249533176422,2.040729516627078,1,6.117341146121422
731.3996198177338,2.0509184861413665,1,6.111591466376792
731.477481842041,2.038182274248509,1,6.118778566057578
731.5547111034393,2.045824001384222,1,6.114466306249108
731.6305773258209,2.048371243762798,1,6.113028886312948
731.7083342075348,2.038182274248509,1,6.118778566057578
731.7881481647491,2.0432767590056535,1,6.115903726185263
731.8639485836029,2.045824001384222,1,6.114466306249108
731.9389176368713,2.040729516627078,1,6.117341146121422
732.0161526203156,2.0432767590056535,1,6.115903726185263
732.0919678211212,2.038182274248509,1,6.118778566057578
732.1878392696381,2.045824001384222,1,6.114466306249108
732.2670023441315,2.045824001384222,1,6.114466306249108
732.3427217006683,2.0356350318699334,1,6.120215985993738
732.4217674732208,2.0356350318699334,1,6.120215985993738
732.4988207817078,2.045824001384222,1,6.114466306249108
732.575520992279,2.056012970898511,1,6.108716626504478
732.6553454399109,2.045824001384222,1,6.114466306249108
732.7346324920654,2.045824001384222,1,6.114466306249108
732.8115482330322,2.045824001384222,1,6.114466306249108
732.8907415866852,2.045824001384222,1,6.114466306249108
732.9679048061371,2.048371243762798,1,6.113028886312948
733.0437576770782,2.030540547112789,1,6.123090825866052
733.1216185092926,2.040729516627078,1,6.117341146121422
733.2000875473022,2.0509184861413665,1,6.111591466376792
733.2760417461395,2.0509184861413665,1,6.111591466376792
733.3547852039337,2.0356350318699334,1,6.120215985993738
733.4329442977905,2.040729516627078,1,6.117341146121422
733.5087625980377,2.038182274248509,1,6.118778566057578
733.6189496517181,2.0432767590056535,1,6.115903726185263
733.6957476139069,2.0432767590056535,1,6.115903726185263
733.7728984355927,2.040729516627078,1,6.117341146121422
733.8521566390991,2.0432767590056535,1,6.115903726185263
733.9291081428528,2.0356350318699334,1,6.120215985993738
734.0051398277283,2.0432767590056535,1,6.115903726185263
734.0808634757996,2.033087789491365,1,6.1216534059298935
734.1596584320068,2.0432767590056535,1,6.115903726185263
734.2500569820404,2.045824001384222,1,6.114466306249108
734.3283898830414,2.0432767590056535,1,6.115903726185263
734.4068877696991,2.0432767590056535,1,6.115903726185263
734.4842467308044,2.0662019404127996,1,6.102966946759848
734.5628809928894,2.0585602132770795,1,6.107279206568322
734.639675617218,2.040729516627078,1,6.117341146121422
734.7184104919434,2.038182274248509,1,6.118778566057578
734.7964532375336,2.0509184861413665,1,6.111591466376792
734.8740019798279,2.045824001384222,1,6.114466306249108
734.9525740146637,2.038182274248509,1,6.118778566057578
735.0604746341705,2.030540547112789,1,6.123090825866052
735.1376917362213,2.038182274248509,1,6.118778566057578
735.2164309024811,2.0534657285199422,1,6.110154046440633
735.2949073314667,2.048371243762798,1,6.113028886312948
735.3726990222931,2.0432767590056535,1,6.115903726185263
735.450493812561,2.038182274248509,1,6.118778566057578
735.530282497406,2.030540547112789,1,6.123090825866052
735.6078534126282,2.040729516627078,1,6.117341146121422
735.6870701313019,2.0432767590056535,1,6.115903726185263
735.7667715549469,2.038182274248509,1,6.118778566057578
735.8436367511749,2.038182274248509,1,6.118778566057578
735.921225309372,2.048371243762798,1,6.113028886312948
735.9992496967316,2.0432767590056535,1,6.115903726185263
736.075407743454,2.040729516627078,1,6.117341146121422
736.1548542976379,2.0356350318699334,1,6.120215985993738
736.2322330474854,2.033087789491365,1,6.1216534059298935
736.3090510368347,2.033087789491365,1,6.1216534059298935
736.3859896659851,2.045824001384222,1,6.114466306249108
736.4639294147491,2.0356350318699334,1,6.120215985993738
736.5716741085052,2.0432767590056535,1,6.115903726185263
736.6495997905731,2.045824001384222,1,6.114466306249108
736.7295336723328,2.048371243762798,1,6.113028886312948
736.8065183162689,2.0356350318699334,1,6.120215985993738
736.8836777210236,2.0585602132770795,1,6.107279206568322
736.9616134166718,2.030540547112789,1,6.123090825866052
737.038393497467,2.0534657285199422,1,6.110154046440633
737.1157095432281,2.038182274248509,1,6.118778566057578
737.1956157684326,2.022898819977076,1,6.127403085674524
737.2734272480011,2.0356350318699334,1,6.120215985993738
737.353098154068,2.038182274248509,1,6.118778566057578
737.4317951202393,2.040729516627078,1,6.117341146121422
737.5086395740509,2.038182274248509,1,6.118778566057578
737.5864641666412,2.0432767590056535,1,6.115903726185263
737.6638724803925,2.048371243762798,1,6.113028886312948
737.7407989501953,2.045824001384222,1,6.114466306249108
737.8188982009888,2.056012970898511,1,6.108716626504478
737.8977127075195,2.0509184861413665,1,6.111591466376792
738.00474858284,2.0585602132770795,1,6.107279206568322
738.0816788673401,2.048371243762798,1,6.113028886312948
738.157383441925,2.048371243762798,1,6.113028886312948
738.2339768409729,2.0509184861413665,1,6.111591466376792
738.3128888607025,2.045824001384222,1,6.114466306249108
738.3904409408569,2.0356350318699334,1,6.120215985993738
738.4680335521698,2.045824001384222,1,6.114466306249108
738.5479142665863,2.048371243762798,1,6.113028886312948
738.6250190734863,2.038182274248509,1,6.118778566057578
738.703839302063,2.030540547112789,1,6.123090825866052
738.7809319496155,2.0534657285199422,1,6.110154046440633
738.8587539196014,2.045824001384222,1,6.114466306249108
738.9369683265686,2.056012970898511,1,6.108716626504478
739.0152499675751,2.056012970898511,1,6.108716626504478
739.0936477184296,2.056012970898511,1,6.108716626504478
739.1694092750549,2.045824001384222,1,6.114466306249108
739.2480335235596,2.048371243762798,1,6.113028886312948
739.3263354301453,2.040729516627078,1,6.117341146121422
739.4206159114838,2.040729516627078,1,6.117341146121422
739.4972038269043,2.0509184861413665,1,6.111591466376792
739.5734481811523,2.0432767590056535,1,6.115903726185263
739.6530802249908,2.056012970898511,1,6.108716626504478
739.7310585975647,2.056012970898511,1,6.108716626504478
739.8072712421417,2.0356350318699334,1,6.120215985993738
739.8870594501495,2.0585602132770795,1,6.107279206568322
739.9645717144012,2.056012970898511,1,6.108716626504478
740.0430843830109,2.0509184861413665,1,6.111591466376792
740.1205596923828,2.0585602132770795,1,6.107279206568322
740.1983547210693,2.071296425169944,1,6.100092106887532
740.2754113674164,2.045824001384222,1,6.114466306249108
740.3540563583374,2.0432767590056535,1,6.115903726185263
740.4333612918854,2.048371243762798,1,6.113028886312948
740.5111918449402,2.048371243762798,1,6.113028886312948
740.5900640487671,2.045824001384222,1,6.114466306249108
740.6673002243042,2.0534657285199422,1,6.110154046440633
740.7431044578552,2.0432767590056535,1,6.115903726185263
740.8529462814331,2.045824001384222,1,6.114466306249108
740.9325368404388,2.056012970898511,1,6.108716626504478
741.0103497505188,2.0432767590056535,1,6.115903726185263
741.0901734828949,2.0432767590056535,1,6.115903726185263
741.1690394878387,2.056012970898511,1,6.108716626504478
741.2452590465546,2.0534657285199422,1,6.110154046440633
741.3230509757996,2.0534657285199422,1,6.110154046440633
741.4005901813507,2.045824001384222,1,6.114466306249108
741.4759039878845,2.040729516627078,1,6.117341146121422
741.5539326667786,2.045824001384222,1,6.114466306249108
741.6336877346039,2.0662019404127996,1,6.102966946759848
741.7114839553833,2.0585602132770795,1,6.107279206568322
741.788537979126,2.045824001384222,1,6.114466306249108
741.8663487434387,2.056012970898511,1,6.108716626504478
741.9432084560394,2.063654698034224,1,6.104404366696007
742.0204989910126,2.040729516627078,1,6.117341146121422
742.0998163223267,2.045824001384222,1,6.114466306249108
742.1915760040283,2.045824001384222,1,6.114466306249108
742.2715394496918,2.056012970898511,1,6.108716626504478
742.3786265850067,2.0509184861413665,1,6.111591466376792
742.4555623531342,2.0432767590056535,1,6.115903726185263
742.5316421985626,2.0662019404127996,1,6.102966946759848
742.6084613800049,2.0534657285199422,1,6.110154046440633
742.6844484806061,2.048371243762798,1,6.113028886312948
742.7614347934723,2.0585602132770795,1,6.107279206568322
742.8403453826904,2.0432767590056535,1,6.115903726185263
742.9186375141144,2.0356350318699334,1,6.120215985993738
742.9959752559662,2.0611074556556552,1,6.105841786632162
743.0738091468811,2.040729516627078,1,6.117341146121422
743.1508152484894,2.0432767590056535,1,6.115903726185263
743.2299118041992,2.063654698034224,1,6.104404366696007
743.3057055473328,2.040729516627078,1,6.117341146121422
743.3830003738403,2.0662019404127996,1,6.102966946759848
743.4599912166595,2.0585602132770795,1,6.107279206568322
743.5387272834778,2.038182274248509,1,6.118778566057578
743.6155495643616,2.0585602132770795,1,6.107279206568322
743.6939647197723,2.045824001384222,1,6.114466306249108
743.8029482364655,2.045824001384222,1,6.114466306249108
743.880743265152,2.045824001384222,1,6.114466306249108
743.9580504894257,2.0509184861413665,1,6.111591466376792
744.036016702652,2.0432767590056535,1,6.115903726185263
744.1130290031433,2.056012970898511,1,6.108716626504478
744.1909711360931,2.048371243762798,1,6.113028886312948
744.2663159370422,2.0509184861413665,1,6.111591466376792
744.3441078662872,2.068749182791368,1,6.1015295268236915
744.4237496852875,2.0534657285199422,1,6.110154046440633
744.4990177154541,2.0509184861413665,1,6.111591466376792
744.5781991481781,2.056012970898511,1,6.108716626504478
744.6578011512756,2.056012970898511,1,6.108716626504478
744.7339675426483,2.045824001384222,1,6.114466306249108
744.8131532669067,2.056012970898511,1,6.108716626504478
744.8900327682495,2.040729516627078,1,6.117341146121422
744.9669251441956,2.048371243762798,1,6.113028886312948
745.0442073345184,2.0611074556556552,1,6.105841786632162
745.1239671707153,2.038182274248509,1,6.118778566057578
745.2178275585175,2.0534657285199422,1,6.110154046440633
745.2955453395844,2.063654698034224,1,6.104404366696007
745.373975276947,2.0534657285199422,1,6.110154046440633
745.4511947631836,2.0534657285199422,1,6.110154046440633
745.5309977531433,2.0662019404127996,1,6.102966946759848
745.609542131424,2.0534657285199422,1,6.110154046440633
745.6865992546082,2.040729516627078,1,6.117341146121422
745.7642650604248,2.063654698034224,1,6.104404366696007
745.8410243988037,2.0611074556556552,1,6.105841786632162
745.9182510375977,2.0432767590056535,1,6.115903726185263
745.996173620224,2.071296425169944,1,6.100092106887532
746.0750710964203,2.056012970898511,1,6.108716626504478
746.1524503231049,2.0534657285199422,1,6.110154046440633
746.2300271987915,2.0585602132770795,1,6.107279206568322
746.3069543838501,2.0509184861413665,1,6.111591466376792
746.3839404582977,2.0534657285199422,1,6.110154046440633
746.462828874588,2.0585602132770795,1,6.107279206568322
746.541746377945,2.0662019404127996,1,6.102966946759848
746.650554895401,2.056012970898511,1,6.108716626504478
746.7293424606323,2.0662019404127996,1,6.102966946759848
746.8082778453827,2.0611074556556552,1,6.105841786632162
746.8870527744293,2.0534657285199422,1,6.110154046440633
746.9661512374878,2.0662019404127996,1,6.102966946759848
747.043821811676,2.0509184861413665,1,6.111591466376792
747.1206960678101,2.0509184861413665,1,6.111591466376792
747.2001044750214,2.0585602132770795,1,6.107279206568322
747.2787659168243,2.0662019404127996,1,6.102966946759848
747.3563075065613,2.045824001384222,1,6.114466306249108
747.4336612224579,2.0509184861413665,1,6.111591466376792
747.5107278823853,2.0585602132770795,1,6.107279206568322
747.5886981487274,2.045824001384222,1,6.114466306249108
747.6665661334991,2.0534657285199422,1,6.110154046440633
747.7451944351196,2.056012970898511,1,6.108716626504478
747.8229491710663,2.0432767590056535,1,6.115903726185263
747.9018981456757,2.045824001384222,1,6.114466306249108
747.9808537960052,2.056012970898511,1,6.108716626504478
748.058842420578,2.0534657285199422,1,6.110154046440633
748.1678183078766,2.056012970898511,1,6.108716626504478
748.2441635131836,2.0611074556556552,1,6.105841786632162
748.3230032920837,2.0509184861413665,1,6.111591466376792
748.4010698795319,2.0585602132770795,1,6.107279206568322
748.4778990745544,2.0585602132770795,1,6.107279206568322
748.5548470020294,2.040729516627078,1,6.117341146121422
748.6345040798187,2.040729516627078,1,6.117341146121422
748.7113230228424,2.0534657285199422,1,6.110154046440633
748.7876691818237,2.0585602132770795,1,6.107279206568322
748.8667922019958,2.0611074556556552,1,6.105841786632162
748.9437351226807,2.063654698034224,1,6.104404366696007
749.0334498882294,2.0611074556556552,1,6.105841786632162
749.1123321056366,2.0662019404127996,1,6.102966946759848
749.1890621185303,2.0534657285199422,1,6.110154046440633
749.2680423259735,2.0509184861413665,1,6.111591466376792
749.344996213913,2.071296425169944,1,6.100092106887532
749.4229483604431,2.063654698034224,1,6.104404366696007
749.5007367134094,2.056012970898511,1,6.108716626504478
749.6103270053864,2.0509184861413665,1,6.111591466376792
749.6871902942657,2.0432767590056535,1,6.115903726185263
749.765242099762,2.063654698034224,1,6.104404366696007
749.8441894054413,2.0611074556556552,1,6.105841786632162
749.9221727848053,2.063654698034224,1,6.104404366696007
750.0002727508545,2.0509184861413665,1,6.111591466376792
750.0771915912628,2.068749182791368,1,6.1015295268236915
750.1698982715607,2.048371243762798,1,6.113028886312948
750.264034986496,2.0662019404127996,1,6.102966946759848
750.3410098552704,2.0662019404127996,1,6.102966946759848
750.4192035198212,2.0509184861413665,1,6.111591466376792
750.4973833560944,2.0585602132770795,1,6.107279206568322
750.5741798877716,2.063654698034224,1,6.104404366696007
750.6532623767853,2.0662019404127996,1,6.102966946759848
750.7309679985046,2.0585602132770795,1,6.107279206568322
750.8081917762756,2.063654698034224,1,6.104404366696007
750.8868012428284,2.0662019404127996,1,6.102966946759848
750.9654231071472,2.056012970898511,1,6.108716626504478
751.0735538005829,2.0534657285199422,1,6.110154046440633
751.1533486843109,2.0534657285199422,1,6.110154046440633
751.2312264442444,2.068749182791368,1,6.1015295268236915
751.3100111484528,2.063654698034224,1,6.104404366696007
751.3869998455048,2.056012970898511,1,6.108716626504478
751.4646508693695,2.0534657285199422,1,6.110154046440633
751.5420095920563,2.071296425169944,1,6.100092106887532
751.6203753948212,2.056012970898511,1,6.108716626504478
751.698655128479,2.0534657285199422,1,6.110154046440633
751.7752523422241,2.071296425169944,1,6.100092106887532
751.8530340194702,2.0662019404127996,1,6.102966946759848
751.9308972358704,2.0585602132770795,1,6.107279206568322
752.0081579685211,2.068749182791368,1,6.1015295268236915
752.0860280990601,2.0534657285199422,1,6.110154046440633
752.1658766269684,2.0585602132770795,1,6.107279206568322
752.2438082695007,2.063654698034224,1,6.104404366696007
752.3228676319122,2.0662019404127996,1,6.102966946759848
752.4026627540588,2.045824001384222,1,6.114466306249108
752.526079416275,2.0611074556556552,1,6.105841786632162
752.6058135032654,2.063654698034224,1,6.104404366696007
752.6826615333557,2.0611074556556552,1,6.105841786632162
752.7595322132111,2.063654698034224,1,6.104404366696007
752.8368425369263,2.063654698034224,1,6.104404366696007
752.914192199707,2.0611074556556552,1,6.105841786632162
752.9917995929718,2.063654698034224,1,6.104404366696007
753.0705041885376,2.0738436675485126,1,6.0986546869513765
753.1475415229797,2.0738436675485126,1,6.0986546869513765
753.225644826889,2.0738436675485126,1,6.0986546869513765
753.3050882816315,2.0662019404127996,1,6.102966946759848
753.382958650589,2.068749182791368,1,6.1015295268236915
753.4617989063263,2.071296425169944,1,6.100092106887532
753.5408174991608,2.063654698034224,1,6.104404366696007
753.6341361999512,2.063654698034224,1,6.104404366696007
753.7123420238495,2.068749182791368,1,6.1015295268236915
753.7884693145752,2.0763909099270883,1,6.097217267015218
753.8655097484589,2.0509184861413665,1,6.111591466376792
753.9418749809265,2.0738436675485126,1,6.0986546869513765
754.037103176117,2.0662019404127996,1,6.102966946759848
754.1139709949493,2.0738436675485126,1,6.0986546869513765
754.1917386054993,2.078938152305657,1,6.095779847079061
754.2682197093964,2.0585602132770795,1,6.107279206568322
754.3445224761963,2.0662019404127996,1,6.102966946759848
754.423210144043,2.0763909099270883,1,6.097217267015218
754.4990158081055,2.056012970898511,1,6.108716626504478
754.5764074325562,2.071296425169944,1,6.100092106887532
754.6530544757843,2.08657987944137,1,6.091467587270591
754.7323517799377,2.0611074556556552,1,6.105841786632162
754.8100624084473,2.0662019404127996,1,6.102966946759848
754.8872170448303,2.056012970898511,1,6.108716626504478
754.9640097618103,2.0763909099270883,1,6.097217267015218
755.0410363674164,2.0763909099270883,1,6.097217267015218
755.1173851490021,2.068749182791368,1,6.1015295268236915
755.1949903964996,2.08657987944137,1,6.091467587270591
755.2733886241913,2.078938152305657,1,6.095779847079061
755.3506100177765,2.0738436675485126,1,6.0986546869513765
755.4439697265625,2.0840326370628013,1,6.092905007206746
755.5227816104889,2.078938152305657,1,6.095779847079061
755.6013131141663,2.0738436675485126,1,6.0986546869513765
755.679256439209,2.068749182791368,1,6.1015295268236915
755.7571196556091,2.0840326370628013,1,6.092905007206746
755.8342146873474,2.0611074556556552,1,6.105841786632162
755.913074016571,2.071296425169944,1,6.100092106887532
755.9911468029022,2.0814853946842327,1,6.094342427142902
756.0710270404816,2.0891271218199456,1,6.090030167334431
756.1499435901642,2.0662019404127996,1,6.102966946759848
756.2266397476196,2.071296425169944,1,6.100092106887532
756.3040652275085,2.0611074556556552,1,6.105841786632162
756.3806707859039,2.0611074556556552,1,6.105841786632162
756.4566781520844,2.0814853946842327,1,6.094342427142902
756.5365128517151,2.0611074556556552,1,6.105841786632162
756.6137626171112,2.0585602132770795,1,6.107279206568322
756.6909728050232,2.030540547112789,1,6.123090825866052
756.7683999538422,2.063654698034224,1,6.104404366696007
756.8753924369812,2.0738436675485126,1,6.0986546869513765
756.9539539813995,2.071296425169944,1,6.100092106887532
757.0327427387238,2.0534657285199422,1,6.110154046440633
757.1089768409729,2.0662019404127996,1,6.102966946759848
757.187017917633,2.071296425169944,1,6.100092106887532
757.2661323547363,2.068749182791368,1,6.1015295268236915
757.3441174030304,2.0814853946842327,1,6.094342427142902
757.4210953712463,2.071296425169944,1,6.100092106887532
757.4997601509094,2.063654698034224,1,6.104404366696007
757.5768568515778,2.0763909099270883,1,6.097217267015218
757.6536958217621,2.071296425169944,1,6.100092106887532
757.7317178249359,2.0738436675485126,1,6.0986546869513765
757.8075845241547,2.0738436675485126,1,6.0986546869513765
757.8855090141296,2.068749182791368,1,6.1015295268236915
757.9620244503021,2.068749182791368,1,6.1015295268236915
758.038866519928,2.078938152305657,1,6.095779847079061
758.1172819137573,2.0662019404127996,1,6.102966946759848
758.2120320796967,2.068749182791368,1,6.1015295268236915
758.319730758667,2.0763909099270883,1,6.097217267015218
758.3996157646179,2.063654698034224,1,6.104404366696007
758.4782526493073,2.0763909099270883,1,6.097217267015218
758.5546729564667,2.068749182791368,1,6.1015295268236915
758.6316595077515,2.0611074556556552,1,6.105841786632162
758.7084498405457,2.0738436675485126,1,6.0986546869513765
758.7860765457153,2.068749182791368,1,6.1015295268236915
758.8638730049133,2.068749182791368,1,6.1015295268236915
758.9407255649567,2.08657987944137,1,6.091467587270591
759.0187392234802,2.0763909099270883,1,6.097217267015218
759.0955839157104,2.078938152305657,1,6.095779847079061
759.1732943058014,2.056012970898511,1,6.108716626504478
759.2510857582092,2.0738436675485126,1,6.0986546869513765
759.3438374996185,2.0738436675485126,1,6.0986546869513765
759.4198021888733,2.071296425169944,1,6.100092106887532
759.4989929199219,2.068749182791368,1,6.1015295268236915
759.5788948535919,2.0585602132770795,1,6.107279206568322
759.6548271179199,2.0738436675485126,1,6.0986546869513765
759.7338371276855,2.0534657285199422,1,6.110154046440633
759.8408691883087,2.071296425169944,1,6.100092106887532
759.9181849956512,2.0662019404127996,1,6.102966946759848
759.9949576854706,2.0662019404127996,1,6.102966946759848
760.0717957019806,2.0738436675485126,1,6.0986546869513765
760.1495869159698,2.0534657285199422,1,6.110154046440633
760.2279546260834,2.068749182791368,1,6.1015295268236915
760.303959608078,2.0738436675485126,1,6.0986546869513765
760.3837232589722,2.0534657285199422,1,6.110154046440633
760.4766974449158,2.0611074556556552,1,6.105841786632162
760.5534942150116,2.078938152305657,1,6.095779847079061
760.6317620277405,2.071296425169944,1,6.100092106887532
760.7108309268951,2.0738436675485126,1,6.0986546869513765
760.7892990112305,2.068749182791368,1,6.1015295268236915
760.8653092384338,2.056012970898511,1,6.108716626504478
760.9411036968231,2.0738436675485126,1,6.0986546869513765
761.0201499462128,2.0763909099270883,1,6.097217267015218
761.0950393676758,2.068749182791368,1,6.1015295268236915
761.173850774765,2.078938152305657,1,6.095779847079061
761.2679045200348,2.0763909099270883,1,6.097217267015218
761.34579205513,2.063654698034224,1,6.104404366696007
761.4250586032867,2.071296425169944,1,6.100092106887532
761.5026986598969,2.0814853946842327,1,6.094342427142902
761.5804936885834,2.071296425169944,1,6.100092106887532
761.6585659980774,2.0662019404127996,1,6.102966946759848
761.7365276813507,2.08657987944137,1,6.091467587270591
761.8131477832794,2.063654698034224,1,6.104404366696007
761.8910374641418,2.0763909099270883,1,6.097217267015218
761.96781873703,2.0662019404127996,1,6.102966946759848
762.04660820961,2.0738436675485126,1,6.0986546869513765
762.1253962516785,2.078938152305657,1,6.095779847079061
762.204824924469,2.071296425169944,1,6.100092106887532
762.281311750412,2.068749182791368,1,6.1015295268236915
762.3608503341675,2.078938152305657,1,6.095779847079061
762.4379777908325,2.0738436675485126,1,6.0986546869513765
762.5150864124298,2.0840326370628013,1,6.092905007206746
762.6091365814209,2.0738436675485126,1,6.0986546869513765
762.6860589981079,2.0840326370628013,1,6.092905007206746
762.7629702091217,2.0763909099270883,1,6.097217267015218
762.8400433063507,2.08657987944137,1,6.091467587270591
762.9172291755676,2.0738436675485126,1,6.0986546869513765
762.996942281723,2.0662019404127996,1,6.102966946759848
763.0759756565094,2.0840326370628013,1,6.092905007206746
763.1528680324554,2.063654698034224,1,6.104404366696007
763.2317762374878,2.0738436675485126,1,6.0986546869513765
763.3095247745514,2.0662019404127996,1,6.102966946759848
763.3857860565186,2.078938152305657,1,6.095779847079061
763.465738773346,2.071296425169944,1,6.100092106887532
763.54465508461,2.068749182791368,1,6.1015295268236915
763.6214790344238,2.0763909099270883,1,6.097217267015218
763.7013931274414,2.078938152305657,1,6.095779847079061
763.7792062759399,2.068749182791368,1,6.1015295268236915
763.8719580173492,2.0814853946842327,1,6.094342427142902
763.9496638774872,2.071296425169944,1,6.100092106887532
764.0451850891113,2.0738436675485126,1,6.0986546869513765
764.1226680278778,2.08657987944137,1,6.091467587270591
764.1996791362762,2.078938152305657,1,6.095779847079061
764.2786123752594,2.0840326370628013,1,6.092905007206746
764.3555793762207,2.08657987944137,1,6.091467587270591
764.4324293136597,2.0763909099270883,1,6.097217267015218
764.5116257667542,2.0814853946842327,1,6.094342427142902
764.588457107544,2.08657987944137,1,6.091467587270591
764.6662743091583,2.0763909099270883,1,6.097217267015218
764.7460703849792,2.0738436675485126,1,6.0986546869513765
764.8218595981598,2.078938152305657,1,6.095779847079061
764.9006433486938,2.0738436675485126,1,6.0986546869513765
764.9783892631531,2.08657987944137,1,6.091467587270591
765.0548391342163,2.08657987944137,1,6.091467587270591
765.132465839386,2.0738436675485126,1,6.0986546869513765
765.2097535133362,2.0814853946842327,1,6.094342427142902
765.2869019508362,2.0840326370628013,1,6.092905007206746
765.3949327468872,2.0763909099270883,1,6.097217267015218
765.470803976059,2.0763909099270883,1,6.097217267015218
765.5490207672119,2.068749182791368,1,6.1015295268236915
765.6266946792603,2.08657987944137,1,6.091467587270591
765.7049837112427,2.0763909099270883,1,6.097217267015218
765.7806422710419,2.068749182791368,1,6.1015295268236915
765.8595383167267,2.08657987944137,1,6.091467587270591
765.9361636638641,2.08657987944137,1,6.091467587270591
766.0128688812256,2.0738436675485126,1,6.0986546869513765
766.0898072719574,2.0814853946842327,1,6.094342427142902
766.1685786247253,2.078938152305657,1,6.095779847079061
766.2458822727203,2.0611074556556552,1,6.105841786632162
766.3216984272003,2.0891271218199456,1,6.090030167334431
766.3996605873108,2.071296425169944,1,6.100092106887532
766.4772610664368,2.071296425169944,1,6.100092106887532
766.5541040897369,2.071296425169944,1,6.100092106887532
766.6320219039917,2.0611074556556552,1,6.105841786632162
766.7407586574554,2.08657987944137,1,6.091467587270591
766.8160309791565,2.068749182791368,1,6.1015295268236915
766.8940131664276,2.0891271218199456,1,6.090030167334431
766.9729471206665,2.0891271218199456,1,6.090030167334431
767.0491774082184,2.0814853946842327,1,6.094342427142902
767.1260721683502,2.078938152305657,1,6.095779847079061
767.2037217617035,2.0763909099270883,1,6.097217267015218
767.2805168628693,2.0763909099270883,1,6.097217267015218
767.3566660881042,2.0993160913342344,1,6.084280487589801
767.4345643520355,2.071296425169944,1,6.100092106887532
767.5114114284515,2.08657987944137,1,6.091467587270591
767.5912737846375,2.0967688489556586,1,6.085717907525961
767.6693696975708,2.0814853946842327,1,6.094342427142902
767.7460820674896,2.0840326370628013,1,6.092905007206746
767.8240284919739,2.0916743641985143,1,6.088592747398276
767.9029288291931,2.08657987944137,1,6.091467587270591
767.9791483879089,2.08657987944137,1,6.091467587270591
768.0586478710175,2.078938152305657,1,6.095779847079061
768.1660125255585,2.063654698034224,1,6.104404366696007
768.2435297966003,2.0738436675485126,1,6.0986546869513765
768.3218557834625,2.08657987944137,1,6.091467587270591
768.4016635417938,2.08657987944137,1,6.091467587270591
768.4782087802887,2.0814853946842327,1,6.094342427142902
768.5571889877319,2.08657987944137,1,6.091467587270591
768.6329853534698,2.078938152305657,1,6.095779847079061
768.711663722992,2.0840326370628013,1,6.092905007206746
768.7887575626373,2.08657987944137,1,6.091467587270591
768.8657836914062,2.0738436675485126,1,6.0986546869513765
768.9416244029999,2.0840326370628013,1,6.092905007206746
769.0187797546387,2.09422160657709,1,6.087155327462117
769.0963430404663,2.0814853946842327,1,6.094342427142902
769.1754245758057,2.0763909099270883,1,6.097217267015218
769.2532179355621,2.0738436675485126,1,6.0986546869513765
769.3302235603333,2.071296425169944,1,6.100092106887532
769.40611577034,2.078938152305657,1,6.095779847079061
769.516450881958,2.0814853946842327,1,6.094342427142902
769.5934982299805,2.08657987944137,1,6.091467587270591
769.6710340976715,2.0763909099270883,1,6.097217267015218
769.7494194507599,2.0738436675485126,1,6.0986546869513765
769.8274784088135,2.08657987944137,1,6.091467587270591
769.9063155651093,2.09422160657709,1,6.087155327462117
769.9851303100586,2.0738436675485126,1,6.0986546869513765
770.0613327026367,2.08657987944137,1,6.091467587270591
770.1391954421997,2.0840326370628013,1,6.092905007206746
770.2185227870941,2.0840326370628013,1,6.092905007206746
770.2958850860596,2.08657987944137,1,6.091467587270591
770.3746540546417,2.0891271218199456,1,6.090030167334431
770.4541091918945,2.09422160657709,1,6.087155327462117
770.5303807258606,2.0763909099270883,1,6.097217267015218
770.6081290245056,2.0916743641985143,1,6.088592747398276
770.6859555244446,2.0840326370628013,1,6.092905007206746
770.7637028694153,2.0814853946842327,1,6.094342427142902
770.8719062805176,2.0763909099270883,1,6.097217267015218
770.9509973526001,2.08657987944137,1,6.091467587270591
771.0288062095642,2.08657987944137,1,6.091467587270591
771.1085443496704,2.0763909099270883,1,6.097217267015218
771.1870300769806,2.09422160657709,1,6.087155327462117
771.2639865875244,2.0840326370628013,1,6.092905007206746
771.3419208526611,2.09422160657709,1,6.087155327462117
771.4202735424042,2.0967688489556586,1,6.085717907525961
771.4980847835541,2.0763909099270883,1,6.097217267015218
771.5761561393738,2.08657987944137,1,6.091467587270591
771.6538813114166,2.078938152305657,1,6.095779847079061
771.7299582958221,2.078938152305657,1,6.095779847079061
771.8083243370056,2.0891271218199456,1,6.090030167334431
771.886109828949,2.0840326370628013,1,6.092905007206746
771.9639253616333,2.08657987944137,1,6.091467587270591
772.0411703586578,2.0993160913342344,1,6.084280487589801
772.1200363636017,2.0814853946842327,1,6.094342427142902
772.1962049007416,2.08657987944137,1,6.091467587270591
772.3065423965454,2.09422160657709,1,6.087155327462117
772.3835220336914,2.0916743641985143,1,6.088592747398276
772.4630675315857,2.0763909099270883,1,6.097217267015218
772.5408174991608,2.0891271218199456,1,6.090030167334431
772.6186077594757,2.09422160657709,1,6.087155327462117
772.6985261440277,2.071296425169944,1,6.100092106887532
772.7765102386475,2.0763909099270883,1,6.097217267015218
772.8533089160919,2.08657987944137,1,6.091467587270591
772.9314348697662,2.0840326370628013,1,6.092905007206746
773.011182308197,2.08657987944137,1,6.091467587270591
773.0881807804108,2.0763909099270883,1,6.097217267015218
773.1650671958923,2.08657987944137,1,6.091467587270591
773.2425119876862,2.0916743641985143,1,6.088592747398276
773.3185110092163,2.0891271218199456,1,6.090030167334431
773.3964421749115,2.0738436675485126,1,6.0986546869513765
773.47545337677,2.0763909099270883,1,6.097217267015218
773.5512273311615,2.08657987944137,1,6.091467587270591
773.6608526706696,2.0738436675485126,1,6.0986546869513765
773.7377324104309,2.0916743641985143,1,6.088592747398276
773.8150343894958,2.0738436675485126,1,6.0986546869513765
773.8937330245972,2.0840326370628013,1,6.092905007206746
773.972897529602,2.08657987944137,1,6.091467587270591
774.0495889186859,2.08657987944137,1,6.091467587270591
774.1256673336029,2.09422160657709,1,6.087155327462117
774.203492641449,2.0891271218199456,1,6.090030167334431
774.280900478363,2.08657987944137,1,6.091467587270591
774.3607859611511,2.078938152305657,1,6.095779847079061
774.4386110305786,2.0891271218199456,1,6.090030167334431
774.5146248340607,2.08657987944137,1,6.091467587270591
774.59272813797,2.08657987944137,1,6.091467587270591
774.6695981025696,2.0891271218199456,1,6.090030167334431
774.7465991973877,2.0814853946842327,1,6.094342427142902
774.822366476059,2.0967688489556586,1,6.085717907525961
774.9017243385315,2.08657987944137,1,6.091467587270591
775.0097198486328,2.08657987944137,1,6.091467587270591
775.0895161628723,2.0967688489556586,1,6.085717907525961
775.1665267944336,2.0763909099270883,1,6.097217267015218
775.245445728302,2.09422160657709,1,6.087155327462117
775.3374826908112,2.09422160657709,1,6.087155327462117
775.4136097431183,2.0814853946842327,1,6.094342427142902
775.4930651187897,2.0840326370628013,1,6.092905007206746
775.573002576828,2.101863333712803,1,6.082843067653646
775.6496658325195,2.0814853946842327,1,6.094342427142902
775.7289469242096,2.08657987944137,1,6.091467587270591
775.8071391582489,2.0967688489556586,1,6.085717907525961
775.8839867115021,2.0967688489556586,1,6.085717907525961
775.9618482589722,2.09422160657709,1,6.087155327462117
776.0399436950684,2.0916743641985143,1,6.088592747398276
776.1159355640411,2.08657987944137,1,6.091467587270591
776.1950387954712,2.08657987944137,1,6.091467587270591
776.2716863155365,2.1069578184699473,1,6.079968227781331
776.3468780517578,2.0814853946842327,1,6.094342427142902
776.4709236621857,2.0916743641985143,1,6.088592747398276
776.5489716529846,2.0814853946842327,1,6.094342427142902
776.6271231174469,2.09422160657709,1,6.087155327462117
776.7059905529022,2.09422160657709,1,6.087155327462117
776.7819092273712,2.0763909099270883,1,6.097217267015218
776.8597486019135,2.0916743641985143,1,6.088592747398276
776.9369623661041,2.0993160913342344,1,6.084280487589801
777.0158231258392,2.0814853946842327,1,6.094342427142902
777.0942287445068,2.0738436675485126,1,6.0986546869513765
777.1716885566711,2.0891271218199456,1,6.090030167334431
777.2505187988281,2.0840326370628013,1,6.092905007206746
777.3282949924469,2.0814853946842327,1,6.094342427142902
777.4070162773132,2.08657987944137,1,6.091467587270591
777.4858167171478,2.0916743641985143,1,6.088592747398276
777.5627217292786,2.0814853946842327,1,6.094342427142902
777.6411600112915,2.0967688489556586,1,6.085717907525961
777.7199378013611,2.0891271218199456,1,6.090030167334431
777.8271825313568,2.08657987944137,1,6.091467587270591
777.9067413806915,2.101863333712803,1,6.082843067653646
777.982652425766,2.0763909099270883,1,6.097217267015218
778.0610384941101,2.0967688489556586,1,6.085717907525961
778.1404538154602,2.101863333712803,1,6.082843067653646
778.2174208164215,2.09422160657709,1,6.087155327462117
778.2960534095764,2.0993160913342344,1,6.084280487589801
778.3743236064911,2.0993160913342344,1,6.084280487589801
778.4510154724121,2.0993160913342344,1,6.084280487589801
778.5291855335236,2.0891271218199456,1,6.090030167334431
778.6051967144012,2.09422160657709,1,6.087155327462117
778.6823244094849,2.1069578184699473,1,6.079968227781331
778.7620713710785,2.0891271218199456,1,6.090030167334431
778.8414998054504,2.0967688489556586,1,6.085717907525961
778.917989730835,2.1044105760913787,1,6.081405647717487
778.9960386753082,2.0967688489556586,1,6.085717907525961
779.0746536254883,2.1044105760913787,1,6.081405647717487
779.1813440322876,2.08657987944137,1,6.091467587270591
779.2600152492523,2.0891271218199456,1,6.090030167334431
779.3398125171661,2.1069578184699473,1,6.079968227781331
779.4169034957886,2.0967688489556586,1,6.085717907525961
779.4944605827332,2.0891271218199456,1,6.090030167334431
779.5724318027496,2.0993160913342344,1,6.084280487589801
779.6495251655579,2.08657987944137,1,6.091467587270591
779.7296500205994,2.0916743641985143,1,6.088592747398276
779.808100938797,2.0916743641985143,1,6.088592747398276
779.9018654823303,2.1145995456056603,1,6.07565596797286
779.9786262512207,2.0916743641985143,1,6.088592747398276
780.0564188957214,2.101863333712803,1,6.082843067653646
780.1340291500092,2.09422160657709,1,6.087155327462117
780.2120668888092,2.0840326370628013,1,6.092905007206746
780.2906908988953,2.1044105760913787,1,6.081405647717487
780.3694269657135,2.109505060848523,1,6.078530807845171
780.4474029541016,2.0891271218199456,1,6.090030167334431
780.5241022109985,2.101863333712803,1,6.082843067653646
780.6335899829865,2.0967688489556586,1,6.085717907525961
780.7115306854248,2.0916743641985143,1,6.088592747398276
780.789350271225,2.1145995456056603,1,6.07565596797286
780.8681950569153,2.101863333712803,1,6.082843067653646
780.9462525844574,2.0993160913342344,1,6.084280487589801
781.0240445137024,2.101863333712803,1,6.082843067653646
781.101841211319,2.0993160913342344,1,6.084280487589801
781.1817066669464,2.09422160657709,1,6.087155327462117
781.2588303089142,2.0916743641985143,1,6.088592747398276
781.3361029624939,2.1069578184699473,1,6.079968227781331
781.4150841236115,2.08657987944137,1,6.091467587270591
781.490885257721,2.1069578184699473,1,6.079968227781331
781.5689046382904,2.0916743641985143,1,6.088592747398276
781.64866065979,2.09422160657709,1,6.087155327462117
781.7260873317719,2.0993160913342344,1,6.084280487589801
781.8058397769928,2.1069578184699473,1,6.079968227781331
781.8850040435791,2.0967688489556586,1,6.085717907525961
781.9929540157318,2.101863333712803,1,6.082843067653646
782.0695106983185,2.1069578184699473,1,6.079968227781331
782.1465721130371,2.0840326370628013,1,6.092905007206746
782.239057302475,2.0967688489556586,1,6.085717907525961
782.3161375522614,2.08657987944137,1,6.091467587270591
782.3939619064331,2.08657987944137,1,6.091467587270591
782.4700946807861,2.1145995456056603,1,6.07565596797286
782.5473830699921,2.0916743641985143,1,6.088592747398276
782.6243023872375,2.0967688489556586,1,6.085717907525961
782.7019443511963,2.101863333712803,1,6.082843067653646
782.7789752483368,2.0916743641985143,1,6.088592747398276
782.8570599555969,2.1120523032270917,1,6.077093387909016
782.9330985546112,2.0967688489556586,1,6.085717907525961
783.0112075805664,2.0967688489556586,1,6.085717907525961
783.0911202430725,2.0916743641985143,1,6.088592747398276
783.1680719852448,2.0967688489556586,1,6.085717907525961
783.2467906475067,2.0967688489556586,1,6.085717907525961
783.3558008670807,2.1069578184699473,1,6.079968227781331
783.4320194721222,2.0967688489556586,1,6.085717907525961
783.509838104248,2.0967688489556586,1,6.085717907525961
783.5876812934875,2.09422160657709,1,6.087155327462117
783.6654379367828,2.08657987944137,1,6.091467587270591
783.7442028522491,2.09422160657709,1,6.087155327462117
783.8218092918396,2.0967688489556586,1,6.085717907525961
783.9014031887054,2.0967688489556586,1,6.085717907525961
783.982284784317,2.0891271218199456,1,6.090030167334431
784.0592038631439,2.101863333712803,1,6.082843067653646
784.136970281601,2.1120523032270917,1,6.077093387909016
784.215181350708,2.08657987944137,1,6.091467587270591
784.2920062541962,2.0967688489556586,1,6.085717907525961
784.370283126831,2.0993160913342344,1,6.084280487589801
784.4649660587311,2.101863333712803,1,6.082843067653646
784.5417609214783,2.0993160913342344,1,6.084280487589801
784.619469165802,2.101863333712803,1,6.082843067653646
784.698249578476,2.1069578184699473,1,6.079968227781331
784.8054347038269,2.101863333712803,1,6.082843067653646
784.8839530944824,2.1044105760913787,1,6.081405647717487
784.9638118743896,2.0891271218199456,1,6.090030167334431
785.0417137145996,2.0993160913342344,1,6.084280487589801
785.1178045272827,2.117146787984236,1,6.074218548036701
785.1959371566772,2.0891271218199456,1,6.090030167334431
785.2734928131104,2.101863333712803,1,6.082843067653646
785.3535811901093,2.109505060848523,1,6.078530807845171
785.4328162670135,2.0432767590056535,1,6.115903726185263
785.5106084346771,2.0814853946842327,1,6.094342427142902
785.6053998470306,2.0967688489556586,1,6.085717907525961
785.6847236156464,2.09422160657709,1,6.087155327462117
785.7625162601471,2.09422160657709,1,6.087155327462117
785.8415508270264,2.0967688489556586,1,6.085717907525961
785.9194526672363,2.1145995456056603,1,6.07565596797286
785.998286485672,2.0916743641985143,1,6.088592747398276
786.0754599571228,2.09422160657709,1,6.087155327462117
786.1843252182007,2.101863333712803,1,6.082843067653646
786.262353181839,2.0967688489556586,1,6.085717907525961
786.3419251441956,2.1044105760913787,1,6.081405647717487
786.4197382926941,2.1044105760913787,1,6.081405647717487
786.4975683689117,2.08657987944137,1,6.091467587270591
786.5763764381409,2.117146787984236,1,6.074218548036701
786.6529679298401,2.109505060848523,1,6.078530807845171
786.7303326129913,2.1069578184699473,1,6.079968227781331
786.8081324100494,2.101863333712803,1,6.082843067653646
786.8857810497284,2.109505060848523,1,6.078530807845171
786.9629690647125,2.08657987944137,1,6.091467587270591
787.0399696826935,2.101863333712803,1,6.082843067653646
787.1168568134308,2.1044105760913787,1,6.081405647717487
787.1949589252472,2.1044105760913787,1,6.081405647717487
787.273978471756,2.1044105760913787,1,6.081405647717487
787.350004196167,2.1069578184699473,1,6.079968227781331
787.4268794059753,2.1044105760913787,1,6.081405647717487
787.5360336303711,2.101863333712803,1,6.082843067653646
787.6119213104248,2.0993160913342344,1,6.084280487589801
787.6898465156555,2.124788515119949,1,6.06990628822823
787.7685451507568,2.101863333712803,1,6.082843067653646
787.8463485240936,2.109505060848523,1,6.078530807845171
787.9227876663208,2.124788515119949,1,6.06990628822823
788.000171661377,2.0967688489556586,1,6.085717907525961
788.0779392719269,2.1069578184699473,1,6.079968227781331
788.1578240394592,2.1145995456056603,1,6.07565596797286
788.2344613075256,2.101863333712803,1,6.082843067653646
788.3104333877563,2.109505060848523,1,6.078530807845171
788.3890867233276,2.1145995456056603,1,6.07565596797286
788.4667799472809,2.101863333712803,1,6.082843067653646
788.5440104007721,2.101863333712803,1,6.082843067653646
788.6231038570404,2.1222412727413804,1,6.0713437081643855
788.7008230686188,2.1069578184699473,1,6.079968227781331
788.7779142856598,2.1069578184699473,1,6.079968227781331
788.855642080307,2.0967688489556586,1,6.085717907525961
788.9647302627563,2.1145995456056603,1,6.07565596797286
789.0435702800751,2.109505060848523,1,6.078530807845171
789.1213397979736,2.1145995456056603,1,6.07565596797286
789.1992893218994,2.117146787984236,1,6.074218548036701
789.2770664691925,2.109505060848523,1,6.078530807845171
789.3561871051788,2.1145995456056603,1,6.07565596797286
789.4334006309509,2.1222412727413804,1,6.0713437081643855
789.512109041214,2.0993160913342344,1,6.084280487589801
789.5900840759277,2.1222412727413804,1,6.0713437081643855
789.6681277751923,2.117146787984236,1,6.074218548036701
789.7460246086121,2.0993160913342344,1,6.084280487589801
789.8254523277283,2.0993160913342344,1,6.084280487589801
789.902613401413,2.1069578184699473,1,6.079968227781331
789.9815790653229,2.0967688489556586,1,6.085717907525961
790.0594594478607,2.0993160913342344,1,6.084280487589801
790.1512179374695,2.1222412727413804,1,6.0713437081643855
790.2300662994385,2.101863333712803,1,6.082843067653646
790.3378279209137,2.109505060848523,1,6.078530807845171
790.4156074523926,2.09422160657709,1,6.087155327462117
790.493292093277,2.0993160913342344,1,6.084280487589801
790.5716922283173,2.1273357574985248,1,6.06846886829207
790.6487789154053,2.109505060848523,1,6.078530807845171
790.72594165802,2.0993160913342344,1,6.084280487589801
790.8029477596283,2.109505060848523,1,6.078530807845171
790.8813741207123,2.0993160913342344,1,6.084280487589801
790.9602229595184,2.0993160913342344,1,6.084280487589801
791.0387151241302,2.117146787984236,1,6.074218548036701
791.1147065162659,2.0967688489556586,1,6.085717907525961
791.1914553642273,2.117146787984236,1,6.074218548036701
791.2682883739471,2.1120523032270917,1,6.077093387909016
791.3456645011902,2.0993160913342344,1,6.084280487589801
791.4226398468018,2.1196940303628047,1,6.072781128100545
791.5007238388062,2.1145995456056603,1,6.07565596797286
791.5776278972626,2.1069578184699473,1,6.079968227781331
791.6881949901581,2.101863333712803,1,6.082843067653646
791.7650785446167,2.1069578184699473,1,6.079968227781331
791.8418807983398,2.1069578184699473,1,6.079968227781331
791.9208652973175,2.1120523032270917,1,6.077093387909016
791.996744632721,2.109505060848523,1,6.078530807845171
792.073920249939,2.1120523032270917,1,6.077093387909016
792.1517357826233,2.124788515119949,1,6.06990628822823
792.2305519580841,2.0967688489556586,1,6.085717907525961
792.3076610565186,2.1145995456056603,1,6.07565596797286
792.3854992389679,2.124788515119949,1,6.06990628822823
792.4643054008484,2.0967688489556586,1,6.085717907525961
792.5409603118896,2.1044105760913787,1,6.081405647717487
792.6197185516357,2.109505060848523,1,6.078530807845171
792.6976516246796,2.109505060848523,1,6.078530807845171
792.7736537456512,2.124788515119949,1,6.06990628822823
792.8504791259766,2.124788515119949,1,6.06990628822823
792.9274790287018,2.1069578184699473,1,6.079968227781331
793.0042400360107,2.1222412727413804,1,6.0713437081643855
793.1112689971924,2.1145995456056603,1,6.07565596797286
793.1884300708771,2.1145995456056603,1,6.07565596797286
793.2659952640533,2.1044105760913787,1,6.081405647717487
793.3439552783966,2.1120523032270917,1,6.077093387909016
793.4202938079834,2.117146787984236,1,6.074218548036701
793.4987816810608,2.1069578184699473,1,6.079968227781331
793.5781192779541,2.1069578184699473,1,6.079968227781331
793.6550781726837,2.117146787984236,1,6.074218548036701
793.7317976951599,2.0891271218199456,1,6.090030167334431
793.8106892108917,2.1196940303628047,1,6.072781128100545
793.886866569519,2.1196940303628047,1,6.072781128100545
793.9652156829834,2.101863333712803,1,6.082843067653646
794.0440294742584,2.1069578184699473,1,6.079968227781331
794.1207706928253,2.1120523032270917,1,6.077093387909016
794.1996231079102,2.1145995456056603,1,6.07565596797286
794.2756264209747,2.09422160657709,1,6.087155327462117
794.3529534339905,2.1120523032270917,1,6.077093387909016
794.4614868164062,2.101863333712803,1,6.082843067653646
794.5398173332214,2.1069578184699473,1,6.079968227781331
794.6167736053467,2.124788515119949,1,6.06990628822823
794.696558713913,2.1069578184699473,1,6.079968227781331
794.7744340896606,2.1145995456056603,1,6.07565596797286
794.8505220413208,2.109505060848523,1,6.078530807845171
794.9295079708099,2.1120523032270917,1,6.077093387909016
795.0062658786774,2.117146787984236,1,6.074218548036701
795.083245754242,2.117146787984236,1,6.074218548036701
795.1610803604126,2.117146787984236,1,6.074218548036701
795.2406895160675,2.109505060848523,1,6.078530807845171
795.3164896965027,2.101863333712803,1,6.082843067653646
795.3942906856537,2.1120523032270917,1,6.077093387909016
795.4710862636566,2.1273357574985248,1,6.06846886829207
795.5478136539459,2.0967688489556586,1,6.085717907525961
795.6246688365936,2.117146787984236,1,6.074218548036701
795.704601764679,2.117146787984236,1,6.074218548036701
795.8133881092072,2.1222412727413804,1,6.0713437081643855
795.8904798030853,2.117146787984236,1,6.074218548036701
795.9680399894714,2.1273357574985248,1,6.06846886829207
796.0467555522919,2.09422160657709,1,6.087155327462117
796.1259529590607,2.1196940303628047,1,6.072781128100545
796.2044279575348,2.124788515119949,1,6.06990628822823
796.2827413082123,2.1069578184699473,1,6.079968227781331
796.3609991073608,2.1196940303628047,1,6.072781128100545
796.4383344650269,2.124788515119949,1,6.06990628822823
796.5160646438599,2.1069578184699473,1,6.079968227781331
796.5934431552887,2.109505060848523,1,6.078530807845171
796.6716358661652,2.1145995456056603,1,6.07565596797286
796.7476437091827,2.1145995456056603,1,6.07565596797286
796.823606967926,2.1120523032270917,1,6.077093387909016
796.9014503955841,2.1145995456056603,1,6.07565596797286
796.9931995868683,2.1145995456056603,1,6.07565596797286
797.0705759525299,2.109505060848523,1,6.078530807845171
797.1476788520813,2.109505060848523,1,6.078530807845171
797.2566282749176,2.1145995456056603,1,6.07565596797286
797.3339557647705,2.1044105760913787,1,6.081405647717487
797.4106616973877,2.1120523032270917,1,6.077093387909016
797.4876887798309,2.1298829998770934,1,6.067031448355915
797.5661916732788,2.1120523032270917,1,6.077093387909016
797.640992641449,2.1120523032270917,1,6.077093387909016
797.7188527584076,2.1222412727413804,1,6.0713437081643855
797.7981748580933,2.109505060848523,1,6.078530807845171
797.8748757839203,2.1120523032270917,1,6.077093387909016
797.9528765678406,2.1222412727413804,1,6.0713437081643855
798.0336894989014,2.132430242255669,1,6.065594028419755
798.1114814281464,2.117146787984236,1,6.074218548036701
798.1880149841309,2.1273357574985248,1,6.06846886829207
798.2640550136566,2.1069578184699473,1,6.079968227781331
798.3409452438354,2.1298829998770934,1,6.067031448355915
798.4204697608948,2.1273357574985248,1,6.06846886829207
798.4981346130371,2.1196940303628047,1,6.072781128100545
798.6077852249146,2.1273357574985248,1,6.06846886829207
798.6841721534729,2.1375247270128135,1,6.06271918854744
798.7635879516602,2.1120523032270917,1,6.077093387909016
798.8413891792297,2.124788515119949,1,6.06990628822823
798.9205276966095,2.117146787984236,1,6.074218548036701
798.9962379932404,2.117146787984236,1,6.074218548036701
799.0733296871185,2.1145995456056603,1,6.07565596797286
799.1516196727753,2.1222412727413804,1,6.0713437081643855
799.2306258678436,2.117146787984236,1,6.074218548036701
799.3080639839172,2.124788515119949,1,6.06990628822823
799.3866698741913,2.1273357574985248,1,6.06846886829207
799.4643604755402,2.1120523032270917,1,6.077093387909016
799.542120218277,2.1273357574985248,1,6.06846886829207
799.6199994087219,2.1069578184699473,1,6.079968227781331
799.698896408081,2.1069578184699473,1,6.079968227781331
799.7757594585419,2.109505060848523,1,6.078530807845171
799.8534491062164,2.124788515119949,1,6.06990628822823
799.9619727134705,2.117146787984236,1,6.074218548036701
800.0398073196411,2.1222412727413804,1,6.0713437081643855
800.1193313598633,2.109505060848523,1,6.078530807845171
800.1972577571869,2.1120523032270917,1,6.077093387909016
800.2760639190674,2.124788515119949,1,6.06990628822823
800.3558249473572,2.1120523032270917,1,6.077093387909016
800.4327759742737,2.1145995456056603,1,6.07565596797286
800.5089855194092,2.1145995456056603,1,6.07565596797286
800.5868260860443,2.1375247270128135,1,6.06271918854744
800.6659054756165,2.109505060848523,1,6.078530807845171
800.7436904907227,2.1145995456056603,1,6.07565596797286
800.8216552734375,2.117146787984236,1,6.074218548036701
800.8995373249054,2.101863333712803,1,6.082843067653646
800.9778699874878,2.124788515119949,1,6.06990628822823
801.0546598434448,2.1222412727413804,1,6.0713437081643855
801.1324501037598,2.0967688489556586,1,6.085717907525961
801.2117402553558,2.1196940303628047,1,6.072781128100545
801.2899582386017,2.1196940303628047,1,6.072781128100545
801.3987791538239,2.109505060848523,1,6.078530807845171
801.4781057834625,2.117146787984236,1,6.074218548036701
801.5559074878693,2.1273357574985248,1,6.06846886829207
801.6317226886749,2.1120523032270917,1,6.077093387909016
801.7096848487854,2.1273357574985248,1,6.06846886829207
801.7886989116669,2.1196940303628047,1,6.072781128100545
801.864723443985,2.101863333712803,1,6.082843067653646
801.941656589508,2.1145995456056603,1,6.07565596797286
802.0184540748596,2.132430242255669,1,6.065594028419755
802.0953278541565,2.1044105760913787,1,6.081405647717487
802.174076795578,2.1273357574985248,1,6.06846886829207
802.2506458759308,2.1145995456056603,1,6.07565596797286
802.3275046348572,2.109505060848523,1,6.078530807845171
802.4062740802765,2.1196940303628047,1,6.072781128100545
802.4842138290405,2.1145995456056603,1,6.07565596797286
802.5600185394287,2.1222412727413804,1,6.0713437081643855
802.6377060413361,2.124788515119949,1,6.06990628822823
802.7484889030457,2.124788515119949,1,6.06990628822823
802.825602054596,2.1222412727413804,1,6.0713437081643855
802.9034922122955,2.1196940303628047,1,6.072781128100545
802.9818539619446,2.117146787984236,1,6.074218548036701
803.059556722641,2.109505060848523,1,6.078530807845171
803.1367094516754,2.117146787984236,1,6.074218548036701
803.2150688171387,2.1145995456056603,1,6.07565596797286
803.2924497127533,2.132430242255669,1,6.065594028419755
803.372284412384,2.1222412727413804,1,6.0713437081643855
803.4496612548828,2.117146787984236,1,6.074218548036701
803.5265460014343,2.1273357574985248,1,6.06846886829207
803.6051020622253,2.1273357574985248,1,6.06846886829207
803.6846253871918,2.1298829998770934,1,6.067031448355915
803.7617762088776,2.1120523032270917,1,6.077093387909016
803.8406887054443,2.1273357574985248,1,6.06846886829207
803.9195470809937,2.132430242255669,1,6.065594028419755
803.9963390827179,2.109505060848523,1,6.078530807845171
804.1048395633698,2.1273357574985248,1,6.06846886829207
804.1838018894196,2.117146787984236,1,6.074218548036701
804.2627453804016,2.1196940303628047,1,6.072781128100545
804.3402078151703,2.1222412727413804,1,6.0713437081643855
804.417576789856,2.1222412727413804,1,6.0713437081643855
804.4941291809082,2.1298829998770934,1,6.067031448355915
804.5722622871399,2.1349774846342378,1,6.0641566084836
804.6492102146149,2.1273357574985248,1,6.06846886829207
804.7284035682678,2.1273357574985248,1,6.06846886829207
804.8077821731567,2.1298829998770934,1,6.067031448355915
804.8860938549042,2.124788515119949,1,6.06990628822823
804.9798502922058,2.1069578184699473,1,6.079968227781331
805.056672334671,2.1349774846342378,1,6.0641566084836
805.134592294693,2.1222412727413804,1,6.0713437081643855
805.2140755653381,2.1145995456056603,1,6.07565596797286
805.2919504642487,2.1375247270128135,1,6.06271918854744
805.3676962852478,2.1120523032270917,1,6.077093387909016
805.4466373920441,2.1145995456056603,1,6.07565596797286
805.5562763214111,2.1196940303628047,1,6.072781128100545
805.6332817077637,2.109505060848523,1,6.078530807845171
805.7125806808472,2.1044105760913787,1,6.081405647717487
805.790381193161,2.1298829998770934,1,6.067031448355915
805.8682169914246,2.1273357574985248,1,6.06846886829207
805.9460160732269,2.117146787984236,1,6.074218548036701
806.024064540863,2.1349774846342378,1,6.0641566084836
806.1014387607574,2.132430242255669,1,6.065594028419755
806.1799366474152,2.117146787984236,1,6.074218548036701
806.2559916973114,2.124788515119949,1,6.06990628822823
806.3333740234375,2.1222412727413804,1,6.0713437081643855
806.4127662181854,2.1069578184699473,1,6.079968227781331
806.5057277679443,2.1273357574985248,1,6.06846886829207
806.5824041366577,2.1222412727413804,1,6.0713437081643855
806.6611151695251,2.117146787984236,1,6.074218548036701
806.740065574646,2.1222412727413804,1,6.0713437081643855
806.8173887729645,2.1273357574985248,1,6.06846886829207
806.9119086265564,2.1196940303628047,1,6.072781128100545
806.9883213043213,2.1273357574985248,1,6.06846886829207
807.0653340816498,2.1222412727413804,1,6.0713437081643855
807.1428563594818,2.117146787984236,1,6.074218548036701
807.2198452949524,2.117146787984236,1,6.074218548036701
807.3126854896545,2.1145995456056603,1,6.07565596797286
807.391679763794,2.132430242255669,1,6.065594028419755
807.468448638916,2.124788515119949,1,6.06990628822823
807.547367811203,2.1222412727413804,1,6.0713437081643855
807.6261954307556,2.1273357574985248,1,6.06846886829207
807.7022087574005,2.109505060848523,1,6.078530807845171
807.7802441120148,2.1273357574985248,1,6.06846886829207
807.8590433597565,2.1298829998770934,1,6.067031448355915
807.9372570514679,2.1375247270128135,1,6.06271918854744
808.0140979290009,2.124788515119949,1,6.06990628822823
808.0920569896698,2.132430242255669,1,6.065594028419755
808.1678602695465,2.1273357574985248,1,6.06846886829207
808.2766289710999,2.124788515119949,1,6.06990628822823
808.3554174900055,2.1222412727413804,1,6.0713437081643855
808.4486224651337,2.117146787984236,1,6.074218548036701
808.5254893302917,2.1375247270128135,1,6.06271918854744
808.6020216941833,2.1298829998770934,1,6.067031448355915
808.6793825626373,2.117146787984236,1,6.074218548036701
808.7588093280792,2.1298829998770934,1,6.067031448355915
808.8380198478699,2.1273357574985248,1,6.06846886829207
808.9158382415771,2.124788515119949,1,6.06990628822823
808.9919762611389,2.1222412727413804,1,6.0713437081643855
809.0711841583252,2.1273357574985248,1,6.06846886829207
809.1486575603485,2.1222412727413804,1,6.0713437081643855
809.2264909744263,2.1273357574985248,1,6.06846886829207
809.3039820194244,2.1349774846342378,1,6.0641566084836
809.3811295032501,2.1298829998770934,1,6.067031448355915
809.4592428207397,2.124788515119949,1,6.06990628822823
809.5361738204956,2.124788515119949,1,6.06990628822823
809.6123008728027,2.1196940303628047,1,6.072781128100545
809.7080957889557,2.132430242255669,1,6.065594028419755
809.7848973274231,2.1298829998770934,1,6.067031448355915
809.8610119819641,2.140071969391382,1,6.061281768611285
809.9381747245789,2.1349774846342378,1,6.0641566084836
810.0160052776337,2.117146787984236,1,6.074218548036701
810.09521651268,2.117146787984236,1,6.074218548036701
810.1730740070343,2.132430242255669,1,6.065594028419755
810.2495858669281,2.1222412727413804,1,6.0713437081643855
810.3278303146362,2.124788515119949,1,6.06990628822823
810.4063377380371,2.1273357574985248,1,6.06846886829207
810.4835879802704,2.124788515119949,1,6.06990628822823
810.56138920784,2.1273357574985248,1,6.06846886829207
810.6412100791931,2.1375247270128135,1,6.06271918854744
810.719562292099,2.147713696527095,1,6.056969508802815
810.7975313663483,2.1273357574985248,1,6.06846886829207
810.8754155635834,2.1375247270128135,1,6.06271918854744
810.9522702693939,2.1451664541485265,1,6.05840692873897
811.0467293262482,2.1222412727413804,1,6.0713437081643855
811.1246070861816,2.147713696527095,1,6.056969508802815
811.2025163173676,2.1196940303628047,1,6.072781128100545
811.2793173789978,2.124788515119949,1,6.06990628822823
811.3588130474091,2.1451664541485265,1,6.05840692873897
811.4350543022156,2.1222412727413804,1,6.0713437081643855
811.514436006546,2.1222412727413804,1,6.0713437081643855
811.5922839641571,2.1298829998770934,1,6.067031448355915
811.670202255249,2.1349774846342378,1,6.0641566084836
811.7586877346039,2.140071969391382,1,6.061281768611285
811.8444838523865,2.1273357574985248,1,6.06846886829207
811.9204142093658,2.1273357574985248,1,6.06846886829207
811.9982814788818,2.1196940303628047,1,6.072781128100545
812.0762946605682,2.1273357574985248,1,6.06846886829207
812.1523544788361,2.1298829998770934,1,6.067031448355915
812.2305881977081,2.1298829998770934,1,6.067031448355915
812.3095452785492,2.1273357574985248,1,6.06846886829207
812.4153187274933,2.1298829998770934,1,6.067031448355915
812.4941082000732,2.1349774846342378,1,6.0641566084836
812.5734584331512,2.1375247270128135,1,6.06271918854744
812.6514403820038,2.1222412727413804,1,6.0713437081643855
812.7302541732788,2.1273357574985248,1,6.06846886829207
812.8086636066437,2.1273357574985248,1,6.06846886829207
812.8856339454651,2.140071969391382,1,6.061281768611285
812.9802732467651,2.117146787984236,1,6.074218548036701
813.057076215744,2.1349774846342378,1,6.0641566084836
813.1358680725098,2.1044105760913787,1,6.081405647717487
813.2156090736389,2.1273357574985248,1,6.06846886829207
813.2944250106812,2.132430242255669,1,6.065594028419755
813.3712465763092,2.1451664541485265,1,6.05840692873897
813.4500753879547,2.117146787984236,1,6.074218548036701
813.5281474590302,2.132430242255669,1,6.065594028419755
813.604948759079,2.1349774846342378,1,6.0641566084836
813.6837687492371,2.1273357574985248,1,6.06846886829207
813.7608518600464,2.1196940303628047,1,6.072781128100545
813.8696854114532,2.1375247270128135,1,6.06271918854744
813.9478278160095,2.124788515119949,1,6.06990628822823
814.0257487297058,2.1375247270128135,1,6.06271918854744
814.1105163097382,2.1273357574985248,1,6.06846886829207
814.1963419914246,2.1273357574985248,1,6.06846886829207
814.2724330425262,2.132430242255669,1,6.065594028419755
814.3492207527161,2.1120523032270917,1,6.077093387909016
814.428206205368,2.140071969391382,1,6.061281768611285
814.5048131942749,2.147713696527095,1,6.056969508802815
814.5825924873352,2.1196940303628047,1,6.072781128100545
814.6584236621857,2.1349774846342378,1,6.0641566084836
814.7341868877411,2.1273357574985248,1,6.06846886829207
814.8129296302795,2.132430242255669,1,6.065594028419755
814.8906302452087,2.1349774846342378,1,6.0641566084836
814.9670603275299,2.124788515119949,1,6.06990628822823
815.0443024635315,2.1349774846342378,1,6.0641566084836
815.1230421066284,2.1349774846342378,1,6.0641566084836
815.2300853729248,2.1349774846342378,1,6.0641566084836
815.3240184783936,2.1426192117699507,1,6.05984434867513
815.402902841568,2.132430242255669,1,6.065594028419755
815.4809622764587,2.1273357574985248,1,6.06846886829207
815.5577862262726,2.147713696527095,1,6.056969508802815
815.6360731124878,2.140071969391382,1,6.061281768611285
815.7147128582001,2.1298829998770934,1,6.067031448355915
815.7908322811127,2.1298829998770934,1,6.067031448355915
815.8689823150635,2.1426192117699507,1,6.05984434867513
815.9476501941681,2.1273357574985248,1,6.06846886829207
816.0236477851868,2.1426192117699507,1,6.05984434867513
816.1005446910858,2.1222412727413804,1,6.0713437081643855
816.1773495674133,2.1273357574985248,1,6.06846886829207
816.2569963932037,2.147713696527095,1,6.056969508802815
816.3342213630676,2.132430242255669,1,6.065594028419755
816.4127342700958,2.124788515119949,1,6.06990628822823
816.4897453784943,2.1298829998770934,1,6.067031448355915
816.5961620807648,2.1273357574985248,1,6.06846886829207
816.6729445457458,2.1375247270128135,1,6.06271918854744
816.7510116100311,2.1375247270128135,1,6.06271918854744
816.827880859375,2.1451664541485265,1,6.05840692873897
816.9060707092285,2.1451664541485265,1,6.05840692873897
816.9828519821167,2.124788515119949,1,6.06990628822823
817.0599656105042,2.1375247270128135,1,6.06271918854744
817.1378214359283,2.1451664541485265,1,6.05840692873897
817.2156980037689,2.124788515119949,1,6.06990628822823
817.292738199234,2.124788515119949,1,6.06990628822823
817.3696541786194,2.1273357574985248,1,6.06846886829207
817.4494717121124,2.1349774846342378,1,6.0641566084836
817.5262660980225,2.147713696527095,1,6.056969508802815
817.604129076004,2.1426192117699507,1,6.05984434867513
817.6829147338867,2.1273357574985248,1,6.06846886829207
817.7599732875824,2.1273357574985248,1,6.06846886829207
817.8377923965454,2.132430242255669,1,6.065594028419755
817.9158909320831,2.1196940303628047,1,6.072781128100545
818.0256159305573,2.147713696527095,1,6.056969508802815
818.1045336723328,2.1349774846342378,1,6.0641566084836
818.1816487312317,2.132430242255669,1,6.065594028419755
818.2584788799286,2.1375247270128135,1,6.06271918854744
818.335964679718,2.1349774846342378,1,6.0641566084836
818.4148032665253,2.1273357574985248,1,6.06846886829207
818.4925153255463,2.1426192117699507,1,6.05984434867513
818.5716004371643,2.1451664541485265,1,6.05840692873897
818.6663422584534,2.1273357574985248,1,6.06846886829207
818.7431712150574,2.1298829998770934,1,6.067031448355915
818.8213887214661,2.1273357574985248,1,6.06846886829207
818.8990817070007,2.1222412727413804,1,6.0713437081643855
818.9779207706451,2.1349774846342378,1,6.0641566084836
819.0557103157043,2.1375247270128135,1,6.06271918854744
819.1340873241425,2.140071969391382,1,6.061281768611285
819.2119860649109,2.1451664541485265,1,6.05840692873897
819.2892625331879,2.132430242255669,1,6.065594028419755
819.3670485019684,2.1349774846342378,1,6.0641566084836
819.4441823959351,2.1451664541485265,1,6.05840692873897
819.5377960205078,2.1426192117699507,1,6.05984434867513
819.6139960289001,2.147713696527095,1,6.056969508802815
819.6907742023468,2.1451664541485265,1,6.05840692873897
819.7705612182617,2.147713696527095,1,6.056969508802815
819.8478357791901,2.1273357574985248,1,6.06846886829207
819.9250605106354,2.1375247270128135,1,6.06271918854744
820.0040354728699,2.140071969391382,1,6.061281768611285
820.0802509784698,2.1426192117699507,1,6.05984434867513
820.1593956947327,2.140071969391382,1,6.061281768611285
820.2370946407318,2.1375247270128135,1,6.06271918854744
820.3142018318176,2.132430242255669,1,6.065594028419755
820.3900277614594,2.1451664541485265,1,6.05840692873897
820.4678699970245,2.1349774846342378,1,6.0641566084836
820.5461702346802,2.1349774846342378,1,6.0641566084836
820.6242105960846,2.1426192117699507,1,6.05984434867513
820.7038252353668,2.147713696527095,1,6.056969508802815
820.7800261974335,2.1375247270128135,1,6.06271918854744
820.8590013980865,2.1298829998770934,1,6.067031448355915
820.9367480278015,2.162997150798528,1,6.048344989185869
821.0116727352142,2.1273357574985248,1,6.06846886829207
821.1050081253052,2.1349774846342378,1,6.0641566084836
821.1839678287506,2.1451664541485265,1,6.05840692873897
821.2590548992157,2.157902666041384,1,6.0512198290581845
821.3359553813934,2.1375247270128135,1,6.06271918854744
821.4131681919098,2.1451664541485265,1,6.05840692873897
821.4906845092773,2.132430242255669,1,6.065594028419755
821.5669667720795,2.1426192117699507,1,6.05984434867513
821.6433420181274,2.1375247270128135,1,6.06271918854744
821.7200284004211,2.147713696527095,1,6.056969508802815
821.7972764968872,2.1426192117699507,1,6.05984434867513
821.876478433609,2.1298829998770934,1,6.067031448355915
821.953412771225,2.1375247270128135,1,6.06271918854744
822.0319302082062,2.1451664541485265,1,6.05840692873897
822.1102275848389,2.1451664541485265,1,6.05840692873897
822.1870429515839,2.150260938905671,1,6.055532088866655
822.2659883499146,2.1273357574985248,1,6.06846886829207
822.3438532352448,2.1451664541485265,1,6.05840692873897
822.4208369255066,2.1528081812842395,1,6.0540946689304995
822.4992370605469,2.132430242255669,1,6.065594028419755
822.5790340900421,2.1273357574985248,1,6.06846886829207
822.6549198627472,2.1375247270128135,1,6.06271918854744
822.7488100528717,2.1349774846342378,1,6.0641566084836
822.8265383243561,2.1426192117699507,1,6.05984434867513
822.9044966697693,2.1451664541485265,1,6.05840692873897
822.9822735786438,2.1273357574985248,1,6.06846886829207
823.0595989227295,2.132430242255669,1,6.065594028419755
823.1376547813416,2.1528081812842395,1,6.0540946689304995
823.215414762497,2.1298829998770934,1,6.067031448355915
823.2913744449615,2.147713696527095,1,6.056969508802815
823.3672866821289,2.132430242255669,1,6.065594028419755
823.4462888240814,2.150260938905671,1,6.055532088866655
823.5256931781769,2.1426192117699507,1,6.05984434867513
823.6035041809082,2.1375247270128135,1,6.06271918854744
823.6826193332672,2.147713696527095,1,6.056969508802815
823.762047290802,2.1298829998770934,1,6.067031448355915
823.8374664783478,2.1298829998770934,1,6.067031448355915
823.9145016670227,2.1426192117699507,1,6.05984434867513
823.9928870201111,2.1451664541485265,1,6.05840692873897
824.0704922676086,2.155355423662815,1,6.05265724899434
824.1477553844452,2.1451664541485265,1,6.05840692873897
824.2260358333588,2.147713696527095,1,6.056969508802815
824.3357381820679,2.155355423662815,1,6.05265724899434
824.4150083065033,2.1375247270128135,1,6.06271918854744
824.493310213089,2.1451664541485265,1,6.05840692873897
824.5703723430634,2.140071969391382,1,6.061281768611285
824.6481647491455,2.1375247270128135,1,6.06271918854744
824.728358745575,2.1273357574985248,1,6.06846886829207
824.804976940155,2.1451664541485265,1,6.05840692873897
824.88228058815,2.1298829998770934,1,6.067031448355915
824.9770309925079,2.140071969391382,1,6.061281768611285
825.0549552440643,2.1451664541485265,1,6.05840692873897
825.1309423446655,2.1298829998770934,1,6.067031448355915
825.2077779769897,2.1349774846342378,1,6.0641566084836
825.283970117569,2.1451664541485265,1,6.05840692873897
825.3628993034363,2.1298829998770934,1,6.067031448355915
825.4430649280548,2.132430242255669,1,6.065594028419755
825.5199944972992,2.1426192117699507,1,6.05984434867513
825.5972092151642,2.1349774846342378,1,6.0641566084836
825.6750061511993,2.1528081812842395,1,6.0540946689304995
825.7539365291595,2.150260938905671,1,6.055532088866655
825.8328218460083,2.147713696527095,1,6.056969508802815
825.9246017932892,2.1426192117699507,1,6.05984434867513
826.0023980140686,2.1528081812842395,1,6.0540946689304995
826.0782959461212,2.1298829998770934,1,6.067031448355915
826.1552348136902,2.150260938905671,1,6.055532088866655
826.2329919338226,2.132430242255669,1,6.065594028419755
826.3102030754089,2.147713696527095,1,6.056969508802815
826.3862836360931,2.140071969391382,1,6.061281768611285
826.4643907546997,2.1375247270128135,1,6.06271918854744
826.5430912971497,2.147713696527095,1,6.056969508802815
826.6203827857971,2.155355423662815,1,6.05265724899434
826.6991798877716,2.150260938905671,1,6.055532088866655
826.779052734375,2.1375247270128135,1,6.06271918854744
826.856187582016,2.155355423662815,1,6.05265724899434
826.9341607093811,2.1528081812842395,1,6.0540946689304995
827.0130596160889,2.1375247270128135,1,6.06271918854744
827.0894274711609,2.147713696527095,1,6.056969508802815
827.1677024364471,2.147713696527095,1,6.056969508802815
827.2463593482971,2.1426192117699507,1,6.05984434867513
827.324102640152,2.1528081812842395,1,6.0540946689304995
827.4013121128082,2.1528081812842395,1,6.0540946689304995
827.4953103065491,2.1273357574985248,1,6.06846886829207
827.5718512535095,2.147713696527095,1,6.056969508802815
827.6499750614166,2.1426192117699507,1,6.05984434867513
827.7294368743896,2.1426192117699507,1,6.05984434867513
827.8057203292847,2.140071969391382,1,6.061281768611285
827.8831040859222,2.140071969391382,1,6.061281768611285
827.9618630409241,2.162997150798528,1,6.048344989185869
828.0388221740723,2.140071969391382,1,6.061281768611285
828.1161642074585,2.1528081812842395,1,6.0540946689304995
828.1946239471436,2.1349774846342378,1,6.0641566084836
828.2717773914337,2.162997150798528,1,6.048344989185869
828.3469107151031,2.1349774846342378,1,6.0641566084836
828.4255933761597,2.140071969391382,1,6.061281768611285
828.5009818077087,2.147713696527095,1,6.056969508802815
828.5787990093231,2.140071969391382,1,6.061281768611285
828.6566245555878,2.147713696527095,1,6.056969508802815
828.7345194816589,2.150260938905671,1,6.055532088866655
828.8125276565552,2.140071969391382,1,6.061281768611285
828.9040842056274,2.150260938905671,1,6.055532088866655
828.9806427955627,2.1426192117699507,1,6.05984434867513
829.0755321979523,2.147713696527095,1,6.056969508802815
829.1548533439636,2.157902666041384,1,6.0512198290581845
829.2308397293091,2.140071969391382,1,6.061281768611285
829.3096349239349,2.147713696527095,1,6.056969508802815
829.3894853591919,2.1680916355556725,1,6.045470149313554
829.466388463974,2.1604499084199595,1,6.049782409122025
829.5435786247253,2.150260938905671,1,6.055532088866655
829.622439622879,2.155355423662815,1,6.05265724899434
829.7001073360443,2.1426192117699507,1,6.05984434867513
829.7780542373657,2.1451664541485265,1,6.05840692873897
829.855507850647,2.1604499084199595,1,6.049782409122025
829.93230676651,2.132430242255669,1,6.065594028419755
830.0114765167236,2.1349774846342378,1,6.0641566084836
830.0885770320892,2.1604499084199595,1,6.049782409122025
830.1649582386017,2.132430242255669,1,6.065594028419755
830.2416491508484,2.1349774846342378,1,6.0641566084836
830.3209290504456,2.147713696527095,1,6.056969508802815
830.3985295295715,2.1349774846342378,1,6.0641566084836
830.4776847362518,2.1426192117699507,1,6.05984434867513
830.5562586784363,2.157902666041384,1,6.0512198290581845
830.63409948349,2.1426192117699507,1,6.05984434867513
830.742457151413,2.147713696527095,1,6.056969508802815
830.8201670646667,2.147713696527095,1,6.056969508802815
830.897278547287,2.1375247270128135,1,6.06271918854744
830.9730498790741,2.150260938905671,1,6.055532088866655
831.0498507022858,2.157902666041384,1,6.0512198290581845
831.125789642334,2.1375247270128135,1,6.06271918854744
831.2040615081787,2.1426192117699507,1,6.05984434867513
831.2822961807251,2.1604499084199595,1,6.049782409122025
831.3602256774902,2.1451664541485265,1,6.05840692873897
831.4380285739899,2.1604499084199595,1,6.049782409122025
831.5149598121643,2.147713696527095,1,6.056969508802815
831.5941956043243,2.1451664541485265,1,6.05840692873897
831.6731715202332,2.165544393177104,1,6.04690756924971
831.7509791851044,2.157902666041384,1,6.0512198290581845
831.8307909965515,2.1426192117699507,1,6.05984434867513
831.9078242778778,2.150260938905671,1,6.055532088866655
831.9840273857117,2.155355423662815,1,6.05265724899434
832.0628633499146,2.1375247270128135,1,6.06271918854744
832.1388719081879,2.155355423662815,1,6.05265724899434
832.2165374755859,2.157902666041384,1,6.0512198290581845
832.3277497291565,2.1349774846342378,1,6.0641566084836
832.4035894870758,2.162997150798528,1,6.048344989185869
832.4816677570343,2.157902666041384,1,6.0512198290581845
832.5595803260803,2.1426192117699507,1,6.05984434867513
832.6364109516144,2.150260938905671,1,6.055532088866655
832.7150514125824,2.157902666041384,1,6.0512198290581845
832.7931244373322,2.162997150798528,1,6.048344989185869
832.8697547912598,2.1528081812842395,1,6.0540946689304995
832.9491055011749,2.1604499084199595,1,6.049782409122025
833.0289540290833,2.1426192117699507,1,6.05984434867513
833.1070489883423,2.1375247270128135,1,6.06271918854744
833.1850938796997,2.162997150798528,1,6.048344989185869
833.2647724151611,2.150260938905671,1,6.055532088866655
833.3407120704651,2.147713696527095,1,6.056969508802815
833.4177331924438,2.150260938905671,1,6.055532088866655
833.4953482151031,2.140071969391382,1,6.061281768611285
833.5716445446014,2.157902666041384,1,6.0512198290581845
833.6501483917236,2.155355423662815,1,6.05265724899434
833.7298231124878,2.147713696527095,1,6.056969508802815
833.8069670200348,2.1528081812842395,1,6.0540946689304995
833.9027829170227,2.157902666041384,1,6.0512198290581845
833.9821453094482,2.140071969391382,1,6.061281768611285
834.0581679344177,2.1528081812842395,1,6.0540946689304995
834.1354756355286,2.1528081812842395,1,6.0540946689304995
834.2142643928528,2.157902666041384,1,6.0512198290581845
834.2906467914581,2.1426192117699507,1,6.05984434867513
834.3699436187744,2.157902666041384,1,6.0512198290581845
834.4493124485016,2.1426192117699507,1,6.05984434867513
834.5271258354187,2.1451664541485265,1,6.05840692873897
834.6069128513336,2.140071969391382,1,6.061281768611285
834.6860966682434,2.1604499084199595,1,6.049782409122025
834.7639842033386,2.1528081812842395,1,6.0540946689304995
834.8419485092163,2.147713696527095,1,6.056969508802815
834.919356584549,2.155355423662815,1,6.05265724899434
834.9965891838074,2.150260938905671,1,6.055532088866655
835.0756340026855,2.140071969391382,1,6.061281768611285
835.1544225215912,2.1426192117699507,1,6.05984434867513
835.2308766841888,2.157902666041384,1,6.0512198290581845
835.3087015151978,2.1375247270128135,1,6.06271918854744
835.3881943225861,2.1426192117699507,1,6.05984434867513
835.4808864593506,2.1528081812842395,1,6.0540946689304995
835.5588266849518,2.147713696527095,1,6.056969508802815
835.6362235546112,2.1604499084199595,1,6.049782409122025
835.7127389907837,2.1528081812842395,1,6.0540946689304995
835.7905027866364,2.1451664541485265,1,6.05840692873897
835.868360042572,2.1426192117699507,1,6.05984434867513
835.9456763267517,2.1426192117699507,1,6.05984434867513
836.0248136520386,2.147713696527095,1,6.056969508802815
836.1039514541626,2.1528081812842395,1,6.0540946689304995
836.181312084198,2.1528081812842395,1,6.0540946689304995
836.2581331729889,2.1426192117699507,1,6.05984434867513
836.3341338634491,2.150260938905671,1,6.055532088866655
836.4109952449799,2.1375247270128135,1,6.06271918854744
836.4868998527527,2.162997150798528,1,6.048344989185869
836.5642132759094,2.147713696527095,1,6.056969508802815
836.6409475803375,2.147713696527095,1,6.056969508802815
836.7194058895111,2.157902666041384,1,6.0512198290581845
836.797328710556,2.157902666041384,1,6.0512198290581845
836.889928817749,2.150260938905671,1,6.055532088866655
836.9669938087463,2.165544393177104,1,6.04690756924971
837.0729212760925,2.155355423662815,1,6.05265724899434
837.1502156257629,2.170638877934241,1,6.044032729377399
837.2269670963287,2.1528081812842395,1,6.0540946689304995
837.3050317764282,2.150260938905671,1,6.055532088866655
837.38401055336,2.155355423662815,1,6.05265724899434
837.4609897136688,2.1375247270128135,1,6.06271918854744
837.5376224517822,2.1528081812842395,1,6.0540946689304995
837.6164844036102,2.1451664541485265,1,6.05840692873897
837.6956436634064,2.1451664541485265,1,6.05840692873897
837.7730314731598,2.147713696527095,1,6.056969508802815
837.8494820594788,2.1426192117699507,1,6.05984434867513
837.9285118579865,2.140071969391382,1,6.061281768611285
838.0052533149719,2.140071969391382,1,6.061281768611285
838.0841383934021,2.165544393177104,1,6.04690756924971
838.1634080410004,2.170638877934241,1,6.044032729377399
838.241224527359,2.1451664541485265,1,6.05840692873897
838.3193180561066,2.1528081812842395,1,6.0540946689304995
838.3960423469543,2.147713696527095,1,6.056969508802815
838.4718749523163,2.150260938905671,1,6.055532088866655
838.5491707324982,2.162997150798528,1,6.048344989185869
838.627917766571,2.147713696527095,1,6.056969508802815
838.7219672203064,2.1426192117699507,1,6.05984434867513
838.7978785037994,2.165544393177104,1,6.04690756924971
838.8761703968048,2.1349774846342378,1,6.0641566084836
838.952755689621,2.157902666041384,1,6.0512198290581845
839.0316214561462,2.162997150798528,1,6.048344989185869
839.109466791153,2.162997150798528,1,6.048344989185869
839.1862621307373,2.1528081812842395,1,6.0540946689304995
839.2652504444122,2.1680916355556725,1,6.045470149313554
839.3416528701782,2.150260938905671,1,6.055532088866655
839.4173901081085,2.1604499084199595,1,6.049782409122025
839.494343996048,2.150260938905671,1,6.055532088866655
839.5711750984192,2.150260938905671,1,6.055532088866655
839.6477892398834,2.1528081812842395,1,6.0540946689304995
839.7258205413818,2.1375247270128135,1,6.06271918854744
839.8036148548126,2.1604499084199595,1,6.049782409122025
839.8808162212372,2.1528081812842395,1,6.0540946689304995
839.9594926834106,2.1375247270128135,1,6.06271918854744
840.0347111225128,2.165544393177104,1,6.04690756924971
840.1116917133331,2.155355423662815,1,6.05265724899434
840.1896374225616,2.1528081812842395,1,6.0540946689304995
840.297397851944,2.150260938905671,1,6.055532088866655
840.374785900116,2.140071969391382,1,6.061281768611285
840.4514424800873,2.150260938905671,1,6.055532088866655
840.5305931568146,2.147713696527095,1,6.056969508802815
840.6075727939606,2.150260938905671,1,6.055532088866655
840.6856789588928,2.1680916355556725,1,6.045470149313554
840.76247382164,2.157902666041384,1,6.0512198290581845
840.8396241664886,2.1426192117699507,1,6.05984434867513
840.9174146652222,2.155355423662815,1,6.05265724899434
840.9965863227844,2.155355423662815,1,6.05265724899434
841.0739967823029,2.1451664541485265,1,6.05840692873897
841.152893781662,2.147713696527095,1,6.056969508802815
841.2325310707092,2.155355423662815,1,6.05265724899434
841.3096587657928,2.150260938905671,1,6.055532088866655
841.3884153366089,2.155355423662815,1,6.05265724899434
841.4701976776123,2.162997150798528,1,6.048344989185869
841.5441737174988,2.155355423662815,1,6.05265724899434
841.6225869655609,2.162997150798528,1,6.048344989185869
841.7024102210999,2.165544393177104,1,6.04690756924971
841.7793900966644,2.157902666041384,1,6.0512198290581845
841.8712038993835,2.165544393177104,1,6.04690756924971
841.9492375850677,2.165544393177104,1,6.04690756924971
842.0258660316467,2.147713696527095,1,6.056969508802815
842.1038234233856,2.157902666041384,1,6.0512198290581845
842.182776927948,2.1528081812842395,1,6.0540946689304995
842.2609667778015,2.1528081812842395,1,6.0540946689304995
842.3408796787262,2.147713696527095,1,6.056969508802815
842.4182245731354,2.162997150798528,1,6.048344989185869
842.4950656890869,2.157902666041384,1,6.0512198290581845
842.572699546814,2.1528081812842395,1,6.0540946689304995
842.6520328521729,2.162997150798528,1,6.048344989185869
842.7289419174194,2.1680916355556725,1,6.045470149313554
842.8060483932495,2.1528081812842395,1,6.0540946689304995
842.8827180862427,2.155355423662815,1,6.05265724899434
842.9605104923248,2.157902666041384,1,6.0512198290581845
843.0389080047607,2.1604499084199595,1,6.049782409122025
843.1168649196625,2.1680916355556725,1,6.045470149313554
843.1941883563995,2.150260938905671,1,6.055532088866655
843.2726879119873,2.162997150798528,1,6.048344989185869
843.3514895439148,2.162997150798528,1,6.048344989185869
843.4450709819794,2.162997150798528,1,6.048344989185869
843.5248789787292,2.157902666041384,1,6.0512198290581845
843.6028954982758,2.157902666041384,1,6.0512198290581845
843.6795477867126,2.173186120312817,1,6.042595309441239
843.758855342865,2.1604499084199595,1,6.049782409122025
843.8357093334198,2.147713696527095,1,6.056969508802815
843.9132308959961,2.1680916355556725,1,6.045470149313554
843.9917986392975,2.157902666041384,1,6.0512198290581845
844.0695912837982,2.1528081812842395,1,6.0540946689304995
844.1464033126831,2.165544393177104,1,6.04690756924971
844.2230818271637,2.147713696527095,1,6.056969508802815
844.3009958267212,2.1680916355556725,1,6.045470149313554
844.3776955604553,2.157902666041384,1,6.0512198290581845
844.456228017807,2.1451664541485265,1,6.05840692873897
844.5341873168945,2.1528081812842395,1,6.0540946689304995
844.6118543148041,2.1604499084199595,1,6.049782409122025
844.689619064331,2.150260938905671,1,6.055532088866655
844.7658543586731,2.157902666041384,1,6.0512198290581845
844.8435211181641,2.157902666041384,1,6.0512198290581845
844.9214413166046,2.157902666041384,1,6.0512198290581845
845.0284252166748,2.147713696527095,1,6.056969508802815
845.1053438186646,2.162997150798528,1,6.048344989185869
845.1846315860748,2.173186120312817,1,6.042595309441239
845.2615659236908,2.1680916355556725,1,6.045470149313554
845.3386237621307,2.157902666041384,1,6.0512198290581845
845.4174540042877,2.1528081812842395,1,6.0540946689304995
845.4935348033905,2.165544393177104,1,6.04690756924971
845.5716078281403,2.1604499084199595,1,6.049782409122025
845.6485288143158,2.150260938905671,1,6.055532088866655
845.7246329784393,2.155355423662815,1,6.05265724899434
845.8024475574493,2.165544393177104,1,6.04690756924971
845.8811619281769,2.1604499084199595,1,6.049782409122025
845.9589638710022,2.1528081812842395,1,6.0540946689304995
846.0417320728302,2.165544393177104,1,6.04690756924971
846.1260106563568,2.165544393177104,1,6.04690756924971
846.2027888298035,2.173186120312817,1,6.042595309441239
846.2816042900085,2.165544393177104,1,6.04690756924971
846.359578371048,2.1680916355556725,1,6.045470149313554
846.4373705387115,2.157902666041384,1,6.0512198290581845
846.5151743888855,2.162997150798528,1,6.048344989185869
846.5939919948578,2.157902666041384,1,6.0512198290581845
846.6869010925293,2.147713696527095,1,6.056969508802815
846.7662258148193,2.1528081812842395,1,6.0540946689304995
846.8449087142944,2.157902666041384,1,6.0512198290581845
846.9216434955597,2.1528081812842395,1,6.0540946689304995
846.9992232322693,2.165544393177104,1,6.04690756924971
847.0771617889404,2.162997150798528,1,6.048344989185869
847.156911611557,2.157902666041384,1,6.0512198290581845
847.2362523078918,2.147713696527095,1,6.056969508802815
847.3130366802216,2.1680916355556725,1,6.045470149313554
847.3909602165222,2.162997150798528,1,6.048344989185869
847.4676067829132,2.162997150798528,1,6.048344989185869
847.5459878444672,2.1680916355556725,1,6.045470149313554
847.621767282486,2.162997150798528,1,6.048344989185869
847.6990797519684,2.1680916355556725,1,6.045470149313554
847.7768902778625,2.165544393177104,1,6.04690756924971
847.8531730175018,2.1604499084199595,1,6.049782409122025
847.9291706085205,2.165544393177104,1,6.04690756924971
848.0078592300415,2.147713696527095,1,6.056969508802815
848.085813999176,2.1604499084199595,1,6.049782409122025
848.1641488075256,2.165544393177104,1,6.04690756924971
848.2596788406372,2.170638877934241,1,6.044032729377399
848.3414669036865,2.1833750898271056,1,6.036845629696609
848.415275812149,2.1604499084199595,1,6.049782409122025
848.4940237998962,2.1680916355556725,1,6.045470149313554
848.5707046985626,2.157902666041384,1,6.0512198290581845
848.6485948562622,2.1757333626913855,1,6.041157889505083
848.726411819458,2.157902666041384,1,6.0512198290581845
848.8041987419128,2.162997150798528,1,6.048344989185869
848.8831152915955,2.170638877934241,1,6.044032729377399
848.9615685939789,2.165544393177104,1,6.04690756924971
849.0398864746094,2.1604499084199595,1,6.049782409122025
849.1171722412109,2.162997150798528,1,6.048344989185869
849.193480014801,2.170638877934241,1,6.044032729377399
849.2700912952423,2.147713696527095,1,6.056969508802815
849.3491461277008,2.1680916355556725,1,6.045470149313554
849.4279625415802,2.18082784744853,1,6.038283049632769
849.5205044746399,2.1528081812842395,1,6.0540946689304995
849.5995256900787,2.155355423662815,1,6.05265724899434
849.6778740882874,2.165544393177104,1,6.04690756924971
849.7563228607178,2.165544393177104,1,6.04690756924971
849.8516700267792,2.1604499084199595,1,6.049782409122025
849.9297108650208,2.170638877934241,1,6.044032729377399
850.0074517726898,2.170638877934241,1,6.044032729377399
850.0845410823822,2.157902666041384,1,6.0512198290581845
850.1608459949493,2.173186120312817,1,6.042595309441239
850.238689661026,2.1528081812842395,1,6.0540946689304995
850.3167233467102,2.1451664541485265,1,6.05840692873897
850.393620967865,2.157902666041384,1,6.0512198290581845
850.4733798503876,2.147713696527095,1,6.056969508802815
850.5516178607941,2.1604499084199595,1,6.049782409122025
850.6304063796997,2.155355423662815,1,6.05265724899434
850.7096540927887,2.1604499084199595,1,6.049782409122025
850.7886230945587,2.155355423662815,1,6.05265724899434
850.865416765213,2.1604499084199595,1,6.049782409122025
850.9412896633148,2.1528081812842395,1,6.0540946689304995
851.0207252502441,2.155355423662815,1,6.05265724899434
851.0970616340637,2.170638877934241,1,6.044032729377399
851.1748583316803,2.165544393177104,1,6.04690756924971
851.2505679130554,2.155355423662815,1,6.05265724899434
851.3275589942932,2.1680916355556725,1,6.045470149313554
851.421813249588,2.1426192117699507,1,6.05984434867513
851.4987134933472,2.165544393177104,1,6.04690756924971
851.5748221874237,2.173186120312817,1,6.042595309441239
851.6528108119965,2.1528081812842395,1,6.0540946689304995
851.7316031455994,2.155355423662815,1,6.05265724899434
851.8083984851837,2.165544393177104,1,6.04690756924971
851.8882122039795,2.162997150798528,1,6.048344989185869
851.9680116176605,2.157902666041384,1,6.0512198290581845
852.045814037323,2.165544393177104,1,6.04690756924971
852.1251695156097,2.170638877934241,1,6.044032729377399
852.2032792568207,2.162997150798528,1,6.048344989185869
852.2802004814148,2.1680916355556725,1,6.045470149313554
852.3587357997894,2.170638877934241,1,6.044032729377399
852.4372074604034,2.147713696527095,1,6.056969508802815
852.5139601230621,2.150260938905671,1,6.055532088866655
852.5914306640625,2.157902666041384,1,6.0512198290581845
852.669116973877,2.1604499084199595,1,6.049782409122025
852.7466793060303,2.162997150798528,1,6.048344989185869
852.8242514133453,2.165544393177104,1,6.04690756924971
852.9023833274841,2.155355423662815,1,6.05265724899434
853.0117833614349,2.170638877934241,1,6.044032729377399
853.0899102687836,2.173186120312817,1,6.042595309441239
853.1663172245026,2.157902666041384,1,6.0512198290581845
853.2438991069794,2.173186120312817,1,6.042595309441239
853.323203086853,2.1782806050699612,1,6.039720469568924
853.4019989967346,2.1604499084199595,1,6.049782409122025
853.4781317710876,2.1680916355556725,1,6.045470149313554
853.5570545196533,2.162997150798528,1,6.048344989185869
853.636182308197,2.155355423662815,1,6.05265724899434
853.7139773368835,2.162997150798528,1,6.048344989185869
853.7929952144623,2.1604499084199595,1,6.049782409122025
853.8704407215118,2.150260938905671,1,6.055532088866655
853.9480304718018,2.157902666041384,1,6.0512198290581845
854.02747631073,2.18082784744853,1,6.038283049632769
854.105535030365,2.1604499084199595,1,6.049782409122025
854.1830837726593,2.1604499084199595,1,6.049782409122025
854.2609827518463,2.165544393177104,1,6.04690756924971
854.339004278183,2.1782806050699612,1,6.039720469568924
854.416344165802,2.1528081812842395,1,6.0540946689304995
854.4941368103027,2.1680916355556725,1,6.045470149313554
854.5739979743958,2.157902666041384,1,6.0512198290581845
854.6663765907288,2.155355423662815,1,6.05265724899434
854.7441234588623,2.1680916355556725,1,6.045470149313554
854.8220729827881,2.165544393177104,1,6.04690756924971
854.9002611637115,2.1680916355556725,1,6.045470149313554
854.9781351089478,2.173186120312817,1,6.042595309441239
855.0561118125916,2.165544393177104,1,6.04690756924971
855.1349277496338,2.1528081812842395,1,6.0540946689304995
855.2287344932556,2.170638877934241,1,6.044032729377399
855.3057038784027,2.1757333626913855,1,6.041157889505083
855.3821935653687,2.170638877934241,1,6.044032729377399
855.4607515335083,2.1680916355556725,1,6.045470149313554
855.5386769771576,2.173186120312817,1,6.042595309441239
855.6169469356537,2.170638877934241,1,6.044032729377399
855.6970221996307,2.162997150798528,1,6.048344989185869
855.77383685112,2.162997150798528,1,6.048344989185869
855.8517003059387,2.1528081812842395,1,6.0540946689304995
855.929181098938,2.1680916355556725,1,6.045470149313554
856.0058805942535,2.173186120312817,1,6.042595309441239
856.0806851387024,2.1680916355556725,1,6.045470149313554
856.1585259437561,2.162997150798528,1,6.048344989185869
856.2525353431702,2.1757333626913855,1,6.041157889505083
856.3297743797302,2.162997150798528,1,6.048344989185869
856.4075310230255,2.1680916355556725,1,6.045470149313554
856.4837517738342,2.155355423662815,1,6.05265724899434
856.5615220069885,2.1757333626913855,1,6.041157889505083
856.6384119987488,2.173186120312817,1,6.042595309441239
856.7162220478058,2.165544393177104,1,6.04690756924971
856.7961452007294,2.165544393177104,1,6.04690756924971
856.8759708404541,2.1859223322056742,1,6.035408209760453
856.9528858661652,2.162997150798528,1,6.048344989185869
857.0297100543976,2.1859223322056742,1,6.035408209760453
857.1066529750824,2.1680916355556725,1,6.045470149313554
857.1835720539093,2.162997150798528,1,6.048344989185869
857.2624411582947,2.1782806050699612,1,6.039720469568924
857.3410623073578,2.170638877934241,1,6.044032729377399
857.4188301563263,2.1604499084199595,1,6.049782409122025
857.4976620674133,2.1680916355556725,1,6.045470149313554
857.5758621692657,2.18082784744853,1,6.038283049632769
857.6516046524048,2.170638877934241,1,6.044032729377399
857.7309939861298,2.165544393177104,1,6.04690756924971
857.8260831832886,2.173186120312817,1,6.042595309441239
857.9020054340363,2.1604499084199595,1,6.049782409122025
857.9809982776642,2.170638877934241,1,6.044032729377399
858.058363199234,2.1782806050699612,1,6.039720469568924
858.1341729164124,2.1680916355556725,1,6.045470149313554
858.2109882831573,2.1680916355556725,1,6.045470149313554
858.2888607978821,2.165544393177104,1,6.04690756924971
858.3663411140442,2.170638877934241,1,6.044032729377399
858.4437479972839,2.1757333626913855,1,6.041157889505083
858.5219419002533,2.1757333626913855,1,6.041157889505083
858.5976891517639,2.1604499084199595,1,6.049782409122025
858.6728229522705,2.1680916355556725,1,6.045470149313554
858.7509429454803,2.165544393177104,1,6.04690756924971
858.8282251358032,2.173186120312817,1,6.042595309441239
858.9069697856903,2.170638877934241,1,6.044032729377399
858.9839534759521,2.165544393177104,1,6.04690756924971
859.060720205307,2.162997150798528,1,6.048344989185869
859.1373658180237,2.173186120312817,1,6.042595309441239
859.2168734073639,2.1604499084199595,1,6.049782409122025
859.2931833267212,2.1604499084199595,1,6.049782409122025
859.3882720470428,2.18082784744853,1,6.038283049632769
859.4668490886688,2.162997150798528,1,6.048344989185869
859.5445148944855,2.170638877934241,1,6.044032729377399
859.6244060993195,2.1757333626913855,1,6.041157889505083
859.7034077644348,2.1910168169628186,1,6.032533369888139
859.7801651954651,2.165544393177104,1,6.04690756924971
859.8588106632233,2.1757333626913855,1,6.041157889505083
859.9357392787933,2.1757333626913855,1,6.041157889505083
860.0125267505646,2.1782806050699612,1,6.039720469568924
860.0913157463074,2.170638877934241,1,6.044032729377399
860.1691281795502,2.1833750898271056,1,6.036845629696609
860.2450997829437,2.1680916355556725,1,6.045470149313554
860.3228726387024,2.1680916355556725,1,6.045470149313554
860.4016242027283,2.1859223322056742,1,6.035408209760453
860.4789431095123,2.165544393177104,1,6.04690756924971
860.5577557086945,2.1757333626913855,1,6.041157889505083
860.6356151103973,2.1757333626913855,1,6.041157889505083
860.713591337204,2.18082784744853,1,6.038283049632769
860.7917284965515,2.1757333626913855,1,6.041157889505083
860.8695566654205,2.18082784744853,1,6.038283049632769
860.9773154258728,2.1782806050699612,1,6.039720469568924
861.0560123920441,2.1757333626913855,1,6.041157889505083
861.1359741687775,2.1859223322056742,1,6.035408209760453
861.2137401103973,2.1604499084199595,1,6.049782409122025
861.2926857471466,2.1757333626913855,1,6.041157889505083
861.3716418743134,2.1782806050699612,1,6.039720469568924
861.4476225376129,2.165544393177104,1,6.04690756924971
861.5254561901093,2.173186120312817,1,6.042595309441239
861.6027181148529,2.1910168169628186,1,6.032533369888139
861.6808953285217,2.170638877934241,1,6.044032729377399
861.7584962844849,2.1833750898271056,1,6.036845629696609
861.8370649814606,2.1782806050699612,1,6.039720469568924
861.9126174449921,2.1782806050699612,1,6.039720469568924
861.9912586212158,2.162997150798528,1,6.048344989185869
862.0710783004761,2.1782806050699612,1,6.039720469568924
862.1488389968872,2.165544393177104,1,6.04690756924971
862.2249789237976,2.18082784744853,1,6.038283049632769
862.3044857978821,2.1782806050699612,1,6.039720469568924
862.3818860054016,2.1757333626913855,1,6.041157889505083
862.4592852592468,2.1833750898271056,1,6.036845629696609
862.5367901325226,2.18846957458425,1,6.033970789824294
862.6429905891418,2.173186120312817,1,6.042595309441239
862.7221820354462,2.173186120312817,1,6.042595309441239
862.7974164485931,2.170638877934241,1,6.044032729377399
862.8752715587616,2.1782806050699612,1,6.039720469568924
862.954193353653,2.1757333626913855,1,6.041157889505083
863.031683921814,2.1782806050699612,1,6.039720469568924
863.1095781326294,2.1680916355556725,1,6.045470149313554
863.187931060791,2.18846957458425,1,6.033970789824294
863.2642140388489,2.170638877934241,1,6.044032729377399
863.3424055576324,2.1757333626913855,1,6.041157889505083
863.4222826957703,2.1910168169628186,1,6.032533369888139
863.4999787807465,2.1859223322056742,1,6.035408209760453
863.5784142017365,2.1680916355556725,1,6.045470149313554
863.6584689617157,2.1833750898271056,1,6.036845629696609
863.7364099025726,2.1782806050699612,1,6.039720469568924
863.8139269351959,2.162997150798528,1,6.048344989185869
863.8910846710205,2.1757333626913855,1,6.041157889505083
863.9691431522369,2.18082784744853,1,6.038283049632769
864.0475599765778,2.1782806050699612,1,6.039720469568924
864.1270508766174,2.173186120312817,1,6.042595309441239
864.2195515632629,2.1782806050699612,1,6.039720469568924
864.2917230129242,2.1680916355556725,1,6.045470149313554
864.3756186962128,2.173186120312817,1,6.042595309441239
864.4528257846832,2.173186120312817,1,6.042595309441239
864.5297379493713,2.1680916355556725,1,6.045470149313554
864.6069827079773,2.173186120312817,1,6.042595309441239
864.6840057373047,2.18846957458425,1,6.033970789824294
864.7629361152649,2.1782806050699612,1,6.039720469568924
864.8416030406952,2.1680916355556725,1,6.045470149313554
864.9183866977692,2.18082784744853,1,6.038283049632769
864.996280670166,2.1680916355556725,1,6.045470149313554
865.0742030143738,2.173186120312817,1,6.042595309441239
865.1511750221252,2.1782806050699612,1,6.039720469568924
865.2310738563538,2.1833750898271056,1,6.036845629696609
865.3102238178253,2.165544393177104,1,6.04690756924971
865.3862133026123,2.18082784744853,1,6.038283049632769
865.4657003879547,2.1782806050699612,1,6.039720469568924
865.5444934368134,2.165544393177104,1,6.04690756924971
865.6222856044769,2.1782806050699612,1,6.039720469568924
865.6990909576416,2.1833750898271056,1,6.036845629696609
865.7948412895203,2.173186120312817,1,6.042595309441239
865.8720798492432,2.1757333626913855,1,6.041157889505083
865.9504027366638,2.1757333626913855,1,6.041157889505083
866.028933763504,2.170638877934241,1,6.044032729377399
866.1070129871368,2.18082784744853,1,6.038283049632769
866.1868555545807,2.1859223322056742,1,6.035408209760453
866.2650463581085,2.1782806050699612,1,6.039720469568924
866.3420305252075,2.1782806050699612,1,6.039720469568924
866.4187633991241,2.18082784744853,1,6.038283049632769
866.4986662864685,2.173186120312817,1,6.042595309441239
866.5755536556244,2.18846957458425,1,6.033970789824294
866.6549251079559,2.1910168169628186,1,6.032533369888139
866.7331886291504,2.1782806050699612,1,6.039720469568924
866.8097257614136,2.1680916355556725,1,6.045470149313554
866.8890142440796,2.18082784744853,1,6.038283049632769
866.9655995368958,2.1782806050699612,1,6.039720469568924
867.0424449443817,2.170638877934241,1,6.044032729377399
867.121634721756,2.1833750898271056,1,6.036845629696609
867.1993911266327,2.196111301719963,1,6.029658530015823
867.2756688594818,2.173186120312817,1,6.042595309441239
867.3853898048401,2.1910168169628186,1,6.032533369888139
867.464225769043,2.1782806050699612,1,6.039720469568924
867.5413711071014,2.162997150798528,1,6.048344989185869
867.6212475299835,2.173186120312817,1,6.042595309441239
867.6972875595093,2.173186120312817,1,6.042595309441239
867.7918636798859,2.173186120312817,1,6.042595309441239
867.869637966156,2.18846957458425,1,6.033970789824294
867.947455406189,2.1833750898271056,1,6.036845629696609
868.0272932052612,2.1859223322056742,1,6.035408209760453
868.1060886383057,2.1782806050699612,1,6.039720469568924
868.1830325126648,2.196111301719963,1,6.029658530015823
868.2597842216492,2.18846957458425,1,6.033970789824294
868.3383960723877,2.18082784744853,1,6.038283049632769
868.4166467189789,2.18846957458425,1,6.033970789824294
868.4964792728424,2.1935640593413943,1,6.031095949951979
868.5746681690216,2.1680916355556725,1,6.045470149313554
868.6526691913605,2.1757333626913855,1,6.041157889505083
868.7313482761383,2.18082784744853,1,6.038283049632769
868.8102309703827,2.170638877934241,1,6.044032729377399
868.8872365951538,2.18846957458425,1,6.033970789824294
868.997968673706,2.1859223322056742,1,6.035408209760453
869.0759084224701,2.173186120312817,1,6.042595309441239
869.1525056362152,2.18082784744853,1,6.038283049632769
869.2307479381561,2.1859223322056742,1,6.035408209760453
869.3090200424194,2.18846957458425,1,6.033970789824294
869.3870394229889,2.1859223322056742,1,6.035408209760453
869.4653451442719,2.18846957458425,1,6.033970789824294
869.5430645942688,2.173186120312817,1,6.042595309441239
869.6199362277985,2.1782806050699612,1,6.039720469568924
869.6992468833923,2.173186120312817,1,6.042595309441239
869.7773430347443,2.18082784744853,1,6.038283049632769
869.8550691604614,2.18082784744853,1,6.038283049632769
869.9330325126648,2.1782806050699612,1,6.039720469568924
870.011462688446,2.1757333626913855,1,6.041157889505083
870.0886318683624,2.1833750898271056,1,6.036845629696609
870.1666059494019,2.1757333626913855,1,6.041157889505083
870.2440295219421,2.1833750898271056,1,6.036845629696609
870.320351600647,2.1833750898271056,1,6.036845629696609
870.398656129837,2.1833750898271056,1,6.036845629696609
870.476446390152,2.165544393177104,1,6.04690756924971
870.5532875061035,2.1935640593413943,1,6.031095949951979
870.6465682983398,2.18846957458425,1,6.033970789824294
870.724570274353,2.1859223322056742,1,6.035408209760453
870.8008432388306,2.1910168169628186,1,6.032533369888139
870.8773038387299,2.1833750898271056,1,6.036845629696609
870.9549775123596,2.1833750898271056,1,6.036845629696609
871.032970905304,2.18846957458425,1,6.033970789824294
871.1098320484161,2.1782806050699612,1,6.039720469568924
871.1886210441589,2.18846957458425,1,6.033970789824294
871.266037940979,2.1935640593413943,1,6.031095949951979
871.3448965549469,2.170638877934241,1,6.044032729377399
871.423821926117,2.18082784744853,1,6.038283049632769
871.5008568763733,2.1910168169628186,1,6.032533369888139
871.5806732177734,2.1859223322056742,1,6.035408209760453
871.656861782074,2.1757333626913855,1,6.041157889505083
871.7338161468506,2.1833750898271056,1,6.036845629696609
871.8107557296753,2.1782806050699612,1,6.039720469568924
871.8886618614197,2.18082784744853,1,6.038283049632769
871.9666216373444,2.18082784744853,1,6.038283049632769
872.044517993927,2.170638877934241,1,6.044032729377399
872.1216778755188,2.1757333626913855,1,6.041157889505083
872.2146344184875,2.1833750898271056,1,6.036845629696609
872.2924315929413,2.1833750898271056,1,6.036845629696609
872.3692650794983,2.1859223322056742,1,6.035408209760453
872.4479157924652,2.1782806050699612,1,6.039720469568924
872.525728225708,2.1757333626913855,1,6.041157889505083
872.6045794487,2.1833750898271056,1,6.036845629696609
872.682633638382,2.1757333626913855,1,6.041157889505083
872.759624004364,2.1782806050699612,1,6.039720469568924
872.8364524841309,2.1935640593413943,1,6.031095949951979
872.9151718616486,2.1935640593413943,1,6.031095949951979
872.9939155578613,2.1757333626913855,1,6.041157889505083
873.0709910392761,2.1910168169628186,1,6.032533369888139
873.1478855609894,2.173186120312817,1,6.042595309441239
873.2256970405579,2.1782806050699612,1,6.039720469568924
873.3047196865082,2.1757333626913855,1,6.041157889505083
873.3809254169464,2.1910168169628186,1,6.032533369888139
873.4597315788269,2.2063002712342517,1,6.023908850271193
873.536039352417,2.18846957458425,1,6.033970789824294
873.6149611473083,2.1935640593413943,1,6.031095949951979
873.6948523521423,2.1833750898271056,1,6.036845629696609
873.7869009971619,2.1935640593413943,1,6.031095949951979
873.8638529777527,2.18846957458425,1,6.033970789824294
873.9415347576141,2.1757333626913855,1,6.041157889505083
874.0176060199738,2.1833750898271056,1,6.036845629696609
874.0939562320709,2.18846957458425,1,6.033970789824294
874.1719908714294,2.1757333626913855,1,6.041157889505083
874.2494101524353,2.18846957458425,1,6.033970789824294
874.3271985054016,2.1833750898271056,1,6.036845629696609
874.4059879779816,2.173186120312817,1,6.042595309441239
874.4830386638641,2.1859223322056742,1,6.035408209760453
874.5604395866394,2.18846957458425,1,6.033970789824294
874.637200832367,2.18846957458425,1,6.033970789824294
874.7130393981934,2.1935640593413943,1,6.031095949951979
874.7901813983917,2.170638877934241,1,6.044032729377399
874.8665177822113,2.1833750898271056,1,6.036845629696609
874.9589233398438,2.1833750898271056,1,6.036845629696609
875.036895275116,2.18846957458425,1,6.033970789824294
875.1162323951721,2.1910168169628186,1,6.032533369888139
875.1930346488953,2.18846957458425,1,6.033970789824294
875.2689158916473,2.1680916355556725,1,6.045470149313554
875.3618636131287,2.1910168169628186,1,6.032533369888139
875.4380209445953,2.1782806050699612,1,6.039720469568924
875.5162596702576,2.18846957458425,1,6.033970789824294
875.5935952663422,2.18846957458425,1,6.033970789824294
875.6701653003693,2.18846957458425,1,6.033970789824294
875.7404098510742,2.1757333626913855,1,6.041157889505083
875.8269834518433,2.18082784744853,1,6.038283049632769
875.9054114818573,2.18846957458425,1,6.033970789824294
875.9835395812988,2.18846957458425,1,6.033970789824294
876.063280582428,2.1935640593413943,1,6.031095949951979
876.1399562358856,2.170638877934241,1,6.044032729377399
876.2198657989502,2.1757333626913855,1,6.041157889505083
876.2972376346588,2.1833750898271056,1,6.036845629696609
876.3752863407135,2.1833750898271056,1,6.036845629696609
876.4532358646393,2.147713696527095,1,6.056969508802815
876.5312089920044,2.1910168169628186,1,6.032533369888139
876.6091187000275,2.18846957458425,1,6.033970789824294
876.6879665851593,2.165544393177104,1,6.04690756924971
876.7648277282715,2.18082784744853,1,6.038283049632769
876.8416526317596,2.18846957458425,1,6.033970789824294
876.9669148921967,2.1833750898271056,1,6.036845629696609
877.043609380722,2.1910168169628186,1,6.032533369888139
877.1214101314545,2.1833750898271056,1,6.036845629696609
877.1995851993561,2.1910168169628186,1,6.032533369888139
877.2763950824738,2.1935640593413943,1,6.031095949951979
877.3537473678589,2.1782806050699612,1,6.039720469568924
877.4317660331726,2.1910168169628186,1,6.032533369888139
877.509642124176,2.18846957458425,1,6.033970789824294
877.5864863395691,2.1757333626913855,1,6.041157889505083
877.6651847362518,2.1910168169628186,1,6.032533369888139
877.7431204319,2.1986585440985316,1,6.028221110079667
877.8215425014496,2.170638877934241,1,6.044032729377399
877.8985784053802,2.1910168169628186,1,6.032533369888139
877.9754512310028,2.173186120312817,1,6.042595309441239
878.0532388687134,2.1859223322056742,1,6.035408209760453
878.1459829807281,2.1859223322056742,1,6.035408209760453
878.2248878479004,2.1859223322056742,1,6.035408209760453
878.3021676540375,2.18846957458425,1,6.033970789824294
878.3794045448303,2.196111301719963,1,6.029658530015823
878.4574859142303,2.165544393177104,1,6.04690756924971
878.5343196392059,2.1782806050699612,1,6.039720469568924
878.6282255649567,2.1833750898271056,1,6.036845629696609
878.7057547569275,2.1859223322056742,1,6.035408209760453
878.7840390205383,2.18082784744853,1,6.038283049632769
878.8604385852814,2.18846957458425,1,6.033970789824294
878.9367105960846,2.1782806050699612,1,6.039720469568924
879.0145649909973,2.1833750898271056,1,6.036845629696609
879.094318151474,2.18846957458425,1,6.033970789824294
879.1709494590759,2.1859223322056742,1,6.035408209760453
879.2498865127563,2.1859223322056742,1,6.035408209760453
879.3281488418579,2.1833750898271056,1,6.036845629696609
879.4039866924286,2.1833750898271056,1,6.036845629696609
879.4826602935791,2.1910168169628186,1,6.032533369888139
879.5596961975098,2.1910168169628186,1,6.032533369888139
879.6363184452057,2.1782806050699612,1,6.039720469568924
879.7148449420929,2.1910168169628186,1,6.032533369888139
879.7939677238464,2.18846957458425,1,6.033970789824294
879.8719477653503,2.1782806050699612,1,6.039720469568924
879.9510984420776,2.1833750898271056,1,6.036845629696609
880.0287714004517,2.18846957458425,1,6.033970789824294
880.1061038970947,2.18082784744853,1,6.038283049632769
880.2002074718475,2.18846957458425,1,6.033970789824294
880.2781155109406,2.18846957458425,1,6.033970789824294
880.3708174228668,2.173186120312817,1,6.042595309441239
880.4498670101166,2.1833750898271056,1,6.036845629696609
880.528169631958,2.1935640593413943,1,6.031095949951979
880.605827331543,2.18846957458425,1,6.033970789824294
880.6854333877563,2.1935640593413943,1,6.031095949951979
880.7632644176483,2.1986585440985316,1,6.028221110079667
880.8403503894806,2.203753028855676,1,6.025346270207352
880.9181311130524,2.18846957458425,1,6.033970789824294
880.9968764781952,2.203753028855676,1,6.025346270207352
881.0731959342957,2.1859223322056742,1,6.035408209760453
881.1508347988129,2.2012057864771073,1,6.026783690143509
881.2295348644257,2.1859223322056742,1,6.035408209760453
881.3061854839325,2.1782806050699612,1,6.039720469568924
881.3846871852875,2.1935640593413943,1,6.031095949951979
881.4657714366913,2.1935640593413943,1,6.031095949951979
881.5419292449951,2.1910168169628186,1,6.032533369888139
881.6193609237671,2.1859223322056742,1,6.035408209760453
881.697158575058,2.1833750898271056,1,6.036845629696609
881.7901570796967,2.18846957458425,1,6.033970789824294
881.8683233261108,2.1833750898271056,1,6.036845629696609
881.9461410045624,2.1986585440985316,1,6.028221110079667
882.0231339931488,2.1782806050699612,1,6.039720469568924
882.1019291877747,2.1859223322056742,1,6.035408209760453
882.1799259185791,2.1986585440985316,1,6.028221110079667
882.2567195892334,2.18082784744853,1,6.038283049632769
882.3340198993683,2.1935640593413943,1,6.031095949951979
882.4133138656616,2.1910168169628186,1,6.032533369888139
882.4901158809662,2.1910168169628186,1,6.032533369888139
882.5694539546967,2.1757333626913855,1,6.041157889505083
882.6462488174438,2.1986585440985316,1,6.028221110079667
882.7233710289001,2.1986585440985316,1,6.028221110079667
882.8013734817505,2.1935640593413943,1,6.031095949951979
882.8792855739594,2.1986585440985316,1,6.028221110079667
882.9559288024902,2.18846957458425,1,6.033970789824294
883.0326936244965,2.1935640593413943,1,6.031095949951979
883.1114251613617,2.2012057864771073,1,6.026783690143509
883.1876583099365,2.1833750898271056,1,6.036845629696609
883.2657282352448,2.18082784744853,1,6.038283049632769
883.3724474906921,2.1833750898271056,1,6.036845629696609
883.4492752552032,2.2012057864771073,1,6.026783690143509
883.529141664505,2.196111301719963,1,6.029658530015823
883.6080226898193,2.1910168169628186,1,6.032533369888139
883.6865873336792,2.18846957458425,1,6.033970789824294
883.7673683166504,2.196111301719963,1,6.029658530015823
883.8430759906769,2.18082784744853,1,6.038283049632769
883.9219093322754,2.18082784744853,1,6.038283049632769
884.0017268657684,2.1859223322056742,1,6.035408209760453
884.0785233974457,2.1986585440985316,1,6.028221110079667
884.1551218032837,2.1680916355556725,1,6.045470149313554
884.2329185009003,2.18846957458425,1,6.033970789824294
884.3118147850037,2.18846957458425,1,6.033970789824294
884.3878962993622,2.1782806050699612,1,6.039720469568924
884.4649200439453,2.1859223322056742,1,6.035408209760453
884.5439729690552,2.2012057864771073,1,6.026783690143509
884.6210534572601,2.1935640593413943,1,6.031095949951979
884.6978342533112,2.196111301719963,1,6.029658530015823
884.7766788005829,2.1910168169628186,1,6.032533369888139
884.8546435832977,2.170638877934241,1,6.044032729377399
884.9648797512054,2.1986585440985316,1,6.028221110079667
885.0424740314484,2.1910168169628186,1,6.032533369888139
885.1219680309296,2.1757333626913855,1,6.041157889505083
885.2019486427307,2.1859223322056742,1,6.035408209760453
885.279274225235,2.1935640593413943,1,6.031095949951979
885.3591949939728,2.196111301719963,1,6.029658530015823
885.436882019043,2.1782806050699612,1,6.039720469568924
885.5140421390533,2.2063002712342517,1,6.023908850271193
885.5922174453735,2.1935640593413943,1,6.031095949951979
885.6700410842896,2.1833750898271056,1,6.036845629696609
885.7470490932465,2.1986585440985316,1,6.028221110079667
885.8262672424316,2.196111301719963,1,6.029658530015823
885.9030323028564,2.18846957458425,1,6.033970789824294
885.978990316391,2.196111301719963,1,6.029658530015823
886.0569512844086,2.196111301719963,1,6.029658530015823
886.1368701457977,2.18846957458425,1,6.033970789824294
886.2127134799957,2.2012057864771073,1,6.026783690143509
886.2888071537018,2.1986585440985316,1,6.028221110079667
886.3666167259216,2.1986585440985316,1,6.028221110079667
886.444747209549,2.1986585440985316,1,6.028221110079667
886.5219781398773,2.1935640593413943,1,6.031095949951979
886.6167635917664,2.18846957458425,1,6.033970789824294
886.6937983036041,2.2088475136128203,1,6.022471430335037
886.7719736099243,2.1833750898271056,1,6.036845629696609
886.850259065628,2.18846957458425,1,6.033970789824294
886.9272131919861,2.2088475136128203,1,6.022471430335037
887.0059726238251,2.1935640593413943,1,6.031095949951979
887.0829560756683,2.1833750898271056,1,6.036845629696609
887.1754634380341,2.1935640593413943,1,6.031095949951979
887.2512609958649,2.1833750898271056,1,6.036845629696609
887.3292229175568,2.203753028855676,1,6.025346270207352
887.4068419933319,2.2088475136128203,1,6.022471430335037
887.4839239120483,2.1859223322056742,1,6.035408209760453
887.5619595050812,2.2063002712342517,1,6.023908850271193
887.6398289203644,2.203753028855676,1,6.025346270207352
887.7171883583069,2.1910168169628186,1,6.032533369888139
887.7954943180084,2.196111301719963,1,6.029658530015823
887.8725457191467,2.1935640593413943,1,6.031095949951979
887.9506957530975,2.2088475136128203,1,6.022471430335037
888.028815984726,2.2063002712342517,1,6.023908850271193
888.1066710948944,2.2012057864771073,1,6.026783690143509
888.217410326004,2.1910168169628186,1,6.032533369888139
888.2942759990692,2.1986585440985316,1,6.028221110079667
888.3710370063782,2.203753028855676,1,6.025346270207352
888.4498136043549,2.1986585440985316,1,6.028221110079667
888.5273814201355,2.2012057864771073,1,6.026783690143509
888.6052138805389,2.203753028855676,1,6.025346270207352
888.6817765235901,2.1935640593413943,1,6.031095949951979
888.7587962150574,2.203753028855676,1,6.025346270207352
888.8380296230316,2.2088475136128203,1,6.022471430335037
888.915641784668,2.1935640593413943,1,6.031095949951979
888.9922153949738,2.211394755991396,1,6.021034010398878
889.0699760913849,2.1986585440985316,1,6.028221110079667
889.1488773822784,2.2012057864771073,1,6.026783690143509
889.2241888046265,2.1935640593413943,1,6.031095949951979
889.3011252880096,2.2063002712342517,1,6.023908850271193
889.3773169517517,2.2164892407485404,1,6.0181591705265625
889.4551100730896,2.211394755991396,1,6.021034010398878
889.5341510772705,2.2012057864771073,1,6.026783690143509
889.6116206645966,2.2088475136128203,1,6.022471430335037
889.687534570694,2.196111301719963,1,6.029658530015823
889.7816846370697,2.196111301719963,1,6.029658530015823
889.8616752624512,2.1986585440985316,1,6.028221110079667
889.9386868476868,2.1986585440985316,1,6.028221110079667
890.0175626277924,2.1935640593413943,1,6.031095949951979
890.0936887264252,2.2088475136128203,1,6.022471430335037
890.17090010643,2.196111301719963,1,6.029658530015823
890.249017238617,2.2063002712342517,1,6.023908850271193
890.3260571956635,2.2164892407485404,1,6.0181591705265625
890.403035402298,2.203753028855676,1,6.025346270207352
890.4808185100555,2.2088475136128203,1,6.022471430335037
890.5590598583221,2.203753028855676,1,6.025346270207352
890.6368067264557,2.211394755991396,1,6.021034010398878
890.7163479328156,2.2012057864771073,1,6.026783690143509
890.7956511974335,2.196111301719963,1,6.029658530015823
890.8739330768585,2.1986585440985316,1,6.028221110079667
890.9523711204529,2.1910168169628186,1,6.032533369888139
891.031097650528,2.2088475136128203,1,6.022471430335037
891.1069648265839,2.2164892407485404,1,6.0181591705265625
891.1869101524353,2.2012057864771073,1,6.026783690143509
891.2660276889801,2.1935640593413943,1,6.031095949951979
891.3740074634552,2.196111301719963,1,6.029658530015823
891.4525578022003,2.2012057864771073,1,6.026783690143509
891.5308966636658,2.1986585440985316,1,6.028221110079667
891.6085908412933,2.2063002712342517,1,6.023908850271193
891.68687748909,2.2139419983699646,1,6.019596590462722
891.7657897472382,2.196111301719963,1,6.029658530015823
891.843608379364,2.196111301719963,1,6.029658530015823
891.9219784736633,2.219036483127109,1,6.016721750590407
891.999570608139,2.203753028855676,1,6.025346270207352
892.076583147049,2.2088475136128203,1,6.022471430335037
892.1530494689941,2.1986585440985316,1,6.028221110079667
892.2293133735657,2.2088475136128203,1,6.022471430335037
892.3062701225281,2.2139419983699646,1,6.019596590462722
892.3855285644531,2.1986585440985316,1,6.028221110079667
892.4640741348267,2.196111301719963,1,6.029658530015823
892.5400261878967,2.2088475136128203,1,6.022471430335037
892.6179897785187,2.203753028855676,1,6.025346270207352
892.6952197551727,2.2012057864771073,1,6.026783690143509
892.7719371318817,2.226678210262822,1,6.012409490781937
892.8479523658752,2.2012057864771073,1,6.026783690143509
892.9547300338745,2.219036483127109,1,6.016721750590407
893.0325253009796,2.2012057864771073,1,6.026783690143509
893.1087400913239,2.211394755991396,1,6.021034010398878
893.1885838508606,2.2012057864771073,1,6.026783690143509
893.2654323577881,2.1935640593413943,1,6.031095949951979
893.3435926437378,2.219036483127109,1,6.016721750590407
893.4214732646942,2.2012057864771073,1,6.026783690143509
893.4992706775665,2.1910168169628186,1,6.032533369888139
893.578058719635,2.2088475136128203,1,6.022471430335037
893.6570756435394,2.2088475136128203,1,6.022471430335037
893.7333493232727,2.196111301719963,1,6.029658530015823
893.8116509914398,2.203753028855676,1,6.025346270207352
893.8895978927612,2.203753028855676,1,6.025346270207352
893.9654381275177,2.1935640593413943,1,6.031095949951979
894.0429244041443,2.203753028855676,1,6.025346270207352
894.1186921596527,2.1986585440985316,1,6.028221110079667
894.1954908370972,2.203753028855676,1,6.025346270207352
894.2753489017487,2.2012057864771073,1,6.026783690143509
894.3527171611786,2.1910168169628186,1,6.032533369888139
894.4306209087372,2.1859223322056742,1,6.035408209760453
894.510448217392,2.2012057864771073,1,6.026783690143509
894.6041207313538,2.196111301719963,1,6.029658530015823
894.6819303035736,2.196111301719963,1,6.029658530015823
894.7610809803009,2.1986585440985316,1,6.028221110079667
894.840505361557,2.2088475136128203,1,6.022471430335037
894.9164576530457,2.1910168169628186,1,6.032533369888139
894.9936683177948,2.203753028855676,1,6.025346270207352
895.0718057155609,2.203753028855676,1,6.025346270207352
895.1487097740173,2.1935640593413943,1,6.031095949951979
895.2275540828705,2.2088475136128203,1,6.022471430335037
895.30437541008,2.203753028855676,1,6.025346270207352
895.381190776825,2.1910168169628186,1,6.032533369888139
895.4596099853516,2.2063002712342517,1,6.023908850271193
895.5368413925171,2.1986585440985316,1,6.028221110079667
895.6143372058868,2.18846957458425,1,6.033970789824294
895.6901297569275,2.203753028855676,1,6.025346270207352
895.768860578537,2.196111301719963,1,6.029658530015823
895.8450791835785,2.2063002712342517,1,6.023908850271193
895.922935962677,2.203753028855676,1,6.025346270207352
896.0011029243469,2.203753028855676,1,6.025346270207352
896.0779728889465,2.1910168169628186,1,6.032533369888139
896.1729211807251,2.2063002712342517,1,6.023908850271193
896.2503402233124,2.196111301719963,1,6.029658530015823
896.3339996337891,2.203753028855676,1,6.025346270207352
896.40806889534,2.2012057864771073,1,6.026783690143509
896.4836399555206,2.18846957458425,1,6.033970789824294
896.5608785152435,2.196111301719963,1,6.029658530015823
896.6389656066895,2.196111301719963,1,6.029658530015823
896.7152583599091,2.18846957458425,1,6.033970789824294
896.7939548492432,2.1986585440985316,1,6.028221110079667
896.8701131343842,2.2088475136128203,1,6.022471430335037
896.9478857517242,2.1986585440985316,1,6.028221110079667
897.0278115272522,2.18846957458425,1,6.033970789824294
897.1051001548767,2.2088475136128203,1,6.022471430335037
897.1811728477478,2.196111301719963,1,6.029658530015823
897.2602062225342,2.2088475136128203,1,6.022471430335037
897.3386740684509,2.203753028855676,1,6.025346270207352
897.4161474704742,2.1935640593413943,1,6.031095949951979
897.4945163726807,2.2088475136128203,1,6.022471430335037
897.5733923912048,2.211394755991396,1,6.021034010398878
897.6496205329895,2.196111301719963,1,6.029658530015823
897.7422740459442,2.2063002712342517,1,6.023908850271193
897.8202447891235,2.2139419983699646,1,6.019596590462722
897.8981275558472,2.1986585440985316,1,6.028221110079667
897.9760866165161,2.1986585440985316,1,6.028221110079667
898.0541079044342,2.2012057864771073,1,6.026783690143509
898.1310358047485,2.196111301719963,1,6.029658530015823
898.2090511322021,2.196111301719963,1,6.029658530015823
898.2859230041504,2.2063002712342517,1,6.023908850271193
898.3631484508514,2.1986585440985316,1,6.028221110079667
898.4410350322723,2.2063002712342517,1,6.023908850271193
898.5191035270691,2.2012057864771073,1,6.026783690143509
898.5962374210358,2.2012057864771073,1,6.026783690143509
898.6739869117737,2.2063002712342517,1,6.023908850271193
898.7524509429932,2.2063002712342517,1,6.023908850271193
898.8296339511871,2.1986585440985316,1,6.028221110079667
898.9083018302917,2.2139419983699646,1,6.019596590462722
898.9846739768982,2.1986585440985316,1,6.028221110079667
899.0620729923248,2.2012057864771073,1,6.026783690143509
899.1398639678955,2.211394755991396,1,6.021034010398878
899.2186110019684,2.1986585440985316,1,6.028221110079667
899.3273816108704,2.203753028855676,1,6.025346270207352
899.4044091701508,2.2139419983699646,1,6.019596590462722
899.4813044071198,2.1910168169628186,1,6.032533369888139
899.5597217082977,2.2088475136128203,1,6.022471430335037
899.6385312080383,2.211394755991396,1,6.021034010398878
899.715615272522,2.1910168169628186,1,6.032533369888139
899.8103370666504,2.196111301719963,1,6.029658530015823
899.8886635303497,2.2063002712342517,1,6.023908850271193
899.9665994644165,2.1935640593413943,1,6.031095949951979
900.0445077419281,2.1986585440985316,1,6.028221110079667
900.1222407817841,2.203753028855676,1,6.025346270207352
900.2001144886017,2.1859223322056742,1,6.035408209760453
900.2779722213745,2.211394755991396,1,6.021034010398878
900.3577978610992,2.2063002712342517,1,6.023908850271193
900.4336783885956,2.1935640593413943,1,6.031095949951979
900.5114738941193,2.18846957458425,1,6.033970789824294
900.5906019210815,2.1986585440985316,1,6.028221110079667
900.6668965816498,2.203753028855676,1,6.025346270207352
900.7460296154022,2.1986585440985316,1,6.028221110079667
900.8247067928314,2.203753028855676,1,6.025346270207352
900.9338912963867,2.2012057864771073,1,6.026783690143509
901.011027097702,2.18846957458425,1,6.033970789824294
901.0892331600189,2.219036483127109,1,6.016721750590407
901.1652615070343,2.196111301719963,1,6.029658530015823
901.2429413795471,2.203753028855676,1,6.025346270207352
901.3204371929169,2.2088475136128203,1,6.022471430335037
901.3982362747192,2.1986585440985316,1,6.028221110079667
901.4774525165558,2.203753028855676,1,6.025346270207352
901.5562856197357,2.2088475136128203,1,6.022471430335037
901.6339166164398,2.1986585440985316,1,6.028221110079667
901.7107410430908,2.2012057864771073,1,6.026783690143509
901.7881681919098,2.2088475136128203,1,6.022471430335037
901.8648433685303,2.1833750898271056,1,6.036845629696609
901.9431083202362,2.1986585440985316,1,6.028221110079667
902.0216710567474,2.2088475136128203,1,6.022471430335037
902.0974667072296,2.1935640593413943,1,6.031095949951979
902.1741108894348,2.2088475136128203,1,6.022471430335037
902.2509407997131,2.2088475136128203,1,6.022471430335037
902.3271069526672,2.2063002712342517,1,6.023908850271193
902.4040312767029,2.2088475136128203,1,6.022471430335037
902.4830338954926,2.211394755991396,1,6.021034010398878
902.5750644207001,2.2088475136128203,1,6.022471430335037
902.654016494751,2.2088475136128203,1,6.022471430335037
902.7305812835693,2.1986585440985316,1,6.028221110079667
902.8083770275116,2.2139419983699646,1,6.019596590462722
902.8853404521942,2.2012057864771073,1,6.026783690143509
902.9642009735107,2.203753028855676,1,6.025346270207352
903.0403287410736,2.211394755991396,1,6.021034010398878
903.1210882663727,2.2164892407485404,1,6.0181591705265625
903.1987965106964,2.2164892407485404,1,6.0181591705265625
903.2754242420197,2.2088475136128203,1,6.022471430335037
903.3551807403564,2.2139419983699646,1,6.019596590462722
903.4341022968292,2.2088475136128203,1,6.022471430335037
903.5111434459686,2.203753028855676,1,6.025346270207352
903.5885717868805,2.2215837255056847,1,6.015284330654248
903.6662662029266,2.2012057864771073,1,6.026783690143509
903.7435405254364,2.2088475136128203,1,6.022471430335037
903.822988986969,2.211394755991396,1,6.021034010398878
903.9030301570892,2.2215837255056847,1,6.015284330654248
903.9790835380554,2.2088475136128203,1,6.022471430335037
904.0562739372253,2.2139419983699646,1,6.019596590462722
904.1500098705292,2.2088475136128203,1,6.022471430335037
904.2268288135529,2.2063002712342517,1,6.023908850271193
904.3066256046295,2.2063002712342517,1,6.023908850271193
904.3844175338745,2.211394755991396,1,6.021034010398878
904.4599452018738,2.203753028855676,1,6.025346270207352
904.5387239456177,2.2088475136128203,1,6.022471430335037
904.6155142784119,2.2164892407485404,1,6.0181591705265625
904.6942014694214,2.2088475136128203,1,6.022471430335037
904.7720353603363,2.211394755991396,1,6.021034010398878
904.8489255905151,2.1986585440985316,1,6.028221110079667
904.9277963638306,2.203753028855676,1,6.025346270207352
905.0067179203033,2.2139419983699646,1,6.019596590462722
905.0848259925842,2.211394755991396,1,6.021034010398878
905.1620211601257,2.2063002712342517,1,6.023908850271193
905.2388141155243,2.219036483127109,1,6.016721750590407
905.3156063556671,2.2088475136128203,1,6.022471430335037
905.3924520015717,2.2063002712342517,1,6.023908850271193
905.4723885059357,2.1986585440985316,1,6.028221110079667
905.5501816272736,2.2088475136128203,1,6.022471430335037
905.6260945796967,2.1986585440985316,1,6.028221110079667
905.7190275192261,2.2088475136128203,1,6.022471430335037
905.7959892749786,2.2088475136128203,1,6.022471430335037
905.8727838993073,2.211394755991396,1,6.021034010398878
905.9517648220062,2.2215837255056847,1,6.015284330654248
906.0285122394562,2.2088475136128203,1,6.022471430335037
906.107969045639,2.2063002712342517,1,6.023908850271193
906.1879115104675,2.2139419983699646,1,6.019596590462722
906.2647268772125,2.219036483127109,1,6.016721750590407
906.3446543216705,2.2088475136128203,1,6.022471430335037
906.4229080677032,2.2139419983699646,1,6.019596590462722
906.5015659332275,2.2088475136128203,1,6.022471430335037
906.5809242725372,2.2088475136128203,1,6.022471430335037
906.6597247123718,2.1986585440985316,1,6.028221110079667
906.7375063896179,2.2139419983699646,1,6.019596590462722
906.8146007061005,2.1833750898271056,1,6.036845629696609
906.8929727077484,2.2012057864771073,1,6.026783690143509
906.9702835083008,2.2164892407485404,1,6.0181591705265625
907.0480623245239,2.203753028855676,1,6.025346270207352
907.1258985996246,2.2088475136128203,1,6.022471430335037
907.2033452987671,2.219036483127109,1,6.016721750590407
907.2976672649384,2.2139419983699646,1,6.019596590462722
907.3770396709442,2.2164892407485404,1,6.0181591705265625
907.4539089202881,2.219036483127109,1,6.016721750590407
907.5319278240204,2.2063002712342517,1,6.023908850271193
907.610357761383,2.203753028855676,1,6.025346270207352
907.6870243549347,2.219036483127109,1,6.016721750590407
907.7667138576508,2.211394755991396,1,6.021034010398878
907.8596005439758,2.1986585440985316,1,6.028221110079667
907.937020778656,2.211394755991396,1,6.021034010398878
908.0142588615417,2.2139419983699646,1,6.019596590462722
908.092000246048,2.203753028855676,1,6.025346270207352
908.1685860157013,2.211394755991396,1,6.021034010398878
908.2464318275452,2.2063002712342517,1,6.023908850271193
908.3236055374146,2.211394755991396,1,6.021034010398878
908.3993444442749,2.203753028855676,1,6.025346270207352
908.4773738384247,2.2012057864771073,1,6.026783690143509
908.55708527565,2.203753028855676,1,6.025346270207352
908.6350026130676,2.219036483127109,1,6.016721750590407
908.7142560482025,2.2139419983699646,1,6.019596590462722
908.7930793762207,2.1935640593413943,1,6.031095949951979
908.8869972229004,2.2088475136128203,1,6.022471430335037
908.9666211605072,2.2012057864771073,1,6.026783690143509
909.0463743209839,2.1986585440985316,1,6.028221110079667
909.122983455658,2.2012057864771073,1,6.026783690143509
909.2028186321259,2.2063002712342517,1,6.023908850271193
909.2826011180878,2.2088475136128203,1,6.022471430335037
909.36017537117,2.203753028855676,1,6.025346270207352
909.4379668235779,2.2139419983699646,1,6.019596590462722
909.5149347782135,2.211394755991396,1,6.021034010398878
909.5926644802094,2.203753028855676,1,6.025346270207352
909.6699004173279,2.2215837255056847,1,6.015284330654248
909.7487523555756,2.2088475136128203,1,6.022471430335037
909.8263766765594,2.2063002712342517,1,6.023908850271193
909.9045007228851,2.2088475136128203,1,6.022471430335037
909.9833650588989,2.2241309678842534,1,6.013846910718092
910.0601592063904,2.2088475136128203,1,6.022471430335037
910.136958360672,2.226678210262822,1,6.012409490781937
910.215934753418,2.2139419983699646,1,6.019596590462722
910.2937364578247,2.203753028855676,1,6.025346270207352
910.3730518817902,2.2164892407485404,1,6.0181591705265625
910.4492964744568,2.2063002712342517,1,6.023908850271193
910.5558004379272,2.219036483127109,1,6.016721750590407
910.6329605579376,2.2088475136128203,1,6.022471430335037
910.709780216217,2.2215837255056847,1,6.015284330654248
910.7855770587921,2.2139419983699646,1,6.019596590462722
910.8601341247559,2.219036483127109,1,6.016721750590407
910.938191652298,2.2215837255056847,1,6.015284330654248
911.0166165828705,2.2063002712342517,1,6.023908850271193
911.094658613205,2.203753028855676,1,6.025346270207352
911.1724429130554,2.2139419983699646,1,6.019596590462722
911.2492377758026,2.2241309678842534,1,6.013846910718092
911.3289234638214,2.2164892407485404,1,6.0181591705265625
911.4069545269012,2.2241309678842534,1,6.013846910718092
911.4830327033997,2.2215837255056847,1,6.015284330654248
911.5609014034271,2.211394755991396,1,6.021034010398878
911.6376843452454,2.2164892407485404,1,6.0181591705265625
911.714920759201,2.2164892407485404,1,6.0181591705265625
911.7936456203461,2.2241309678842534,1,6.013846910718092
911.8730289936066,2.219036483127109,1,6.016721750590407
911.9505565166473,2.211394755991396,1,6.021034010398878
912.030392408371,2.2088475136128203,1,6.022471430335037
912.1379482746124,2.2215837255056847,1,6.015284330654248
912.2167661190033,2.2164892407485404,1,6.0181591705265625
912.2948458194733,2.2088475136128203,1,6.022471430335037
912.3708102703094,2.2088475136128203,1,6.022471430335037
912.4478211402893,2.219036483127109,1,6.016721750590407
912.5265288352966,2.2164892407485404,1,6.0181591705265625
912.6021499633789,2.2241309678842534,1,6.013846910718092
912.6820540428162,2.2241309678842534,1,6.013846910718092
912.7620995044708,2.203753028855676,1,6.025346270207352
912.8399887084961,2.2139419983699646,1,6.019596590462722
912.9169597625732,2.219036483127109,1,6.016721750590407
912.9960188865662,2.2164892407485404,1,6.0181591705265625
913.0730473995209,2.2139419983699646,1,6.019596590462722
913.1514666080475,2.226678210262822,1,6.012409490781937
913.2304484844208,2.2241309678842534,1,6.013846910718092
913.3064017295837,2.219036483127109,1,6.016721750590407
913.384605884552,2.2292254526413977,1,6.010972070845777
913.4643166065216,2.2292254526413977,1,6.010972070845777
913.5401082038879,2.2164892407485404,1,6.0181591705265625
913.6178228855133,2.2241309678842534,1,6.013846910718092
913.7099361419678,2.219036483127109,1,6.016721750590407
913.7849807739258,2.2164892407485404,1,6.0181591705265625
913.863080739975,2.2139419983699646,1,6.019596590462722
913.9414019584656,2.2139419983699646,1,6.019596590462722
914.0177795886993,2.219036483127109,1,6.016721750590407
914.0940692424774,2.2139419983699646,1,6.019596590462722
914.1721465587616,2.2317726950199663,1,6.009534650909622
914.2478275299072,2.2241309678842534,1,6.013846910718092
914.3272025585175,2.219036483127109,1,6.016721750590407
914.4055829048157,2.2164892407485404,1,6.0181591705265625
914.4830286502838,2.219036483127109,1,6.016721750590407
914.5618505477905,2.2164892407485404,1,6.0181591705265625
914.6402769088745,2.2292254526413977,1,6.010972070845777
914.7140393257141,2.226678210262822,1,6.012409490781937
914.7929413318634,2.2215837255056847,1,6.015284330654248
914.871673822403,2.219036483127109,1,6.016721750590407
914.9476747512817,2.2292254526413977,1,6.010972070845777
915.0259108543396,2.2164892407485404,1,6.0181591705265625
915.1038477420807,2.219036483127109,1,6.016721750590407
915.1820075511932,2.234319937398542,1,6.008097230973462
915.2755620479584,2.219036483127109,1,6.016721750590407
915.3536310195923,2.2368671797771107,1,6.006659811037307
915.4314227104187,2.2317726950199663,1,6.009534650909622
915.509284734726,2.2164892407485404,1,6.0181591705265625
915.5871779918671,2.234319937398542,1,6.008097230973462
915.6632087230682,2.219036483127109,1,6.016721750590407
915.7422475814819,2.2241309678842534,1,6.013846910718092
915.8200347423553,2.2292254526413977,1,6.010972070845777
915.897830247879,2.226678210262822,1,6.012409490781937
915.9758427143097,2.2139419983699646,1,6.019596590462722
916.0546357631683,2.2241309678842534,1,6.013846910718092
916.1308035850525,2.226678210262822,1,6.012409490781937
916.2086532115936,2.2215837255056847,1,6.015284330654248
916.2875003814697,2.234319937398542,1,6.008097230973462
916.3637652397156,2.2394144221556864,1,6.005222391101147
916.44074010849,2.226678210262822,1,6.012409490781937
916.517537355423,2.2394144221556864,1,6.005222391101147
916.593341588974,2.2317726950199663,1,6.009534650909622
916.6721303462982,2.2215837255056847,1,6.015284330654248
916.7518124580383,2.234319937398542,1,6.008097230973462
916.8598027229309,2.226678210262822,1,6.012409490781937
916.9386630058289,2.234319937398542,1,6.008097230973462
917.0164806842804,2.2368671797771107,1,6.006659811037307
917.0937027931213,2.211394755991396,1,6.021034010398878
917.171005487442,2.2292254526413977,1,6.010972070845777
917.2490193843842,2.2292254526413977,1,6.010972070845777
917.3258140087128,2.2139419983699646,1,6.019596590462722
917.4040668010712,2.234319937398542,1,6.008097230973462
917.4840455055237,2.2317726950199663,1,6.009534650909622
917.5611896514893,2.2292254526413977,1,6.010972070845777
917.6391093730927,2.2241309678842534,1,6.013846910718092
917.7159638404846,2.226678210262822,1,6.012409490781937
917.7909691333771,2.226678210262822,1,6.012409490781937
917.8684139251709,2.2317726950199663,1,6.009534650909622
917.9480576515198,2.2368671797771107,1,6.006659811037307
918.0260326862335,2.2215837255056847,1,6.015284330654248
918.1038212776184,2.2292254526413977,1,6.010972070845777
918.1811702251434,2.249603391669975,1,5.999472711356517
918.2572014331818,2.2139419983699646,1,6.019596590462722
918.3370950222015,2.2292254526413977,1,6.010972070845777
918.4161937236786,2.2317726950199663,1,6.009534650909622
918.5239546298981,2.2368671797771107,1,6.006659811037307
918.6011071205139,2.2317726950199663,1,6.009534650909622
918.6797709465027,2.2394144221556864,1,6.005222391101147
918.7580337524414,2.226678210262822,1,6.012409490781937
918.8360333442688,2.2292254526413977,1,6.010972070845777
918.9138240814209,2.2368671797771107,1,6.006659811037307
918.9909851551056,2.2164892407485404,1,6.0181591705265625
919.0689718723297,2.2241309678842534,1,6.013846910718092
919.1457095146179,2.2292254526413977,1,6.010972070845777
919.2236540317535,2.219036483127109,1,6.016721750590407
919.3025457859039,2.2292254526413977,1,6.010972070845777
919.3794672489166,2.2215837255056847,1,6.015284330654248
919.4552783966064,2.2215837255056847,1,6.015284330654248
919.5311374664307,2.2368671797771107,1,6.006659811037307
919.6090729236603,2.2317726950199663,1,6.009534650909622
919.6862003803253,2.2292254526413977,1,6.010972070845777
919.7651727199554,2.2317726950199663,1,6.009534650909622
919.8439335823059,2.2164892407485404,1,6.0181591705265625
919.9204227924347,2.226678210262822,1,6.012409490781937
919.9979591369629,2.2241309678842534,1,6.013846910718092
920.0916850566864,2.2215837255056847,1,6.015284330654248
920.1684908866882,2.2394144221556864,1,6.005222391101147
920.2472865581512,2.2215837255056847,1,6.015284330654248
920.3250873088837,2.226678210262822,1,6.012409490781937
920.4038770198822,2.2394144221556864,1,6.005222391101147
920.4816906452179,2.234319937398542,1,6.008097230973462
920.5575075149536,2.2241309678842534,1,6.013846910718092
920.6343083381653,2.244508906912831,1,6.002347551228832
920.713544845581,2.244508906912831,1,6.002347551228832
920.7913925647736,2.2368671797771107,1,6.006659811037307
920.8691899776459,2.2394144221556864,1,6.005222391101147
920.9449858665466,2.2317726950199663,1,6.009534650909622
921.0237994194031,2.234319937398542,1,6.008097230973462
921.1018016338348,2.2470561492913994,1,6.0009101312926765
921.1786236763,2.2394144221556864,1,6.005222391101147
921.2575116157532,2.2241309678842534,1,6.013846910718092
921.3345396518707,2.2394144221556864,1,6.005222391101147
921.4122447967529,2.2215837255056847,1,6.015284330654248
921.491024017334,2.2215837255056847,1,6.015284330654248
921.5678532123566,2.2368671797771107,1,6.006659811037307
921.6749303340912,2.2317726950199663,1,6.009534650909622
921.7507543563843,2.244508906912831,1,6.002347551228832
921.8287301063538,2.2241309678842534,1,6.013846910718092
921.9061741828918,2.2241309678842534,1,6.013846910718092
921.9829998016357,2.241961664534255,1,6.0037849711649915
922.0598998069763,2.2215837255056847,1,6.015284330654248
922.1389806270599,2.2215837255056847,1,6.015284330654248
922.2167916297913,2.2292254526413977,1,6.010972070845777
922.2950763702393,2.2241309678842534,1,6.013846910718092
922.3718521595001,2.2317726950199663,1,6.009534650909622
922.4477274417877,2.2241309678842534,1,6.013846910718092
922.5261528491974,2.2241309678842534,1,6.013846910718092
922.6058948040009,2.2241309678842534,1,6.013846910718092
922.6816964149475,2.234319937398542,1,6.008097230973462
922.7615733146667,2.2215837255056847,1,6.015284330654248
922.8405158519745,2.2063002712342517,1,6.023908850271193
922.9177327156067,2.2368671797771107,1,6.006659811037307
922.9976692199707,2.2317726950199663,1,6.009534650909622
923.0762634277344,2.2215837255056847,1,6.015284330654248
923.1540191173553,2.219036483127109,1,6.016721750590407
923.2626600265503,2.226678210262822,1,6.012409490781937
923.3393802642822,2.219036483127109,1,6.016721750590407
923.4160816669464,2.226678210262822,1,6.012409490781937
923.4928984642029,2.234319937398542,1,6.008097230973462
923.5701675415039,2.226678210262822,1,6.012409490781937
923.6474075317383,2.226678210262822,1,6.012409490781937
923.7262094020844,2.234319937398542,1,6.008097230973462
923.8030076026917,2.2368671797771107,1,6.006659811037307
923.8954291343689,2.2241309678842534,1,6.013846910718092
923.9730408191681,2.2215837255056847,1,6.015284330654248
924.0501203536987,2.2317726950199663,1,6.009534650909622
924.1269788742065,2.219036483127109,1,6.016721750590407
924.2050306797028,2.2164892407485404,1,6.0181591705265625
924.2810218334198,2.2368671797771107,1,6.006659811037307
924.3586542606354,2.2215837255056847,1,6.015284330654248
924.4381902217865,2.226678210262822,1,6.012409490781937
924.5167155265808,2.2292254526413977,1,6.010972070845777
924.5942039489746,2.219036483127109,1,6.016721750590407
924.6725513935089,2.2139419983699646,1,6.019596590462722
924.7503726482391,2.2215837255056847,1,6.015284330654248
924.8442041873932,2.234319937398542,1,6.008097230973462
924.9229574203491,2.2241309678842534,1,6.013846910718092
925.000964641571,2.2215837255056847,1,6.015284330654248
925.0780124664307,2.2241309678842534,1,6.013846910718092
925.155825138092,2.226678210262822,1,6.012409490781937
925.2332508563995,2.2292254526413977,1,6.010972070845777
925.3110339641571,2.219036483127109,1,6.016721750590407
925.3882083892822,2.2215837255056847,1,6.015284330654248
925.4670085906982,2.2292254526413977,1,6.010972070845777
925.5451169013977,2.2215837255056847,1,6.015284330654248
925.6232080459595,2.2292254526413977,1,6.010972070845777
925.702002286911,2.2394144221556864,1,6.005222391101147
925.7791266441345,2.2317726950199663,1,6.009534650909622
925.8577852249146,2.2368671797771107,1,6.006659811037307
925.9362661838531,2.2215837255056847,1,6.015284330654248
926.0133476257324,2.2368671797771107,1,6.006659811037307
926.0931589603424,2.2317726950199663,1,6.009534650909622
926.1710231304169,2.226678210262822,1,6.012409490781937
926.2498207092285,2.244508906912831,1,6.002347551228832
926.328192949295,2.2241309678842534,1,6.013846910718092
926.405225276947,2.2368671797771107,1,6.006659811037307
926.4983017444611,2.241961664534255,1,6.0037849711649915
926.5757625102997,2.219036483127109,1,6.016721750590407
926.6535210609436,2.244508906912831,1,6.002347551228832
926.7333962917328,2.2215837255056847,1,6.015284330654248
926.8123006820679,2.2317726950199663,1,6.009534650909622
926.8881711959839,2.2164892407485404,1,6.0181591705265625
926.9650053977966,2.2292254526413977,1,6.010972070845777
927.0447924137115,2.226678210262822,1,6.012409490781937
927.1212093830109,2.2292254526413977,1,6.010972070845777
927.200014591217,2.234319937398542,1,6.008097230973462
927.2779200077057,2.2292254526413977,1,6.010972070845777
927.3546640872955,2.226678210262822,1,6.012409490781937
927.4320356845856,2.234319937398542,1,6.008097230973462
927.5098493099213,2.219036483127109,1,6.016721750590407
927.5857734680176,2.226678210262822,1,6.012409490781937
927.6649265289307,2.219036483127109,1,6.016721750590407
927.7450466156006,2.2394144221556864,1,6.005222391101147
927.8228919506073,2.2164892407485404,1,6.0181591705265625
927.9018430709839,2.2241309678842534,1,6.013846910718092
927.9814591407776,2.2241309678842534,1,6.013846910718092
928.0753772258759,2.219036483127109,1,6.016721750590407
928.1519429683685,2.241961664534255,1,6.0037849711649915
928.2289803028107,2.2292254526413977,1,6.010972070845777
928.3057744503021,2.2215837255056847,1,6.015284330654248
928.3855612277985,2.241961664534255,1,6.0037849711649915
928.4624214172363,2.2470561492913994,1,6.0009101312926765
928.5400130748749,2.2215837255056847,1,6.015284330654248
928.6189291477203,2.219036483127109,1,6.016721750590407
928.6971235275269,2.241961664534255,1,6.0037849711649915
928.7738907337189,2.2292254526413977,1,6.010972070845777
928.8512330055237,2.244508906912831,1,6.002347551228832
928.9311392307281,2.2292254526413977,1,6.010972070845777
929.0089406967163,2.226678210262822,1,6.012409490781937
929.0868816375732,2.2394144221556864,1,6.005222391101147
929.1629695892334,2.2215837255056847,1,6.015284330654248
929.2389822006226,2.226678210262822,1,6.012409490781937
929.3158919811249,2.2368671797771107,1,6.006659811037307
929.3942534923553,2.2164892407485404,1,6.0181591705265625
929.4716985225677,2.219036483127109,1,6.016721750590407
929.5510721206665,2.226678210262822,1,6.012409490781937
929.6589176654816,2.234319937398542,1,6.008097230973462
929.7360229492188,2.2317726950199663,1,6.009534650909622
929.8130915164948,2.234319937398542,1,6.008097230973462
929.8920023441315,2.211394755991396,1,6.021034010398878
929.9691541194916,2.244508906912831,1,6.002347551228832
930.0465219020844,2.226678210262822,1,6.012409490781937
930.1256890296936,2.2164892407485404,1,6.0181591705265625
930.2015120983124,2.2241309678842534,1,6.013846910718092
930.278306722641,2.2292254526413977,1,6.010972070845777
930.3563673496246,2.2292254526413977,1,6.010972070845777
930.4339780807495,2.2215837255056847,1,6.015284330654248
930.5121269226074,2.2368671797771107,1,6.006659811037307
930.5891396999359,2.226678210262822,1,6.012409490781937
930.6664044857025,2.244508906912831,1,6.002347551228832
930.7451982498169,2.2317726950199663,1,6.009534650909622
930.8228802680969,2.2215837255056847,1,6.015284330654248
930.8997149467468,2.226678210262822,1,6.012409490781937
930.978741645813,2.2292254526413977,1,6.010972070845777
931.0550050735474,2.2317726950199663,1,6.009534650909622
931.1314797401428,2.244508906912831,1,6.002347551228832
931.2262587547302,2.2215837255056847,1,6.015284330654248
931.3047535419464,2.2394144221556864,1,6.005222391101147
931.3825545310974,2.244508906912831,1,6.002347551228832
931.4587693214417,2.2292254526413977,1,6.010972070845777
931.5356690883636,2.226678210262822,1,6.012409490781937
931.6115236282349,2.226678210262822,1,6.012409490781937
931.6904001235962,2.234319937398542,1,6.008097230973462
931.7701900005341,2.219036483127109,1,6.016721750590407
931.8460075855255,2.244508906912831,1,6.002347551228832
931.9228131771088,2.2241309678842534,1,6.013846910718092
932.0005700588226,2.241961664534255,1,6.0037849711649915
932.0794603824615,2.2317726950199663,1,6.009534650909622
932.1586372852325,2.226678210262822,1,6.012409490781937
932.2366065979004,2.219036483127109,1,6.016721750590407
932.3153941631317,2.2317726950199663,1,6.009534650909622
932.3918223381042,2.2317726950199663,1,6.009534650909622
932.4686596393585,2.234319937398542,1,6.008097230973462
932.5458071231842,2.2394144221556864,1,6.005222391101147
932.62517619133,2.219036483127109,1,6.016721750590407
932.7020528316498,2.2317726950199663,1,6.009534650909622
932.7960135936737,2.2470561492913994,1,6.0009101312926765
932.8757524490356,2.2368671797771107,1,6.006659811037307
932.9531397819519,2.226678210262822,1,6.012409490781937
933.0306777954102,2.234319937398542,1,6.008097230973462
933.1084444522858,2.219036483127109,1,6.016721750590407
933.1852474212646,2.2394144221556864,1,6.005222391101147
933.2627356052399,2.2368671797771107,1,6.006659811037307
933.3419148921967,2.226678210262822,1,6.012409490781937
933.4197089672089,2.2317726950199663,1,6.009534650909622
933.4975578784943,2.2317726950199663,1,6.009534650909622
933.5747861862183,2.2317726950199663,1,6.009534650909622
933.651437997818,2.2368671797771107,1,6.006659811037307
933.7309646606445,2.234319937398542,1,6.008097230973462
933.8099453449249,2.2292254526413977,1,6.010972070845777
933.8871920108795,2.234319937398542,1,6.008097230973462
933.96484375,2.2470561492913994,1,6.0009101312926765
934.0439605712891,2.234319937398542,1,6.008097230973462
934.1200377941132,2.2241309678842534,1,6.013846910718092
934.1968836784363,2.2394144221556864,1,6.005222391101147
934.2739479541779,2.2394144221556864,1,6.005222391101147
934.3518002033234,2.2292254526413977,1,6.010972070845777
934.4448380470276,2.2470561492913994,1,6.0009101312926765
934.5220177173615,2.234319937398542,1,6.008097230973462
934.5990693569183,2.241961664534255,1,6.0037849711649915
934.6774666309357,2.234319937398542,1,6.008097230973462
934.7550804615021,2.2292254526413977,1,6.010972070845777
934.8316659927368,2.241961664534255,1,6.0037849711649915
934.9088628292084,2.2292254526413977,1,6.010972070845777
934.9860253334045,2.2164892407485404,1,6.0181591705265625
935.0630922317505,2.244508906912831,1,6.002347551228832
935.1408972740173,2.2394144221556864,1,6.005222391101147
935.2356297969818,2.2292254526413977,1,6.010972070845777
935.313090801239,2.249603391669975,1,5.999472711356517
935.3900029659271,2.2292254526413977,1,6.010972070845777
935.4695267677307,2.2317726950199663,1,6.009534650909622
935.5469560623169,2.244508906912831,1,6.002347551228832
935.6253716945648,2.219036483127109,1,6.016721750590407
935.704206943512,2.2394144221556864,1,6.005222391101147
935.7808043956757,2.249603391669975,1,5.999472711356517
935.8578538894653,2.2317726950199663,1,6.009534650909622
935.9357795715332,2.241961664534255,1,6.0037849711649915
936.0295751094818,2.244508906912831,1,6.002347551228832
936.1091115474701,2.2470561492913994,1,6.0009101312926765
936.1871109008789,2.2368671797771107,1,6.006659811037307
936.2652871608734,2.2470561492913994,1,6.0009101312926765
936.3433907032013,2.2368671797771107,1,6.006659811037307
936.4201829433441,2.244508906912831,1,6.002347551228832
936.4959897994995,2.2394144221556864,1,6.005222391101147
936.5739896297455,2.2317726950199663,1,6.009534650909622
936.653790473938,2.2317726950199663,1,6.009534650909622
936.7321090698242,2.2394144221556864,1,6.005222391101147
936.8101637363434,2.2394144221556864,1,6.005222391101147
936.8878893852234,2.2317726950199663,1,6.009534650909622
936.9658486843109,2.249603391669975,1,5.999472711356517
937.0436811447144,2.249603391669975,1,5.999472711356517
937.1215076446533,2.2317726950199663,1,6.009534650909622
937.1992952823639,2.257245118805688,1,5.995160451548046
937.2790834903717,2.2546978764271124,1,5.996597871484206
937.3580331802368,2.2394144221556864,1,6.005222391101147
937.4357907772064,2.2394144221556864,1,6.005222391101147
937.5155770778656,2.264886845941401,1,5.990848191739576
937.6083807945251,2.2292254526413977,1,6.010972070845777
937.686359167099,2.2292254526413977,1,6.010972070845777
937.7640800476074,2.2546978764271124,1,5.996597871484206
937.8406183719635,2.241961664534255,1,6.0037849711649915
937.9194123744965,2.2317726950199663,1,6.009534650909622
937.9982216358185,2.2546978764271124,1,5.996597871484206
938.0741622447968,2.2368671797771107,1,6.006659811037307
938.1520392894745,2.244508906912831,1,6.002347551228832
938.2318840026855,2.2470561492913994,1,6.0009101312926765
938.3099362850189,2.244508906912831,1,6.002347551228832
938.3879766464233,2.2292254526413977,1,6.010972070845777
938.4653596878052,2.257245118805688,1,5.995160451548046
938.5439207553864,2.241961664534255,1,6.0037849711649915
938.6217083930969,2.249603391669975,1,5.999472711356517
938.6999981403351,2.244508906912831,1,6.002347551228832
938.7783296108246,2.2470561492913994,1,6.0009101312926765
938.8564355373383,2.234319937398542,1,6.008097230973462
938.934023141861,2.241961664534255,1,6.0037849711649915
939.0108449459076,2.2470561492913994,1,6.0009101312926765
939.0879001617432,2.2215837255056847,1,6.015284330654248
939.1830382347107,2.2394144221556864,1,6.005222391101147
939.2610931396484,2.249603391669975,1,5.999472711356517
939.3384227752686,2.2368671797771107,1,6.006659811037307
939.4148817062378,2.2470561492913994,1,6.0009101312926765
939.4927523136139,2.2368671797771107,1,6.006659811037307
939.5720067024231,2.2394144221556864,1,6.005222391101147
939.6502151489258,2.241961664534255,1,6.0037849711649915
939.729008436203,2.244508906912831,1,6.002347551228832
939.8088405132294,2.249603391669975,1,5.999472711356517
939.8870742321014,2.2394144221556864,1,6.005222391101147
939.963790178299,2.249603391669975,1,5.999472711356517
940.0426268577576,2.244508906912831,1,6.002347551228832
940.1200158596039,2.2394144221556864,1,6.005222391101147
940.1961178779602,2.2394144221556864,1,6.005222391101147
940.2740201950073,2.2317726950199663,1,6.009534650909622
940.3530361652374,2.244508906912831,1,6.002347551228832
940.430018901825,2.241961664534255,1,6.0037849711649915
940.506817817688,2.2368671797771107,1,6.006659811037307
940.5840179920197,2.2368671797771107,1,6.006659811037307
940.6622030735016,2.2368671797771107,1,6.006659811037307
940.7539551258087,2.244508906912831,1,6.002347551228832
940.8288016319275,2.244508906912831,1,6.002347551228832
940.9065892696381,2.2317726950199663,1,6.009534650909622
940.9853672981262,2.244508906912831,1,6.002347551228832
941.0643508434296,2.2521506340485438,1,5.998035291420361
941.1421167850494,2.2394144221556864,1,6.005222391101147
941.2192165851593,2.2368671797771107,1,6.006659811037307
941.2980060577393,2.249603391669975,1,5.999472711356517
941.3742234706879,2.2292254526413977,1,6.010972070845777
941.454155921936,2.2317726950199663,1,6.009534650909622
941.5340867042542,2.2368671797771107,1,6.006659811037307
941.6088857650757,2.244508906912831,1,6.002347551228832
941.6874680519104,2.2394144221556864,1,6.005222391101147
941.7661440372467,2.244508906912831,1,6.002347551228832
941.8428905010223,2.2470561492913994,1,6.0009101312926765
941.9201455116272,2.2394144221556864,1,6.005222391101147
941.9981596469879,2.244508906912831,1,6.002347551228832
942.0753314495087,2.244508906912831,1,6.002347551228832
942.1525757312775,2.241961664534255,1,6.0037849711649915
942.2323625087738,2.244508906912831,1,6.002347551228832
942.3101551532745,2.2470561492913994,1,6.0009101312926765
942.4060497283936,2.2368671797771107,1,6.006659811037307
942.483877658844,2.2470561492913994,1,6.0009101312926765
942.560715675354,2.244508906912831,1,6.002347551228832
942.6395523548126,2.2317726950199663,1,6.009534650909622
942.7185571193695,2.2394144221556864,1,6.005222391101147
942.7948386669159,2.2368671797771107,1,6.006659811037307
942.8741054534912,2.234319937398542,1,6.008097230973462
942.952632188797,2.226678210262822,1,6.012409490781937
943.0298204421997,2.2546978764271124,1,5.996597871484206
943.1089503765106,2.2317726950199663,1,6.009534650909622
943.1876885890961,2.2394144221556864,1,6.005222391101147
943.280534029007,2.2470561492913994,1,6.0009101312926765
943.3602113723755,2.244508906912831,1,6.002347551228832
943.4385488033295,2.2368671797771107,1,6.006659811037307
943.5153682231903,2.234319937398542,1,6.008097230973462
943.592179775238,2.2470561492913994,1,6.0009101312926765
943.6706547737122,2.2368671797771107,1,6.006659811037307
943.7477567195892,2.241961664534255,1,6.0037849711649915
943.8256325721741,2.249603391669975,1,5.999472711356517
943.904709815979,2.2368671797771107,1,6.006659811037307
944.0137763023376,2.249603391669975,1,5.999472711356517
944.0909960269928,2.244508906912831,1,6.002347551228832
944.1683549880981,2.226678210262822,1,6.012409490781937
944.2473297119141,2.2394144221556864,1,6.005222391101147
944.326135635376,2.2470561492913994,1,6.0009101312926765
944.404411315918,2.2394144221556864,1,6.005222391101147
944.4811582565308,2.244508906912831,1,6.002347551228832
944.5579466819763,2.2470561492913994,1,6.0009101312926765
944.6360087394714,2.2394144221556864,1,6.005222391101147
944.7147145271301,2.257245118805688,1,5.995160451548046
944.7929499149323,2.2597923611842567,1,5.993723031611891
944.8698673248291,2.249603391669975,1,5.999472711356517
944.9483773708344,2.244508906912831,1,6.002347551228832
945.0273699760437,2.249603391669975,1,5.999472711356517
945.105192899704,2.2368671797771107,1,6.006659811037307
945.1839847564697,2.234319937398542,1,6.008097230973462
945.2630474567413,2.2521506340485438,1,5.998035291420361
945.3400325775146,2.2394144221556864,1,6.005222391101147
945.4192674160004,2.244508906912831,1,6.002347551228832
945.4960234165192,2.2394144221556864,1,6.005222391101147
945.6030731201172,2.257245118805688,1,5.995160451548046
945.6821210384369,2.257245118805688,1,5.995160451548046
945.7607696056366,2.2597923611842567,1,5.993723031611891
945.8372733592987,2.2368671797771107,1,6.006659811037307
945.9143748283386,2.2470561492913994,1,6.0009101312926765
945.9930732250214,2.2368671797771107,1,6.006659811037307
946.0698685646057,2.2394144221556864,1,6.005222391101147
946.148211479187,2.244508906912831,1,6.002347551228832
946.2261543273926,2.249603391669975,1,5.999472711356517
946.3019971847534,2.249603391669975,1,5.999472711356517
946.3810131549835,2.249603391669975,1,5.999472711356517
946.459436416626,2.249603391669975,1,5.999472711356517
946.5372846126556,2.2317726950199663,1,6.009534650909622
946.6140766143799,2.241961664534255,1,6.0037849711649915
946.7038450241089,2.2470561492913994,1,6.0009101312926765
946.7812285423279,2.2521506340485438,1,5.998035291420361
946.8590276241302,2.2597923611842567,1,5.993723031611891
946.9360620975494,2.244508906912831,1,6.002347551228832
947.0110535621643,2.2394144221556864,1,6.005222391101147
947.0893473625183,2.2394144221556864,1,6.005222391101147
947.1980845928192,2.249603391669975,1,5.999472711356517
947.2749450206757,2.2470561492913994,1,6.0009101312926765
947.3548517227173,2.2368671797771107,1,6.006659811037307
947.4329826831818,2.2470561492913994,1,6.0009101312926765
947.5101430416107,2.2368671797771107,1,6.006659811037307
947.5897629261017,2.241961664534255,1,6.0037849711649915
947.6667864322662,2.2546978764271124,1,5.996597871484206
947.7425909042358,2.249603391669975,1,5.999472711356517
947.8193912506104,2.234319937398542,1,6.008097230973462
947.898282289505,2.2470561492913994,1,6.0009101312926765
947.9741833209991,2.244508906912831,1,6.002347551228832
948.0530078411102,2.2394144221556864,1,6.005222391101147
948.131608247757,2.2394144221556864,1,6.005222391101147
948.2093822956085,2.2521506340485438,1,5.998035291420361
948.2886538505554,2.234319937398542,1,6.008097230973462
948.3665211200714,2.2470561492913994,1,6.0009101312926765
948.4444870948792,2.2470561492913994,1,6.0009101312926765
948.5224757194519,2.241961664534255,1,6.0037849711649915
948.6023604869843,2.249603391669975,1,5.999472711356517
948.679328918457,2.249603391669975,1,5.999472711356517
948.773633480072,2.2470561492913994,1,6.0009101312926765
948.8534164428711,2.234319937398542,1,6.008097230973462
948.9314563274384,2.249603391669975,1,5.999472711356517
949.0094749927521,2.2470561492913994,1,6.0009101312926765
949.0874018669128,2.244508906912831,1,6.002347551228832
949.1649699211121,2.249603391669975,1,5.999472711356517
949.243647813797,2.2546978764271124,1,5.996597871484206
949.3214457035065,2.244508906912831,1,6.002347551228832
949.3982877731323,2.2521506340485438,1,5.998035291420361
949.4780571460724,2.249603391669975,1,5.999472711356517
949.5569965839386,2.244508906912831,1,6.002347551228832
949.6331059932709,2.257245118805688,1,5.995160451548046
949.7109909057617,2.2470561492913994,1,6.0009101312926765
949.7890844345093,2.249603391669975,1,5.999472711356517
949.8655996322632,2.249603391669975,1,5.999472711356517
949.945036649704,2.249603391669975,1,5.999472711356517
950.0238242149353,2.2521506340485438,1,5.998035291420361
950.1020042896271,2.2368671797771107,1,6.006659811037307
950.1800034046173,2.2546978764271124,1,5.996597871484206
950.2580089569092,2.2521506340485438,1,5.998035291420361
950.3361976146698,2.2470561492913994,1,6.0009101312926765
950.4313325881958,2.2546978764271124,1,5.996597871484206
950.5094847679138,2.2521506340485438,1,5.998035291420361
950.5868921279907,2.2394144221556864,1,6.005222391101147
950.6641941070557,2.241961664534255,1,6.0037849711649915
950.7400853633881,2.257245118805688,1,5.995160451548046
950.8170087337494,2.2470561492913994,1,6.0009101312926765
950.894966840744,2.249603391669975,1,5.999472711356517
950.9708135128021,2.241961664534255,1,6.0037849711649915
951.0478811264038,2.249603391669975,1,5.999472711356517
951.1272876262665,2.2521506340485438,1,5.998035291420361
951.2050609588623,2.244508906912831,1,6.002347551228832
951.2827658653259,2.2546978764271124,1,5.996597871484206
951.3600425720215,2.249603391669975,1,5.999472711356517
951.4371516704559,2.241961664534255,1,6.0037849711649915
951.5146551132202,2.2394144221556864,1,6.005222391101147
951.593014717102,2.257245118805688,1,5.995160451548046
951.6704149246216,2.234319937398542,1,6.008097230973462
951.7499868869781,2.2597923611842567,1,5.993723031611891
951.8280372619629,2.249603391669975,1,5.999472711356517
951.9053964614868,2.2394144221556864,1,6.005222391101147
952.0130257606506,2.257245118805688,1,5.995160451548046
952.0920233726501,2.244508906912831,1,6.002347551228832
952.1689660549164,2.241961664534255,1,6.0037849711649915
952.2483594417572,2.257245118805688,1,5.995160451548046
952.3281009197235,2.2470561492913994,1,6.0009101312926765
952.4060847759247,2.244508906912831,1,6.002347551228832
952.4858257770538,2.2470561492913994,1,6.0009101312926765
952.564211845398,2.249603391669975,1,5.999472711356517
952.6410222053528,2.244508906912831,1,6.002347551228832
952.7197043895721,2.2546978764271124,1,5.996597871484206
952.7971842288971,2.2546978764271124,1,5.996597871484206
952.8730230331421,2.2394144221556864,1,6.005222391101147
952.9518122673035,2.2394144221556864,1,6.005222391101147
953.0310518741608,2.2623396035628325,1,5.992285611675731
953.1083526611328,2.2597923611842567,1,5.993723031611891
953.186136007309,2.2597923611842567,1,5.993723031611891
953.263927936554,2.2546978764271124,1,5.996597871484206
953.3578350543976,2.2470561492913994,1,6.0009101312926765
953.4515845775604,2.249603391669975,1,5.999472711356517
953.5299110412598,2.249603391669975,1,5.999472711356517
953.6396102905273,2.219036483127109,1,6.016721750590407
953.7184104919434,2.2470561492913994,1,6.0009101312926765
953.7952861785889,2.2546978764271124,1,5.996597871484206
953.8741135597229,2.249603391669975,1,5.999472711356517
953.953447341919,2.249603391669975,1,5.999472711356517
954.0306463241577,2.249603391669975,1,5.999472711356517
954.1092622280121,2.2597923611842567,1,5.993723031611891
954.1875820159912,2.2394144221556864,1,6.005222391101147
954.264212846756,2.257245118805688,1,5.995160451548046
954.3406388759613,2.2521506340485438,1,5.998035291420361
954.4184532165527,2.2470561492913994,1,6.0009101312926765
954.4952876567841,2.249603391669975,1,5.999472711356517
954.573079586029,2.2317726950199663,1,6.009534650909622
954.6685492992401,2.2394144221556864,1,6.005222391101147
954.7463090419769,2.249603391669975,1,5.999472711356517
954.8260958194733,2.249603391669975,1,5.999472711356517
954.9058825969696,2.257245118805688,1,5.995160451548046
954.9826786518097,2.272528573077121,1,5.986535931931101
955.0614774227142,2.2699813306985455,1,5.987973351867261
955.1412563323975,2.267434088319977,1,5.989410771803416
955.2502274513245,2.257245118805688,1,5.995160451548046
955.3297412395477,2.2623396035628325,1,5.992285611675731
955.4065358638763,2.257245118805688,1,5.995160451548046
955.4994599819183,2.249603391669975,1,5.999472711356517
955.5772516727448,2.2546978764271124,1,5.996597871484206
955.6545522212982,2.234319937398542,1,6.008097230973462
955.7338819503784,2.2623396035628325,1,5.992285611675731
955.8271679878235,2.2546978764271124,1,5.996597871484206
955.9039313793182,2.249603391669975,1,5.999472711356517
955.9976811408997,2.2623396035628325,1,5.992285611675731
956.0774676799774,2.267434088319977,1,5.989410771803416
956.1542625427246,2.244508906912831,1,6.002347551228832
956.2330515384674,2.2521506340485438,1,5.998035291420361
956.3108489513397,2.2699813306985455,1,5.987973351867261
956.388635635376,2.2470561492913994,1,6.0009101312926765
956.465430021286,2.2470561492913994,1,6.0009101312926765
956.5442199707031,2.2546978764271124,1,5.996597871484206
956.6210143566132,2.249603391669975,1,5.999472711356517
956.7008011341095,2.2521506340485438,1,5.998035291420361
956.7805871963501,2.2521506340485438,1,5.998035291420361
956.8902943134308,2.2699813306985455,1,5.987973351867261
956.9695117473602,2.241961664534255,1,6.0037849711649915
957.0463063716888,2.257245118805688,1,5.995160451548046
957.1231043338776,2.264886845941401,1,5.990848191739576
957.200332403183,2.2470561492913994,1,6.0009101312926765
957.2782189846039,2.264886845941401,1,5.990848191739576
957.3580431938171,2.2597923611842567,1,5.993723031611891
957.436797618866,2.241961664534255,1,6.0037849711649915
957.5135924816132,2.264886845941401,1,5.990848191739576
957.5905730724335,2.264886845941401,1,5.990848191739576
957.6676044464111,2.257245118805688,1,5.995160451548046
957.7434017658234,2.257245118805688,1,5.995160451548046
957.8197050094604,2.2470561492913994,1,6.0009101312926765
957.8994920253754,2.249603391669975,1,5.999472711356517
957.9792785644531,2.2597923611842567,1,5.993723031611891
958.056072473526,2.267434088319977,1,5.989410771803416
958.1358957290649,2.234319937398542,1,6.008097230973462
958.2146849632263,2.2521506340485438,1,5.998035291420361
958.2914435863495,2.257245118805688,1,5.995160451548046
958.3710401058197,2.241961664534255,1,6.0037849711649915
958.478752374649,2.2623396035628325,1,5.992285611675731
958.5585386753082,2.2597923611842567,1,5.993723031611891
958.6363308429718,2.2546978764271124,1,5.996597871484206
958.7280855178833,2.2699813306985455,1,5.987973351867261
958.8078746795654,2.267434088319977,1,5.989410771803416
958.8868346214294,2.241961664534255,1,6.0037849711649915
958.963151216507,2.2546978764271124,1,5.996597871484206
959.0429379940033,2.257245118805688,1,5.995160451548046
959.1236763000488,2.2597923611842567,1,5.993723031611891
959.2004721164703,2.257245118805688,1,5.995160451548046
959.2782645225525,2.2699813306985455,1,5.987973351867261
959.3576183319092,2.2699813306985455,1,5.987973351867261
959.4345626831055,2.2394144221556864,1,6.005222391101147
959.5133159160614,2.2699813306985455,1,5.987973351867261
959.5927772521973,2.2699813306985455,1,5.987973351867261
959.6705687046051,2.2470561492913994,1,6.0009101312926765
959.750146150589,2.249603391669975,1,5.999472711356517
959.8272001743317,2.249603391669975,1,5.999472711356517
959.9032082557678,2.2470561492913994,1,6.0009101312926765
959.9819982051849,2.257245118805688,1,5.995160451548046
960.0907073020935,2.2699813306985455,1,5.987973351867261
960.1665046215057,2.249603391669975,1,5.999472711356517
960.2462913990021,2.2597923611842567,1,5.993723031611891
960.3238759040833,2.2699813306985455,1,5.987973351867261
960.4000356197357,2.2597923611842567,1,5.993723031611891
960.477828502655,2.2546978764271124,1,5.996597871484206
960.5715763568878,2.264886845941401,1,5.990848191739576
960.6503665447235,2.2597923611842567,1,5.993723031611891
960.730152130127,2.2597923611842567,1,5.993723031611891
960.8089430332184,2.2699813306985455,1,5.987973351867261
960.8867380619049,2.2521506340485438,1,5.998035291420361
960.9635417461395,2.257245118805688,1,5.995160451548046
961.0403265953064,2.2546978764271124,1,5.996597871484206
961.1324090957642,2.2546978764271124,1,5.996597871484206
961.2107391357422,2.2546978764271124,1,5.996597871484206
961.2885653972626,2.2699813306985455,1,5.987973351867261
961.3683183193207,2.267434088319977,1,5.989410771803416
961.4461100101471,2.2699813306985455,1,5.987973351867261
961.5239021778107,2.272528573077121,1,5.986535931931101
961.6017231941223,2.2597923611842567,1,5.993723031611891
961.7114322185516,2.2546978764271124,1,5.996597871484206
961.7891924381256,2.2699813306985455,1,5.987973351867261
961.8689789772034,2.2521506340485438,1,5.998035291420361
961.9467713832855,2.2546978764271124,1,5.996597871484206
962.0245635509491,2.264886845941401,1,5.990848191739576
962.1023550033569,2.2521506340485438,1,5.998035291420361
962.1801476478577,2.2623396035628325,1,5.992285611675731
962.2569448947906,2.267434088319977,1,5.989410771803416
962.335736989975,2.249603391669975,1,5.999472711356517
962.4115686416626,2.272528573077121,1,5.986535931931101
962.4873342514038,2.2521506340485438,1,5.998035291420361
962.5651259422302,2.2521506340485438,1,5.998035291420361
962.6414287090302,2.2597923611842567,1,5.993723031611891
962.7342140674591,2.2546978764271124,1,5.996597871484206
962.8139691352844,2.257245118805688,1,5.995160451548046
962.8897655010223,2.2623396035628325,1,5.992285611675731
962.9685544967651,2.2470561492913994,1,6.0009101312926765
963.0463466644287,2.267434088319977,1,5.989410771803416
963.1231601238251,2.2597923611842567,1,5.993723031611891
963.2009332180023,2.2470561492913994,1,6.0009101312926765
963.2957127094269,2.2597923611842567,1,5.993723031611891
963.3715484142303,2.257245118805688,1,5.995160451548046
963.4496560096741,2.244508906912831,1,6.002347551228832
963.5270547866821,2.249603391669975,1,5.999472711356517
963.6053855419159,2.264886845941401,1,5.990848191739576
963.6832649707794,2.249603391669975,1,5.999472711356517
963.7620439529419,2.2623396035628325,1,5.992285611675731
963.839115858078,2.257245118805688,1,5.995160451548046
963.9159235954285,2.2597923611842567,1,5.993723031611891
963.9933903217316,2.2597923611842567,1,5.993723031611891
964.0711822509766,2.2597923611842567,1,5.993723031611891
964.1492347717285,2.257245118805688,1,5.995160451548046
964.2291378974915,2.257245118805688,1,5.995160451548046
964.3059811592102,2.2546978764271124,1,5.996597871484206
964.3844957351685,2.2521506340485438,1,5.998035291420361
964.4623801708221,2.264886845941401,1,5.990848191739576
964.5396225452423,2.2699813306985455,1,5.987973351867261
964.6177268028259,2.241961664534255,1,6.0037849711649915
964.6957950592041,2.2623396035628325,1,5.992285611675731
964.7736604213715,2.2623396035628325,1,5.992285611675731
964.8694422245026,2.249603391669975,1,5.999472711356517
964.9492573738098,2.2546978764271124,1,5.996597871484206
965.0275590419769,2.2546978764271124,1,5.996597871484206
965.1053926944733,2.257245118805688,1,5.995160451548046
965.1831736564636,2.244508906912831,1,6.002347551228832
965.2598190307617,2.2623396035628325,1,5.992285611675731
965.3375816345215,2.2546978764271124,1,5.996597871484206
965.415402173996,2.249603391669975,1,5.999472711356517
965.4911947250366,2.2623396035628325,1,5.992285611675731
965.5700182914734,2.267434088319977,1,5.989410771803416
965.646913766861,2.2597923611842567,1,5.993723031611891
965.7239370346069,2.2623396035628325,1,5.992285611675731
965.8004887104034,2.257245118805688,1,5.995160451548046
965.8777821063995,2.2597923611842567,1,5.993723031611891
965.9547247886658,2.264886845941401,1,5.990848191739576
966.032429933548,2.2521506340485438,1,5.998035291420361
966.1103565692902,2.272528573077121,1,5.986535931931101
966.1868135929108,2.2699813306985455,1,5.987973351867261
966.26500248909,2.2521506340485438,1,5.998035291420361
966.3440716266632,2.2546978764271124,1,5.996597871484206
966.4378726482391,2.257245118805688,1,5.995160451548046
966.5164308547974,2.2546978764271124,1,5.996597871484206
966.5939748287201,2.2597923611842567,1,5.993723031611891
966.6717672348022,2.2597923611842567,1,5.993723031611891
966.7489795684814,2.249603391669975,1,5.999472711356517
966.8282382488251,2.2623396035628325,1,5.992285611675731
966.9057476520538,2.2699813306985455,1,5.987973351867261
966.9833397865295,2.2597923611842567,1,5.993723031611891
967.0616683959961,2.2597923611842567,1,5.993723031611891
967.138879776001,2.2699813306985455,1,5.987973351867261
967.2186629772186,2.244508906912831,1,6.002347551228832
967.2979683876038,2.249603391669975,1,5.999472711356517
967.376047372818,2.2597923611842567,1,5.993723031611891
967.4548711776733,2.272528573077121,1,5.986535931931101
967.5319755077362,2.257245118805688,1,5.995160451548046
967.6086113452911,2.280170300212834,1,5.982223672122631
967.6869983673096,2.264886845941401,1,5.990848191739576
967.7661497592926,2.2597923611842567,1,5.993723031611891
967.8437829017639,2.264886845941401,1,5.990848191739576
967.9216060638428,2.2546978764271124,1,5.996597871484206
968.0165553092957,2.2546978764271124,1,5.996597871484206
968.0939719676971,2.272528573077121,1,5.986535931931101
968.1703960895538,2.2597923611842567,1,5.993723031611891
968.2473194599152,2.2597923611842567,1,5.993723031611891
968.3255662918091,2.264886845941401,1,5.990848191739576
968.404360294342,2.2623396035628325,1,5.992285611675731
968.4803586006165,2.257245118805688,1,5.995160451548046
968.5592832565308,2.2699813306985455,1,5.987973351867261
968.6370878219604,2.2546978764271124,1,5.996597871484206
968.7150835990906,2.2597923611842567,1,5.993723031611891
968.7931380271912,2.2623396035628325,1,5.992285611675731
968.8719832897186,2.2546978764271124,1,5.996597871484206
968.9499945640564,2.2623396035628325,1,5.992285611675731
969.0280859470367,2.257245118805688,1,5.995160451548046
969.1039474010468,2.2521506340485438,1,5.998035291420361
969.1809091567993,2.249603391669975,1,5.999472711356517
969.2597510814667,2.2776230578342656,1,5.983661092058786
969.3396492004395,2.257245118805688,1,5.995160451548046
969.4185528755188,2.257245118805688,1,5.995160451548046
969.5112586021423,2.264886845941401,1,5.990848191739576
969.619336605072,2.2597923611842567,1,5.993723031611891
969.695330619812,2.2597923611842567,1,5.993723031611891
969.7728540897369,2.280170300212834,1,5.982223672122631
969.8516390323639,2.249603391669975,1,5.999472711356517
969.927699804306,2.2776230578342656,1,5.983661092058786
970.0047013759613,2.27507581545569,1,5.985098511994946
970.0820083618164,2.2546978764271124,1,5.996597871484206
970.1580431461334,2.264886845941401,1,5.990848191739576
970.2348194122314,2.244508906912831,1,6.002347551228832
970.3135569095612,2.2521506340485438,1,5.998035291420361
970.3906230926514,2.267434088319977,1,5.989410771803416
970.4684321880341,2.257245118805688,1,5.995160451548046
970.5475215911865,2.244508906912831,1,6.002347551228832
970.624312877655,2.2623396035628325,1,5.992285611675731
970.7021048069,2.2623396035628325,1,5.992285611675731
970.7809052467346,2.244508906912831,1,6.002347551228832
970.8585636615753,2.267434088319977,1,5.989410771803416
970.9356939792633,2.2546978764271124,1,5.996597871484206
971.0140879154205,2.2521506340485438,1,5.998035291420361
971.0904922485352,2.2623396035628325,1,5.992285611675731
971.1997818946838,2.257245118805688,1,5.995160451548046
971.277918100357,2.257245118805688,1,5.995160451548046
971.3567214012146,2.2597923611842567,1,5.993723031611891
971.4336688518524,2.2394144221556864,1,6.005222391101147
971.5104866027832,2.2546978764271124,1,5.996597871484206
971.5879600048065,2.257245118805688,1,5.995160451548046
971.665274143219,2.241961664534255,1,6.0037849711649915
971.7450659275055,2.257245118805688,1,5.995160451548046
971.8239517211914,2.2597923611842567,1,5.993723031611891
971.9016921520233,2.2470561492913994,1,6.0009101312926765
971.9804856777191,2.2597923611842567,1,5.993723031611891
972.0596122741699,2.2597923611842567,1,5.993723031611891
972.1361827850342,2.2699813306985455,1,5.987973351867261
972.2144947052002,2.2597923611842567,1,5.993723031611891
972.2928130626678,2.2546978764271124,1,5.996597871484206
972.3713991641998,2.2521506340485438,1,5.998035291420361
972.4490542411804,2.257245118805688,1,5.995160451548046
972.5261800289154,2.2521506340485438,1,5.998035291420361
972.6041564941406,2.257245118805688,1,5.995160451548046
972.6818971633911,2.2546978764271124,1,5.996597871484206
972.7758975028992,2.267434088319977,1,5.989410771803416
972.853667974472,2.272528573077121,1,5.986535931931101
972.9314134120941,2.257245118805688,1,5.995160451548046
973.0085582733154,2.257245118805688,1,5.995160451548046
973.087021112442,2.2623396035628325,1,5.992285611675731
973.1636066436768,2.249603391669975,1,5.999472711356517
973.2410321235657,2.2597923611842567,1,5.993723031611891
973.3208770751953,2.2699813306985455,1,5.987973351867261
973.3973665237427,2.2394144221556864,1,6.005222391101147
973.4751119613647,2.2597923611842567,1,5.993723031611891
973.5514948368073,2.264886845941401,1,5.990848191739576
973.6282477378845,2.2546978764271124,1,5.996597871484206
973.7200002670288,2.2597923611842567,1,5.993723031611891
973.7972683906555,2.241961664534255,1,6.0037849711649915
973.8732540607452,2.2699813306985455,1,5.987973351867261
973.9523985385895,2.267434088319977,1,5.989410771803416
974.0317242145538,2.2597923611842567,1,5.993723031611891
974.1092076301575,2.257245118805688,1,5.995160451548046
974.1873691082001,2.2699813306985455,1,5.987973351867261
974.2654411792755,2.2470561492913994,1,6.0009101312926765
974.3727777004242,2.2546978764271124,1,5.996597871484206
974.4518089294434,2.264886845941401,1,5.990848191739576
974.528445482254,2.2597923611842567,1,5.993723031611891
974.6063067913055,2.257245118805688,1,5.995160451548046
974.6842262744904,2.2546978764271124,1,5.996597871484206
974.7606375217438,2.257245118805688,1,5.995160451548046
974.8377258777618,2.272528573077121,1,5.986535931931101
974.9165599346161,2.249603391669975,1,5.999472711356517
974.9947023391724,2.257245118805688,1,5.995160451548046
975.0711901187897,2.2623396035628325,1,5.992285611675731
975.1489992141724,2.2521506340485438,1,5.998035291420361
975.228677034378,2.257245118805688,1,5.995160451548046
975.3061776161194,2.2597923611842567,1,5.993723031611891
975.38410115242,2.249603391669975,1,5.999472711356517
975.4638965129852,2.244508906912831,1,6.002347551228832
975.5397131443024,2.257245118805688,1,5.995160451548046
975.6177577972412,2.2470561492913994,1,6.0009101312926765
975.6967523097992,2.257245118805688,1,5.995160451548046
975.7728261947632,2.2699813306985455,1,5.987973351867261
975.8506243228912,2.2597923611842567,1,5.993723031611891
975.9445538520813,2.257245118805688,1,5.995160451548046
976.0216467380524,2.264886845941401,1,5.990848191739576
976.099616765976,2.264886845941401,1,5.990848191739576
976.1776611804962,2.2546978764271124,1,5.996597871484206
976.2534630298615,2.2623396035628325,1,5.992285611675731
976.345217704773,2.244508906912831,1,6.002347551228832
976.4230136871338,2.2699813306985455,1,5.987973351867261
976.5008935928345,2.2623396035628325,1,5.992285611675731
976.5788421630859,2.2521506340485438,1,5.998035291420361
976.6547501087189,2.2597923611842567,1,5.993723031611891
976.7330722808838,2.249603391669975,1,5.999472711356517
976.8115718364716,2.2546978764271124,1,5.996597871484206
976.8904163837433,2.2699813306985455,1,5.987973351867261
976.9662134647369,2.244508906912831,1,6.002347551228832
977.0450031757355,2.257245118805688,1,5.995160451548046
977.1219160556793,2.2699813306985455,1,5.987973351867261
977.1974813938141,2.249603391669975,1,5.999472711356517
977.2740621566772,2.2699813306985455,1,5.987973351867261
977.3530390262604,2.2521506340485438,1,5.998035291420361
977.4299976825714,2.2521506340485438,1,5.998035291420361
977.5393517017365,2.2394144221556864,1,6.005222391101147
977.6160793304443,2.272528573077121,1,5.986535931931101
977.6940383911133,2.244508906912831,1,6.002347551228832
977.7731955051422,2.2699813306985455,1,5.987973351867261
977.8493692874908,2.2546978764271124,1,5.996597871484206
977.927984714508,2.267434088319977,1,5.989410771803416
978.0057501792908,2.2623396035628325,1,5.992285611675731
978.0821273326874,2.2699813306985455,1,5.987973351867261
978.1591627597809,2.2623396035628325,1,5.992285611675731
978.2370364665985,2.2597923611842567,1,5.993723031611891
978.3132026195526,2.2521506340485438,1,5.998035291420361
978.3909766674042,2.2546978764271124,1,5.996597871484206
978.4690108299255,2.2546978764271124,1,5.996597871484206
978.5462682247162,2.267434088319977,1,5.989410771803416
978.6410553455353,2.257245118805688,1,5.995160451548046
978.7185366153717,2.249603391669975,1,5.999472711356517
978.7958025932312,2.249603391669975,1,5.999472711356517
978.8735389709473,2.2546978764271124,1,5.996597871484206
978.9533596038818,2.2623396035628325,1,5.992285611675731
979.0303049087524,2.241961664534255,1,6.0037849711649915
979.1254987716675,2.249603391669975,1,5.999472711356517
979.2049098014832,2.2623396035628325,1,5.992285611675731
979.2817611694336,2.2623396035628325,1,5.992285611675731
979.3617131710052,2.2546978764271124,1,5.996597871484206
979.4396092891693,2.2597923611842567,1,5.993723031611891
979.5160236358643,2.2597923611842567,1,5.993723031611891
979.5919201374054,2.264886845941401,1,5.990848191739576
979.6708767414093,2.27507581545569,1,5.985098511994946
979.7486288547516,2.27507581545569,1,5.985098511994946
979.8261244297028,2.2597923611842567,1,5.993723031611891
979.9027590751648,2.2597923611842567,1,5.993723031611891
979.9796693325043,2.2597923611842567,1,5.993723031611891
980.0580062866211,2.2597923611842567,1,5.993723031611891
980.1368553638458,2.264886845941401,1,5.990848191739576
980.2146508693695,2.2623396035628325,1,5.992285611675731
980.2924432754517,2.249603391669975,1,5.999472711356517
980.3707485198975,2.2597923611842567,1,5.993723031611891
980.4477245807648,2.2699813306985455,1,5.987973351867261
980.5261225700378,2.2546978764271124,1,5.996597871484206
980.605863571167,2.2597923611842567,1,5.993723031611891
980.6997241973877,2.2546978764271124,1,5.996597871484206
980.7775983810425,2.2623396035628325,1,5.992285611675731
980.8573863506317,2.264886845941401,1,5.990848191739576
980.9341816902161,2.2699813306985455,1,5.987973351867261
981.0122001171112,2.2597923611842567,1,5.993723031611891
981.089661359787,2.2597923611842567,1,5.993723031611891
981.1658148765564,2.2623396035628325,1,5.992285611675731
981.2446393966675,2.244508906912831,1,6.002347551228832
981.322788476944,2.257245118805688,1,5.995160451548046
981.3992075920105,2.2776230578342656,1,5.983661092058786
981.4782228469849,2.2546978764271124,1,5.996597871484206
981.5571758747101,2.2546978764271124,1,5.996597871484206
981.6354668140411,2.264886845941401,1,5.990848191739576
981.7151865959167,2.282717542591403,1,5.980786252186475
981.7937519550323,2.2521506340485438,1,5.998035291420361
981.8705410957336,2.267434088319977,1,5.989410771803416
981.9481546878815,2.27507581545569,1,5.985098511994946
982.0275332927704,2.244508906912831,1,6.002347551228832
982.104528427124,2.2546978764271124,1,5.996597871484206
982.1834979057312,2.2597923611842567,1,5.993723031611891
982.2916824817657,2.2597923611842567,1,5.993723031611891
982.3680410385132,2.2776230578342656,1,5.983661092058786
982.44677734375,2.2546978764271124,1,5.996597871484206
982.5242645740509,2.2597923611842567,1,5.993723031611891
982.6015727519989,2.27507581545569,1,5.985098511994946
982.6792943477631,2.2546978764271124,1,5.996597871484206
982.756685256958,2.272528573077121,1,5.986535931931101
982.8359377384186,2.2776230578342656,1,5.983661092058786
982.9140250682831,2.2699813306985455,1,5.987973351867261
982.991087436676,2.2776230578342656,1,5.983661092058786
983.0706431865692,2.2699813306985455,1,5.987973351867261
983.1504461765289,2.2597923611842567,1,5.993723031611891
983.228266954422,2.2597923611842567,1,5.993723031611891
983.3070087432861,2.2546978764271124,1,5.996597871484206
983.3859305381775,2.272528573077121,1,5.986535931931101
983.4629526138306,2.2623396035628325,1,5.992285611675731
983.5400147438049,2.2597923611842567,1,5.993723031611891
983.618735074997,2.264886845941401,1,5.990848191739576
983.6959540843964,2.264886845941401,1,5.990848191739576
983.7739837169647,2.264886845941401,1,5.990848191739576
983.8666596412659,2.27507581545569,1,5.985098511994946
983.9419779777527,2.257245118805688,1,5.995160451548046
984.0187439918518,2.2623396035628325,1,5.992285611675731
984.0967531204224,2.267434088319977,1,5.989410771803416
984.1736042499542,2.2521506340485438,1,5.998035291420361
984.2514448165894,2.2776230578342656,1,5.983661092058786
984.330228805542,2.2776230578342656,1,5.983661092058786
984.4214098453522,2.2776230578342656,1,5.983661092058786
984.5000286102295,2.280170300212834,1,5.982223672122631
984.578314781189,2.2521506340485438,1,5.998035291420361
984.6551587581635,2.2597923611842567,1,5.993723031611891
984.7349681854248,2.27507581545569,1,5.985098511994946
984.8127772808075,2.2597923611842567,1,5.993723031611891
984.8903274536133,2.27507581545569,1,5.985098511994946
984.9674224853516,2.282717542591403,1,5.980786252186475
985.0454382896423,2.264886845941401,1,5.990848191739576
985.1218028068542,2.2699813306985455,1,5.987973351867261
985.1999225616455,2.267434088319977,1,5.989410771803416
985.2779517173767,2.272528573077121,1,5.986535931931101
985.3559188842773,2.27507581545569,1,5.985098511994946
985.4675922393799,2.27507581545569,1,5.985098511994946
985.5468773841858,2.280170300212834,1,5.982223672122631
985.6257243156433,2.2623396035628325,1,5.992285611675731
985.7015504837036,2.290359269727123,1,5.976473992378001
985.7786245346069,2.264886845941401,1,5.990848191739576
985.8574662208557,2.257245118805688,1,5.995160451548046
985.9363741874695,2.267434088319977,1,5.989410771803416
986.013368844986,2.2699813306985455,1,5.987973351867261
986.0904414653778,2.2699813306985455,1,5.987973351867261
986.1683909893036,2.2776230578342656,1,5.983661092058786
986.2472870349884,2.2776230578342656,1,5.983661092058786
986.3245425224304,2.2470561492913994,1,6.0009101312926765
986.4017908573151,2.272528573077121,1,5.986535931931101
986.4796285629272,2.272528573077121,1,5.986535931931101
986.5584180355072,2.2699813306985455,1,5.987973351867261
986.6382009983063,2.272528573077121,1,5.986535931931101
986.7300009727478,2.282717542591403,1,5.980786252186475
986.8098256587982,2.2597923611842567,1,5.993723031611891
986.8882007598877,2.264886845941401,1,5.990848191739576
986.9639940261841,2.2852647849699785,1,5.979348832250316
987.0578627586365,2.257245118805688,1,5.995160451548046
987.135645866394,2.27507581545569,1,5.985098511994946
987.2130963802338,2.282717542591403,1,5.980786252186475
987.2928841114044,2.282717542591403,1,5.980786252186475
987.3706755638123,2.282717542591403,1,5.980786252186475
987.4474704265594,2.280170300212834,1,5.982223672122631
987.5257701873779,2.2623396035628325,1,5.992285611675731
987.6035623550415,2.264886845941401,1,5.990848191739576
987.6804761886597,2.27507581545569,1,5.985098511994946
987.759494304657,2.27507581545569,1,5.985098511994946
987.8513324260712,2.280170300212834,1,5.982223672122631
987.9283347129822,2.272528573077121,1,5.986535931931101
988.0072329044342,2.2546978764271124,1,5.996597871484206
988.0847654342651,2.267434088319977,1,5.989410771803416
988.1626117229462,2.2776230578342656,1,5.983661092058786
988.2404792308807,2.27507581545569,1,5.985098511994946
988.3162429332733,2.2699813306985455,1,5.987973351867261
988.3940970897675,2.264886845941401,1,5.990848191739576
988.4709026813507,2.2597923611842567,1,5.993723031611891
988.5490205287933,2.264886845941401,1,5.990848191739576
988.6550934314728,2.2597923611842567,1,5.993723031611891
988.7330660820007,2.264886845941401,1,5.990848191739576
988.8101835250854,2.257245118805688,1,5.995160451548046
988.88884806633,2.2597923611842567,1,5.993723031611891
988.9680840969086,2.27507581545569,1,5.985098511994946
989.0460693836212,2.280170300212834,1,5.982223672122631
989.124109506607,2.280170300212834,1,5.982223672122631
989.2031519412994,2.2623396035628325,1,5.992285611675731
989.2811892032623,2.287812027348547,1,5.97791141231416
989.3597340583801,2.2699813306985455,1,5.987973351867261
989.4371709823608,2.2776230578342656,1,5.983661092058786
989.514083147049,2.2699813306985455,1,5.987973351867261
989.5920350551605,2.2597923611842567,1,5.993723031611891
989.6690468788147,2.2699813306985455,1,5.987973351867261
989.7464346885681,2.2776230578342656,1,5.983661092058786
989.8241803646088,2.267434088319977,1,5.989410771803416
989.9028060436249,2.267434088319977,1,5.989410771803416
989.9806447029114,2.2852647849699785,1,5.979348832250316
990.0594296455383,2.27507581545569,1,5.985098511994946
990.1370007991791,2.2597923611842567,1,5.993723031611891
990.2299511432648,2.2699813306985455,1,5.987973351867261
990.3072175979614,2.257245118805688,1,5.995160451548046
990.3869366645813,2.267434088319977,1,5.989410771803416
990.4630115032196,2.2699813306985455,1,5.987973351867261
990.5422213077545,2.2623396035628325,1,5.992285611675731
990.6192173957825,2.2623396035628325,1,5.992285611675731
990.696925163269,2.280170300212834,1,5.982223672122631
990.7766807079315,2.2852647849699785,1,5.979348832250316
990.8545317649841,2.2597923611842567,1,5.993723031611891
990.9324235916138,2.2699813306985455,1,5.987973351867261
991.009566783905,2.2623396035628325,1,5.992285611675731
991.0892643928528,2.2521506340485438,1,5.998035291420361
991.1662545204163,2.264886845941401,1,5.990848191739576
991.244161605835,2.267434088319977,1,5.989410771803416
991.3222010135651,2.267434088319977,1,5.989410771803416
991.397810459137,2.2776230578342656,1,5.983661092058786
991.4756860733032,2.267434088319977,1,5.989410771803416
991.5515875816345,2.264886845941401,1,5.990848191739576
991.6274511814117,2.282717542591403,1,5.980786252186475
991.7042980194092,2.267434088319977,1,5.989410771803416
991.7981595993042,2.2776230578342656,1,5.983661092058786
991.8736760616302,2.2699813306985455,1,5.987973351867261
991.9516179561615,2.2699813306985455,1,5.987973351867261
992.0313405990601,2.267434088319977,1,5.989410771803416
992.108155965805,2.2776230578342656,1,5.983661092058786
992.1875805854797,2.267434088319977,1,5.989410771803416
992.2653839588165,2.2776230578342656,1,5.983661092058786
992.3411815166473,2.2776230578342656,1,5.983661092058786
992.4181621074677,2.280170300212834,1,5.982223672122631
992.4955577850342,2.282717542591403,1,5.980786252186475
992.5726435184479,2.2623396035628325,1,5.992285611675731
992.6505134105682,2.287812027348547,1,5.97791141231416
992.7282316684723,2.2776230578342656,1,5.983661092058786
992.8050134181976,2.2776230578342656,1,5.983661092058786
992.8827860355377,2.290359269727123,1,5.976473992378001
992.9625728130341,2.272528573077121,1,5.986535931931101
993.0383749008179,2.282717542591403,1,5.980786252186475
993.1172122955322,2.272528573077121,1,5.986535931931101
993.1969995498657,2.290359269727123,1,5.976473992378001
993.2738268375397,2.267434088319977,1,5.989410771803416
993.3840370178223,2.280170300212834,1,5.982223672122631
993.462797164917,2.2776230578342656,1,5.983661092058786
993.5535533428192,2.2699813306985455,1,5.987973351867261
993.6319091320038,2.290359269727123,1,5.976473992378001
993.7116978168488,2.282717542591403,1,5.980786252186475
993.7894554138184,2.264886845941401,1,5.990848191739576
993.8672475814819,2.272528573077121,1,5.986535931931101
993.9470341205597,2.2852647849699785,1,5.979348832250316
994.0248265266418,2.272528573077121,1,5.986535931931101
994.1046123504639,2.2776230578342656,1,5.983661092058786
994.1843998432159,2.282717542591403,1,5.980786252186475
994.2770538330078,2.280170300212834,1,5.982223672122631
994.3563499450684,2.267434088319977,1,5.989410771803416
994.4340083599091,2.27507581545569,1,5.985098511994946
994.512800693512,2.2852647849699785,1,5.979348832250316
994.608544588089,2.298000996862836,1,5.97216173256953
994.6847882270813,2.267434088319977,1,5.989410771803416
994.7633452415466,2.2776230578342656,1,5.983661092058786
994.8416361808777,2.287812027348547,1,5.97791141231416
994.9192824363708,2.27507581545569,1,5.985098511994946
995.0284998416901,2.2954537544842673,1,5.9735991525056855
995.1052944660187,2.282717542591403,1,5.980786252186475
995.1828923225403,2.272528573077121,1,5.986535931931101
995.2596876621246,2.2776230578342656,1,5.983661092058786
995.3384773731232,2.2852647849699785,1,5.979348832250316
995.4162685871124,2.282717542591403,1,5.980786252186475
995.4940612316132,2.280170300212834,1,5.982223672122631
995.5738470554352,2.282717542591403,1,5.980786252186475
995.6516396999359,2.267434088319977,1,5.989410771803416
995.7314262390137,2.27507581545569,1,5.985098511994946
995.8112142086029,2.298000996862836,1,5.97216173256953
995.8880500793457,2.280170300212834,1,5.982223672122631
995.9663798809052,2.280170300212834,1,5.982223672122631
996.0461676120758,2.2852647849699785,1,5.979348832250316
996.1233503818512,2.280170300212834,1,5.982223672122631
996.2021746635437,2.280170300212834,1,5.982223672122631
996.2809307575226,2.287812027348547,1,5.97791141231416
996.3581199645996,2.282717542591403,1,5.980786252186475
996.4359121322632,2.280170300212834,1,5.982223672122631
996.5157310962677,2.2852647849699785,1,5.979348832250316
996.6230001449585,2.280170300212834,1,5.982223672122631
996.6998264789581,2.2852647849699785,1,5.979348832250316
996.7770082950592,2.282717542591403,1,5.980786252186475
996.8532214164734,2.280170300212834,1,5.982223672122631
996.9470024108887,2.290359269727123,1,5.976473992378001
997.0257608890533,2.2852647849699785,1,5.979348832250316
997.1045489311218,2.267434088319977,1,5.989410771803416
997.1840915679932,2.290359269727123,1,5.976473992378001
997.2598896026611,2.3005482392414116,1,5.9707243126333704
997.3374681472778,2.280170300212834,1,5.982223672122631
997.4166445732117,2.280170300212834,1,5.982223672122631
997.4934401512146,2.290359269727123,1,5.976473992378001
997.5712988376617,2.27507581545569,1,5.985098511994946
997.6491229534149,2.2699813306985455,1,5.987973351867261
997.7278802394867,2.2954537544842673,1,5.9735991525056855
997.8066811561584,2.2954537544842673,1,5.9735991525056855
997.8864676952362,2.27507581545569,1,5.985098511994946
997.9652628898621,2.272528573077121,1,5.986535931931101
998.0440468788147,2.27507581545569,1,5.985098511994946
998.1213836669922,2.2852647849699785,1,5.979348832250316
998.2290890216827,2.290359269727123,1,5.976473992378001
998.3088753223419,2.287812027348547,1,5.97791141231416
998.3876669406891,2.2699813306985455,1,5.987973351867261
998.4645164012909,2.280170300212834,1,5.982223672122631
998.5428807735443,2.287812027348547,1,5.97791141231416
998.6202573776245,2.267434088319977,1,5.989410771803416
998.6980493068695,2.272528573077121,1,5.986535931931101
998.7778356075287,2.2776230578342656,1,5.983661092058786
998.8576219081879,2.287812027348547,1,5.97791141231416
998.9354147911072,2.287812027348547,1,5.97791141231416
999.0132067203522,2.290359269727123,1,5.976473992378001
999.0929930210114,2.290359269727123,1,5.976473992378001
999.1857445240021,2.280170300212834,1,5.982223672122631
999.2645347118378,2.27507581545569,1,5.985098511994946
999.3443324565887,2.2776230578342656,1,5.983661092058786
999.4221239089966,2.282717542591403,1,5.980786252186475
999.5009140968323,2.2776230578342656,1,5.983661092058786
999.5792775154114,2.2852647849699785,1,5.979348832250316
999.6570730209351,2.3005482392414116,1,5.9707243126333704
999.734867811203,2.282717542591403,1,5.980786252186475
999.8425796031952,2.3005482392414116,1,5.9707243126333704
999.919410943985,2.2852647849699785,1,5.979348832250316
999.9971888065338,2.2929065121056915,1,5.975036572441845
1000.0733561515808,2.2929065121056915,1,5.975036572441845
1000.149733543396,2.2776230578342656,1,5.983661092058786
1000.2264914512634,2.2852647849699785,1,5.979348832250316
1000.3182456493378,2.287812027348547,1,5.97791141231416
1000.396288394928,2.2929065121056915,1,5.975036572441845
1000.4748640060425,2.2776230578342656,1,5.983661092058786
1000.5516591072083,2.280170300212834,1,5.982223672122631
1000.6284828186035,2.290359269727123,1,5.976473992378001
1000.7062449455261,2.2546978764271124,1,5.996597871484206
1000.7820768356323,2.272528573077121,1,5.986535931931101
1000.8598351478577,2.290359269727123,1,5.976473992378001
1000.9376273155212,2.2954537544842673,1,5.9735991525056855
1001.0144536495209,2.272528573077121,1,5.986535931931101
1001.0942394733429,2.282717542591403,1,5.980786252186475
1001.1875088214874,2.2929065121056915,1,5.975036572441845
1001.2652714252472,2.290359269727123,1,5.976473992378001
1001.3430731296539,2.290359269727123,1,5.976473992378001
1001.4527704715729,2.272528573077121,1,5.986535931931101
1001.545163154602,2.280170300212834,1,5.982223672122631
1001.6229555606842,2.2954537544842673,1,5.9735991525056855
1001.7012889385223,2.280170300212834,1,5.982223672122631
1001.7781164646149,2.2368671797771107,1,6.006659811037307
1001.856381893158,2.290359269727123,1,5.976473992378001
1001.9351706504822,2.2852647849699785,1,5.979348832250316
1002.0139605998993,2.287812027348547,1,5.97791141231416
1002.0927498340607,2.3030954816199802,1,5.969286892697215
1002.1685466766357,2.267434088319977,1,5.989410771803416
1002.245379447937,2.290359269727123,1,5.976473992378001
1002.3221364021301,2.2954537544842673,1,5.9735991525056855
1002.3989310264587,2.280170300212834,1,5.982223672122631
1002.4936783313751,2.2852647849699785,1,5.979348832250316
1002.5734648704529,2.2929065121056915,1,5.975036572441845
1002.6672134399414,2.282717542591403,1,5.980786252186475
1002.7460033893585,2.280170300212834,1,5.982223672122631
1002.8247919082642,2.2954537544842673,1,5.9735991525056855
1002.9007444381714,2.2776230578342656,1,5.983661092058786
1002.9784314632416,2.27507581545569,1,5.985098511994946
1003.0881378650665,2.27507581545569,1,5.985098511994946
1003.164936542511,2.27507581545569,1,5.985098511994946
1003.2427597045898,2.287812027348547,1,5.97791141231416
1003.3196411132812,2.287812027348547,1,5.97791141231416
1003.3985233306885,2.2852647849699785,1,5.979348832250316
1003.4758229255676,2.290359269727123,1,5.976473992378001
1003.5524418354034,2.282717542591403,1,5.980786252186475
1003.630964756012,2.2852647849699785,1,5.979348832250316
1003.7075233459473,2.298000996862836,1,5.97216173256953
1003.7867238521576,2.298000996862836,1,5.97216173256953
1003.8640894889832,2.2776230578342656,1,5.983661092058786
1003.9420311450958,2.3005482392414116,1,5.9707243126333704
1004.0207183361053,2.2929065121056915,1,5.975036572441845
1004.0975434780121,2.290359269727123,1,5.976473992378001
1004.176219701767,2.3005482392414116,1,5.9707243126333704
1004.2535951137543,2.2954537544842673,1,5.9735991525056855
1004.3316597938538,2.2776230578342656,1,5.983661092058786
1004.4087665081024,2.2954537544842673,1,5.9735991525056855
1004.4852564334869,2.2954537544842673,1,5.9735991525056855
1004.5635697841644,2.2852647849699785,1,5.979348832250316
1004.67156291008,2.3030954816199802,1,5.969286892697215
1004.7485048770905,2.27507581545569,1,5.985098511994946
1004.8271527290344,2.290359269727123,1,5.976473992378001
1004.9188370704651,2.2929065121056915,1,5.975036572441845
1004.9950735569,2.2929065121056915,1,5.975036572441845
1005.0749268531799,2.290359269727123,1,5.976473992378001
1005.1536843776703,2.2929065121056915,1,5.975036572441845
1005.2295157909393,2.2852647849699785,1,5.979348832250316
1005.3072738647461,2.287812027348547,1,5.97791141231416
1005.3840684890747,2.2852647849699785,1,5.979348832250316
1005.4602625370026,2.280170300212834,1,5.982223672122631
1005.5380158424377,2.3005482392414116,1,5.9707243126333704
1005.6178026199341,2.290359269727123,1,5.976473992378001
1005.6955940723419,2.2954537544842673,1,5.9735991525056855
1005.773754119873,2.2954537544842673,1,5.9735991525056855
1005.8515453338623,2.2954537544842673,1,5.9735991525056855
1005.928416967392,2.290359269727123,1,5.976473992378001
1006.0211372375488,2.2929065121056915,1,5.975036572441845
1006.1118938922882,2.282717542591403,1,5.980786252186475
1006.1886887550354,2.2954537544842673,1,5.9735991525056855
1006.2964005470276,2.27507581545569,1,5.985098511994946
1006.3731956481934,2.287812027348547,1,5.97791141231416
1006.4500093460083,2.280170300212834,1,5.982223672122631
1006.5297768115997,2.282717542591403,1,5.980786252186475
1006.6075687408447,2.298000996862836,1,5.97216173256953
1006.686098575592,2.287812027348547,1,5.97791141231416
1006.7638914585114,2.282717542591403,1,5.980786252186475
1006.8576397895813,2.2929065121056915,1,5.975036572441845
1006.9508974552155,2.2852647849699785,1,5.979348832250316
1007.0421614646912,2.298000996862836,1,5.97216173256953
1007.1359164714813,2.282717542591403,1,5.980786252186475
1007.215704202652,2.272528573077121,1,5.986535931931101
1007.2954835891724,2.287812027348547,1,5.97791141231416
1007.3705585002899,2.287812027348547,1,5.97791141231416
1007.450501203537,2.2954537544842673,1,5.9735991525056855
1007.529648065567,2.280170300212834,1,5.982223672122631
1007.6070184707642,2.298000996862836,1,5.97216173256953
1007.685893535614,2.3005482392414116,1,5.9707243126333704
1007.7646598815918,2.2852647849699785,1,5.979348832250316
1007.8424637317657,2.2776230578342656,1,5.983661092058786
1007.9381294250488,2.280170300212834,1,5.982223672122631
1008.0152382850647,2.2776230578342656,1,5.983661092058786
1008.0936362743378,2.280170300212834,1,5.982223672122631
1008.17147564888,2.2954537544842673,1,5.9735991525056855
1008.2486464977264,2.282717542591403,1,5.980786252186475
1008.3274309635162,2.282717542591403,1,5.980786252186475
1008.4052670001984,2.2776230578342656,1,5.983661092058786
1008.4831364154816,2.280170300212834,1,5.982223672122631
1008.5618722438812,2.287812027348547,1,5.97791141231416
1008.6396090984344,2.2852647849699785,1,5.979348832250316
1008.7174003124237,2.2852647849699785,1,5.979348832250316
1008.7941980361938,2.282717542591403,1,5.980786252186475
1008.8712472915649,2.2852647849699785,1,5.979348832250316
1008.9485158920288,2.2776230578342656,1,5.983661092058786
1009.026878118515,2.287812027348547,1,5.97791141231416
1009.1049432754517,2.2929065121056915,1,5.975036572441845
1009.1818521022797,2.2776230578342656,1,5.983661092058786
1009.2588515281677,2.2852647849699785,1,5.979348832250316
1009.3369293212891,2.280170300212834,1,5.982223672122631
1009.4139173030853,2.2929065121056915,1,5.975036572441845
1009.5223438739777,2.2954537544842673,1,5.9735991525056855
1009.6000638008118,2.290359269727123,1,5.976473992378001
1009.6763589382172,2.290359269727123,1,5.976473992378001
1009.7542231082916,2.290359269727123,1,5.976473992378001
1009.8317396640778,2.2852647849699785,1,5.979348832250316
1009.9087800979614,2.282717542591403,1,5.980786252186475
1009.9869532585144,2.2852647849699785,1,5.979348832250316
1010.0649616718292,2.27507581545569,1,5.985098511994946
1010.1410894393921,2.2852647849699785,1,5.979348832250316
1010.2209002971649,2.2929065121056915,1,5.975036572441845
1010.2974836826324,2.272528573077121,1,5.986535931931101
1010.3728098869324,2.3005482392414116,1,5.9707243126333704
1010.4501850605011,2.290359269727123,1,5.976473992378001
1010.5299806594849,2.280170300212834,1,5.982223672122631
1010.6067717075348,2.290359269727123,1,5.976473992378001
1010.6831743717194,2.298000996862836,1,5.97216173256953
1010.7610065937042,2.280170300212834,1,5.982223672122631
1010.8389539718628,2.287812027348547,1,5.97791141231416
1010.9187359809875,2.282717542591403,1,5.980786252186475
1010.9987001419067,2.280170300212834,1,5.982223672122631
1011.1064674854279,2.2929065121056915,1,5.975036572441845
1011.18399477005,2.287812027348547,1,5.97791141231416
1011.2629730701447,2.280170300212834,1,5.982223672122631
1011.3411571979523,2.282717542591403,1,5.980786252186475
1011.4204280376434,2.290359269727123,1,5.976473992378001
1011.5003392696381,2.2852647849699785,1,5.979348832250316
1011.576277256012,2.27507581545569,1,5.985098511994946
1011.6520416736603,2.2776230578342656,1,5.983661092058786
1011.7302141189575,2.2776230578342656,1,5.983661092058786
1011.8070590496063,2.2776230578342656,1,5.983661092058786
1011.8840537071228,2.2852647849699785,1,5.979348832250316
1011.9611322879791,2.282717542591403,1,5.980786252186475
1012.0370931625366,2.290359269727123,1,5.976473992378001
1012.1160924434662,2.287812027348547,1,5.97791141231416
1012.1949782371521,2.290359269727123,1,5.976473992378001
1012.2719695568085,2.287812027348547,1,5.97791141231416
1012.3507876396179,2.2954537544842673,1,5.9735991525056855
1012.4287526607513,2.280170300212834,1,5.982223672122631
1012.5069651603699,2.3005482392414116,1,5.9707243126333704
1012.5817627906799,2.2954537544842673,1,5.9735991525056855
1012.6756303310394,2.2954537544842673,1,5.9735991525056855
1012.7503745555878,2.2954537544842673,1,5.9735991525056855
1012.8280563354492,2.290359269727123,1,5.976473992378001
1012.9078841209412,2.298000996862836,1,5.97216173256953
1012.9851987361908,2.282717542591403,1,5.980786252186475
1013.0639894008636,2.290359269727123,1,5.976473992378001
1013.1409645080566,2.290359269727123,1,5.976473992378001
1013.2175498008728,2.3005482392414116,1,5.9707243126333704
1013.2964773178101,2.290359269727123,1,5.976473992378001
1013.3747074604034,2.2929065121056915,1,5.975036572441845
1013.4516868591309,2.3005482392414116,1,5.9707243126333704
1013.5296771526337,2.290359269727123,1,5.976473992378001
1013.6064279079437,2.2954537544842673,1,5.9735991525056855
1013.6833469867706,2.3030954816199802,1,5.969286892697215
1013.7626135349274,2.280170300212834,1,5.982223672122631
1013.8423955440521,2.2929065121056915,1,5.975036572441845
1013.9201872348785,2.305642723998556,1,5.967849472761055
1014.0000014305115,2.287812027348547,1,5.97791141231416
1014.0779089927673,2.287812027348547,1,5.97791141231416
1014.1550002098083,2.2929065121056915,1,5.975036572441845
1014.2506997585297,2.287812027348547,1,5.97791141231416
1014.3266155719757,2.2852647849699785,1,5.979348832250316
1014.4058833122253,2.280170300212834,1,5.982223672122631
1014.4856598377228,2.298000996862836,1,5.97216173256953
1014.561794757843,2.280170300212834,1,5.982223672122631
1014.6377186775208,2.290359269727123,1,5.976473992378001
1014.7151091098785,2.2929065121056915,1,5.975036572441845
1014.792900800705,2.2929065121056915,1,5.975036572441845
1014.8716490268707,2.3030954816199802,1,5.969286892697215
1014.951046705246,2.3030954816199802,1,5.969286892697215
1015.0276961326599,2.2852647849699785,1,5.979348832250316
1015.1067404747009,2.287812027348547,1,5.97791141231416
1015.1865260601044,2.2929065121056915,1,5.975036572441845
1015.2632563114166,2.2852647849699785,1,5.979348832250316
1015.3419947624207,2.2776230578342656,1,5.983661092058786
1015.4220390319824,2.2954537544842673,1,5.9735991525056855
1015.5009648799896,2.3030954816199802,1,5.969286892697215
1015.5792713165283,2.2929065121056915,1,5.975036572441845
1015.6568231582642,2.2954537544842673,1,5.9735991525056855
1015.7341589927673,2.2954537544842673,1,5.9735991525056855
1015.8419146537781,2.290359269727123,1,5.976473992378001
1015.917608499527,2.298000996862836,1,5.97216173256953
1015.9938545227051,2.3005482392414116,1,5.9707243126333704
1016.0737051963806,2.3005482392414116,1,5.9707243126333704
1016.1535174846649,2.305642723998556,1,5.967849472761055
1016.2296767234802,2.2954537544842673,1,5.9735991525056855
1016.3084232807159,2.290359269727123,1,5.976473992378001
1016.3870167732239,2.3081899663771246,1,5.9664120528249
1016.4635229110718,2.3081899663771246,1,5.9664120528249
1016.5431320667267,2.298000996862836,1,5.97216173256953
1016.6225481033325,2.3030954816199802,1,5.969286892697215
1016.6998155117035,2.3030954816199802,1,5.969286892697215
1016.7786033153534,2.287812027348547,1,5.97791141231416
1016.8574478626251,2.2929065121056915,1,5.975036572441845
1016.9340467453003,2.305642723998556,1,5.967849472761055
1017.0137913227081,2.3081899663771246,1,5.9664120528249
1017.0910606384277,2.290359269727123,1,5.976473992378001
1017.1683037281036,2.305642723998556,1,5.967849472761055
1017.2447519302368,2.2954537544842673,1,5.9735991525056855
1017.3218967914581,2.3005482392414116,1,5.9707243126333704
1017.4316442012787,2.3030954816199802,1,5.969286892697215
1017.5086085796356,2.3030954816199802,1,5.969286892697215
1017.5855023860931,2.310737208755693,1,5.964974632888744
1017.6608564853668,2.3005482392414116,1,5.9707243126333704
1017.740665435791,2.298000996862836,1,5.97216173256953
1017.8196914196014,2.3030954816199802,1,5.969286892697215
1017.8960149288177,2.2954537544842673,1,5.9735991525056855
1017.9747502803802,2.3030954816199802,1,5.969286892697215
1018.0518364906311,2.3081899663771246,1,5.9664120528249
1018.1296708583832,2.3005482392414116,1,5.9707243126333704
1018.2069211006165,2.2929065121056915,1,5.975036572441845
1018.2839307785034,2.298000996862836,1,5.97216173256953
1018.3617267608643,2.298000996862836,1,5.97216173256953
1018.4405384063721,2.290359269727123,1,5.976473992378001
1018.5163443088531,2.310737208755693,1,5.964974632888744
1018.6081047058105,2.3005482392414116,1,5.9707243126333704
1018.6870625019073,2.3081899663771246,1,5.9664120528249
1018.7668747901917,2.310737208755693,1,5.964974632888744
1018.8435213565826,2.2954537544842673,1,5.9735991525056855
1018.9204094409943,2.3005482392414116,1,5.9707243126333704
1019.0285606384277,2.305642723998556,1,5.967849472761055
1019.1065423488617,2.3081899663771246,1,5.9664120528249
1019.1845219135284,2.3234734206485577,1,5.957787533207955
1019.260511636734,2.3081899663771246,1,5.9664120528249
1019.3402633666992,2.298000996862836,1,5.97216173256953
1019.4190497398376,2.3081899663771246,1,5.9664120528249
1019.4948790073395,2.298000996862836,1,5.97216173256953
1019.5746903419495,2.298000996862836,1,5.97216173256953
1019.652640581131,2.3030954816199802,1,5.969286892697215
1019.7304306030273,2.310737208755693,1,5.964974632888744
1019.8247365951538,2.2852647849699785,1,5.979348832250316
1019.9045383930206,2.3005482392414116,1,5.9707243126333704
1019.9806656837463,2.3030954816199802,1,5.969286892697215
1020.0584008693695,2.3005482392414116,1,5.9707243126333704
1020.1362614631653,2.2929065121056915,1,5.975036572441845
1020.2132587432861,2.305642723998556,1,5.967849472761055
1020.2920515537262,2.2852647849699785,1,5.979348832250316
1020.3708260059357,2.3081899663771246,1,5.9664120528249
1020.4474070072174,2.2929065121056915,1,5.975036572441845
1020.5255405902863,2.2929065121056915,1,5.975036572441845
1020.6206700801849,2.2954537544842673,1,5.9735991525056855
1020.696941614151,2.3081899663771246,1,5.9664120528249
1020.7741205692291,2.298000996862836,1,5.97216173256953
1020.8678781986237,2.290359269727123,1,5.976473992378001
1020.9608969688416,2.298000996862836,1,5.97216173256953
1021.0390768051147,2.287812027348547,1,5.97791141231416
1021.1169800758362,2.290359269727123,1,5.976473992378001
1021.195752620697,2.310737208755693,1,5.964974632888744
1021.2729549407959,2.3005482392414116,1,5.9707243126333704
1021.3514089584351,2.298000996862836,1,5.97216173256953
1021.4287085533142,2.290359269727123,1,5.976473992378001
1021.5076756477356,2.290359269727123,1,5.976473992378001
1021.5851333141327,2.298000996862836,1,5.97216173256953
1021.6639840602875,2.2929065121056915,1,5.975036572441845
1021.7432539463043,2.2954537544842673,1,5.9735991525056855
1021.8187758922577,2.298000996862836,1,5.97216173256953
1021.8976535797119,2.298000996862836,1,5.97216173256953
1021.9773976802826,2.2929065121056915,1,5.975036572441845
1022.0549626350403,2.2954537544842673,1,5.9735991525056855
1022.1336829662323,2.313284451134269,1,5.963537212952585
1022.2272891998291,2.305642723998556,1,5.967849472761055
1022.3051035404205,2.298000996862836,1,5.97216173256953
1022.3839764595032,2.310737208755693,1,5.964974632888744
1022.4620106220245,2.313284451134269,1,5.963537212952585
1022.5383455753326,2.3030954816199802,1,5.969286892697215
1022.6173932552338,2.305642723998556,1,5.967849472761055
1022.696204662323,2.3081899663771246,1,5.9664120528249
1022.7739477157593,2.2852647849699785,1,5.979348832250316
1022.8509790897369,2.3005482392414116,1,5.9707243126333704
1022.9291160106659,2.3183789358914133,1,5.96066237308027
1023.0050666332245,2.290359269727123,1,5.976473992378001
1023.0816793441772,2.3081899663771246,1,5.9664120528249
1023.157443523407,2.282717542591403,1,5.980786252186475
1023.2353866100311,2.2954537544842673,1,5.9735991525056855
1023.3139553070068,2.298000996862836,1,5.97216173256953
1023.3917520046234,2.298000996862836,1,5.97216173256953
1023.470085144043,2.2929065121056915,1,5.975036572441845
1023.5477392673492,2.298000996862836,1,5.97216173256953
1023.6248345375061,2.2929065121056915,1,5.975036572441845
1023.7017955780029,2.290359269727123,1,5.976473992378001
1023.7965469360352,2.310737208755693,1,5.964974632888744
1023.8746507167816,2.2954537544842673,1,5.9735991525056855
1023.9505898952484,2.298000996862836,1,5.97216173256953
1024.029616355896,2.3005482392414116,1,5.9707243126333704
1024.1083738803864,2.2954537544842673,1,5.9735991525056855
1024.1857285499573,2.2954537544842673,1,5.9735991525056855
1024.2650380134583,2.3158316935128376,1,5.96209979301643
1024.344393491745,2.2954537544842673,1,5.9735991525056855
1024.420621395111,2.2954537544842673,1,5.9735991525056855
1024.498413324356,2.3005482392414116,1,5.9707243126333704
1024.5773477554321,2.3005482392414116,1,5.9707243126333704
1024.6536164283752,2.290359269727123,1,5.976473992378001
1024.7315998077393,2.2954537544842673,1,5.9735991525056855
1024.8090465068817,2.298000996862836,1,5.97216173256953
1024.8869712352753,2.2954537544842673,1,5.9735991525056855
1024.9639508724213,2.298000996862836,1,5.97216173256953
1025.0419590473175,2.2929065121056915,1,5.975036572441845
1025.1186082363129,2.2954537544842673,1,5.9735991525056855
1025.196661233902,2.298000996862836,1,5.97216173256953
1025.2759578227997,2.3005482392414116,1,5.9707243126333704
1025.384815454483,2.2852647849699785,1,5.979348832250316
1025.463562488556,2.310737208755693,1,5.964974632888744
1025.5420153141022,2.3081899663771246,1,5.9664120528249
1025.6189126968384,2.2929065121056915,1,5.975036572441845
1025.6989583969116,2.3030954816199802,1,5.969286892697215
1025.777961730957,2.2954537544842673,1,5.9735991525056855
1025.8547849655151,2.2852647849699785,1,5.979348832250316
1025.9327886104584,2.3030954816199802,1,5.969286892697215
1026.0097873210907,2.298000996862836,1,5.97216173256953
1026.1023919582367,2.2929065121056915,1,5.975036572441845
1026.1961388587952,2.305642723998556,1,5.967849472761055
1026.2898869514465,2.305642723998556,1,5.967849472761055
1026.3843042850494,2.2954537544842673,1,5.9735991525056855
1026.4641408920288,2.310737208755693,1,5.964974632888744
1026.557886838913,2.305642723998556,1,5.967849472761055
1026.651636838913,2.3030954816199802,1,5.969286892697215
1026.7302474975586,2.305642723998556,1,5.967849472761055
1026.8229999542236,2.3005482392414116,1,5.9707243126333704
1026.9148614406586,2.3005482392414116,1,5.9707243126333704
1027.0070786476135,2.305642723998556,1,5.967849472761055
1027.1482472419739,2.3081899663771246,1,5.9664120528249
1027.2410044670105,2.3030954816199802,1,5.969286892697215
1027.3493287563324,2.3081899663771246,1,5.9664120528249
1027.4430775642395,2.3030954816199802,1,5.969286892697215
1027.5360126495361,2.2852647849699785,1,5.979348832250316
1027.6407322883606,2.2929065121056915,1,5.975036572441845
1027.7175278663635,2.290359269727123,1,5.976473992378001
1027.7953324317932,2.3081899663771246,1,5.9664120528249
1027.874000787735,2.305642723998556,1,5.967849472761055
1027.952151298523,2.2954537544842673,1,5.9735991525056855
1028.0311660766602,2.3030954816199802,1,5.969286892697215
1028.1105933189392,2.3081899663771246,1,5.9664120528249
1028.202406167984,2.290359269727123,1,5.976473992378001
1028.3111231327057,2.3005482392414116,1,5.9707243126333704
1028.3869316577911,2.298000996862836,1,5.97216173256953
1028.4647824764252,2.2929065121056915,1,5.975036572441845
1028.5445687770844,2.3081899663771246,1,5.9664120528249
1028.6223678588867,2.2929065121056915,1,5.975036572441845
1028.6991219520569,2.3081899663771246,1,5.9664120528249
1028.7789087295532,2.298000996862836,1,5.97216173256953
1028.9023656845093,2.2954537544842673,1,5.9735991525056855
1029.0140647888184,2.3081899663771246,1,5.9664120528249
1029.0918591022491,2.298000996862836,1,5.97216173256953
1029.1692960262299,2.298000996862836,1,5.97216173256953
1029.2466728687286,2.305642723998556,1,5.967849472761055
1029.3245677947998,2.313284451134269,1,5.963537212952585
1029.4023597240448,2.305642723998556,1,5.967849472761055
1029.480381011963,2.2954537544842673,1,5.9735991525056855
1029.5571756362915,2.305642723998556,1,5.967849472761055
1029.6349685192108,2.310737208755693,1,5.964974632888744
1029.72971701622,2.310737208755693,1,5.964974632888744
1029.8234646320343,2.3030954816199802,1,5.969286892697215
1029.9012560844421,2.2954537544842673,1,5.9735991525056855
1029.9950082302094,2.3005482392414116,1,5.9707243126333704
1030.0887560844421,2.305642723998556,1,5.967849472761055
1030.167227268219,2.305642723998556,1,5.967849472761055
1030.2450189590454,2.3183789358914133,1,5.96066237308027
1030.3248057365417,2.310737208755693,1,5.964974632888744
1030.4045968055725,2.3005482392414116,1,5.9707243126333704
1030.4806315898895,2.310737208755693,1,5.964974632888744
1030.588440656662,2.305642723998556,1,5.967849472761055
1030.6654193401337,2.3005482392414116,1,5.9707243126333704
1030.7422144412994,2.310737208755693,1,5.964974632888744
1030.8220007419586,2.305642723998556,1,5.967849472761055
1030.8998494148254,2.313284451134269,1,5.963537212952585
1030.9778671264648,2.3183789358914133,1,5.96066237308027
1031.05539894104,2.313284451134269,1,5.963537212952585
1031.1501455307007,2.305642723998556,1,5.967849472761055
1031.226981639862,2.320926178269982,1,5.959224953144114
1031.30446767807,2.3030954816199802,1,5.969286892697215
1031.3811464309692,2.310737208755693,1,5.964974632888744
1031.4591703414917,2.310737208755693,1,5.964974632888744
1031.537710905075,2.3030954816199802,1,5.969286892697215
1031.6149077415466,2.3081899663771246,1,5.9664120528249
1031.6908195018768,2.3081899663771246,1,5.9664120528249
1031.7659258842468,2.3030954816199802,1,5.969286892697215
1031.8448753356934,2.310737208755693,1,5.964974632888744
1031.9210002422333,2.305642723998556,1,5.967849472761055
1032.0001237392426,2.290359269727123,1,5.976473992378001
1032.0776672363281,2.3005482392414116,1,5.9707243126333704
1032.1860082149506,2.3030954816199802,1,5.969286892697215
1032.263821363449,2.305642723998556,1,5.967849472761055
1032.3431618213654,2.3183789358914133,1,5.96066237308027
1032.421162366867,2.320926178269982,1,5.959224953144114
1032.5000925064087,2.305642723998556,1,5.967849472761055
1032.5778868198395,2.3081899663771246,1,5.9664120528249
1032.656905412674,2.3030954816199802,1,5.969286892697215
1032.7349355220795,2.2929065121056915,1,5.975036572441845
1032.8126153945923,2.298000996862836,1,5.97216173256953
1032.891390323639,2.3030954816199802,1,5.969286892697215
1032.969246149063,2.287812027348547,1,5.97791141231416
1033.0463757514954,2.305642723998556,1,5.967849472761055
1033.1234066486359,2.3081899663771246,1,5.9664120528249
1033.2015454769135,2.2954537544842673,1,5.9735991525056855
1033.2799603939056,2.298000996862836,1,5.97216173256953
1033.3574471473694,2.320926178269982,1,5.959224953144114
1033.4372289180756,2.3081899663771246,1,5.9664120528249
1033.5141863822937,2.290359269727123,1,5.976473992378001
1033.5930407047272,2.3030954816199802,1,5.969286892697215
1033.6720955371857,2.320926178269982,1,5.959224953144114
1033.7798190116882,2.3081899663771246,1,5.9664120528249
1033.857694864273,2.3030954816199802,1,5.969286892697215
1033.9351754188538,2.3030954816199802,1,5.969286892697215
1034.011970281601,2.3158316935128376,1,5.96209979301643
1034.09032869339,2.305642723998556,1,5.967849472761055
1034.16912484169,2.3081899663771246,1,5.9664120528249
1034.2460136413574,2.2929065121056915,1,5.975036572441845
1034.3237822055817,2.3081899663771246,1,5.9664120528249
1034.4012036323547,2.2929065121056915,1,5.975036572441845
1034.4780282974243,2.298000996862836,1,5.97216173256953
1034.5558171272278,2.3005482392414116,1,5.9707243126333704
1034.6356101036072,2.310737208755693,1,5.964974632888744
1034.7133643627167,2.2954537544842673,1,5.9735991525056855
1034.7926394939423,2.3081899663771246,1,5.9664120528249
1034.8726272583008,2.3081899663771246,1,5.9664120528249
1034.9504897594452,2.3005482392414116,1,5.9707243126333704
1035.0286741256714,2.3030954816199802,1,5.969286892697215
1035.1084206104279,2.3081899663771246,1,5.9664120528249
1035.1841642856598,2.298000996862836,1,5.97216173256953
1035.2630496025085,2.2954537544842673,1,5.9735991525056855
1035.3870701789856,2.305642723998556,1,5.967849472761055
1035.4658598899841,2.3005482392414116,1,5.9707243126333704
1035.545646905899,2.313284451134269,1,5.963537212952585
1035.6224417686462,2.3005482392414116,1,5.9707243126333704
1035.699236869812,2.2954537544842673,1,5.9735991525056855
1035.7790596485138,2.3081899663771246,1,5.9664120528249
1035.8697798252106,2.305642723998556,1,5.967849472761055
1035.9625334739685,2.305642723998556,1,5.967849472761055
1036.0403242111206,2.2954537544842673,1,5.9735991525056855
1036.1460409164429,2.305642723998556,1,5.967849472761055
1036.220972776413,2.313284451134269,1,5.963537212952585
1036.3147213459015,2.3158316935128376,1,5.96209979301643
1036.3905699253082,2.3081899663771246,1,5.9664120528249
1036.4840335845947,2.3005482392414116,1,5.9707243126333704
1036.590922832489,2.313284451134269,1,5.963537212952585
1036.6830849647522,2.3005482392414116,1,5.9707243126333704
1036.7907927036285,2.298000996862836,1,5.97216173256953
1036.913151025772,2.2929065121056915,1,5.975036572441845
1037.006900548935,2.3030954816199802,1,5.969286892697215
1037.1155750751495,2.2929065121056915,1,5.975036572441845
1037.30406832695,2.305642723998556,1,5.967849472761055
1037.3806610107422,2.3030954816199802,1,5.969286892697215
1037.4574024677277,2.305642723998556,1,5.967849472761055
1037.5326340198517,2.3030954816199802,1,5.969286892697215
1037.611448764801,2.3081899663771246,1,5.9664120528249
1037.688982963562,2.3081899663771246,1,5.9664120528249
1037.7659492492676,2.3030954816199802,1,5.969286892697215
1037.8447823524475,2.3081899663771246,1,5.9664120528249
1037.922382593155,2.3158316935128376,1,5.96209979301643
1038.0010826587677,2.3030954816199802,1,5.969286892697215
1038.0780537128448,2.3030954816199802,1,5.969286892697215
1038.1561732292175,2.305642723998556,1,5.967849472761055
1038.2337918281555,2.3030954816199802,1,5.969286892697215
1038.3127055168152,2.298000996862836,1,5.97216173256953
1038.3913345336914,2.310737208755693,1,5.964974632888744
1038.4830858707428,2.305642723998556,1,5.967849472761055
1038.5768356323242,2.3030954816199802,1,5.969286892697215
1038.6705844402313,2.305642723998556,1,5.967849472761055
1038.7492887973785,2.3005482392414116,1,5.9707243126333704
1038.8291592597961,2.305642723998556,1,5.967849472761055
1038.9211373329163,2.313284451134269,1,5.963537212952585
1038.9976110458374,2.3030954816199802,1,5.969286892697215
1039.076598405838,2.298000996862836,1,5.97216173256953
1039.1543006896973,2.310737208755693,1,5.964974632888744
1039.2312517166138,2.287812027348547,1,5.97791141231416
1039.3097205162048,2.290359269727123,1,5.976473992378001
1039.3866109848022,2.310737208755693,1,5.964974632888744
1039.4809818267822,2.313284451134269,1,5.963537212952585
1039.5752863883972,2.3158316935128376,1,5.96209979301643
1039.6526882648468,2.305642723998556,1,5.967849472761055
1039.7310643196106,2.3030954816199802,1,5.969286892697215
1039.8093628883362,2.298000996862836,1,5.97216173256953
1039.8872644901276,2.3081899663771246,1,5.9664120528249
1039.965140581131,2.3081899663771246,1,5.9664120528249
1040.0435841083527,2.2954537544842673,1,5.9735991525056855
1040.1206393241882,2.3030954816199802,1,5.969286892697215
1040.1991605758667,2.2954537544842673,1,5.9735991525056855
1040.2771553993225,2.310737208755693,1,5.964974632888744
1040.3758873939514,2.313284451134269,1,5.963537212952585
1040.4482629299164,2.313284451134269,1,5.963537212952585
1040.555428981781,2.320926178269982,1,5.959224953144114
1040.6334807872772,2.3158316935128376,1,5.96209979301643
1040.7132694721222,2.3081899663771246,1,5.9664120528249
1040.7906467914581,2.320926178269982,1,5.959224953144114
1040.8694324493408,2.3183789358914133,1,5.96066237308027
1040.9482581615448,2.3005482392414116,1,5.9707243126333704
1041.0260922908783,2.313284451134269,1,5.963537212952585
1041.1038846969604,2.305642723998556,1,5.967849472761055
1041.1836941242218,2.313284451134269,1,5.963537212952585
1041.2615144252777,2.3030954816199802,1,5.969286892697215
1041.3403418064117,2.3158316935128376,1,5.96209979301643
1041.4181571006775,2.305642723998556,1,5.967849472761055
1041.5109190940857,2.3005482392414116,1,5.9707243126333704
1041.587703704834,2.313284451134269,1,5.963537212952585
1041.6649742126465,2.305642723998556,1,5.967849472761055
1041.7427923679352,2.3030954816199802,1,5.969286892697215
1041.8230197429657,2.310737208755693,1,5.964974632888744
1041.900720834732,2.3081899663771246,1,5.9664120528249
1041.9778690338135,2.3005482392414116,1,5.9707243126333704
1042.0576176643372,2.305642723998556,1,5.967849472761055
1042.1654043197632,2.313284451134269,1,5.963537212952585
1042.2433145046234,2.310737208755693,1,5.964974632888744
1042.3211109638214,2.313284451134269,1,5.963537212952585
1042.414865732193,2.3005482392414116,1,5.9707243126333704
1042.508632183075,2.320926178269982,1,5.959224953144114
1042.601060628891,2.3081899663771246,1,5.9664120528249
1042.6783742904663,2.3081899663771246,1,5.9664120528249
1042.7566530704498,2.3081899663771246,1,5.9664120528249
1042.8359050750732,2.320926178269982,1,5.959224953144114
1042.9126999378204,2.305642723998556,1,5.967849472761055
1042.9904916286469,2.298000996862836,1,5.97216173256953
1043.0653219223022,2.290359269727123,1,5.976473992378001
1043.1420867443085,2.320926178269982,1,5.959224953144114
1043.2338418960571,2.3005482392414116,1,5.9707243126333704
1043.3275926113129,2.3030954816199802,1,5.969286892697215
1043.4203436374664,2.3158316935128376,1,5.96209979301643
1043.5140933990479,2.3005482392414116,1,5.9707243126333704
1043.5918848514557,2.305642723998556,1,5.967849472761055
1043.6853580474854,2.305642723998556,1,5.967849472761055
1043.7626991271973,2.310737208755693,1,5.964974632888744
1043.8704116344452,2.305642723998556,1,5.967849472761055
1043.9482085704803,2.3005482392414116,1,5.9707243126333704
1044.0279939174652,2.2954537544842673,1,5.9735991525056855
1044.1058909893036,2.3234734206485577,1,5.957787533207955
1044.1837542057037,2.3183789358914133,1,5.96066237308027
1044.2635498046875,2.3158316935128376,1,5.96209979301643
1044.3403844833374,2.320926178269982,1,5.959224953144114
1044.4198083877563,2.3260206630271263,1,5.9563501132717995
1044.4981446266174,2.305642723998556,1,5.967849472761055
1044.5740134716034,2.3183789358914133,1,5.96066237308027
1044.6518859863281,2.3081899663771246,1,5.9664120528249
1044.7306599617004,2.310737208755693,1,5.964974632888744
1044.8090279102325,2.3005482392414116,1,5.9707243126333704
1044.8938035964966,2.3030954816199802,1,5.969286892697215
1044.9789190292358,2.3081899663771246,1,5.9664120528249
1045.056060552597,2.3234734206485577,1,5.957787533207955
1045.1359617710114,2.3183789358914133,1,5.96066237308027
1045.214792728424,2.3158316935128376,1,5.96209979301643
1045.2920544147491,2.310737208755693,1,5.964974632888744
1045.371539592743,2.328567905405702,1,5.95491269333564
1045.4802548885345,2.310737208755693,1,5.964974632888744
1045.5758423805237,2.298000996862836,1,5.97216173256953
1045.6556341648102,2.320926178269982,1,5.959224953144114
1045.7329955101013,2.313284451134269,1,5.963537212952585
1045.8127810955048,2.305642723998556,1,5.967849472761055
1045.891607284546,2.310737208755693,1,5.964974632888744
1045.9683992862701,2.305642723998556,1,5.967849472761055
1046.0472218990326,2.313284451134269,1,5.963537212952585
1046.126859664917,2.3081899663771246,1,5.9664120528249
1046.2036228179932,2.3234734206485577,1,5.957787533207955
1046.2816138267517,2.3158316935128376,1,5.96209979301643
1046.3594105243683,2.3030954816199802,1,5.969286892697215
1046.4371981620789,2.3081899663771246,1,5.9664120528249
1046.514990568161,2.310737208755693,1,5.964974632888744
1046.6087403297424,2.3234734206485577,1,5.957787533207955
1046.6865320205688,2.310737208755693,1,5.964974632888744
1046.7803974151611,2.310737208755693,1,5.964974632888744
1046.8578040599823,2.3234734206485577,1,5.957787533207955
1046.9360365867615,2.3260206630271263,1,5.9563501132717995
1047.0139348506927,2.3183789358914133,1,5.96066237308027
1047.1226444244385,2.3311151477842706,1,5.953475273399484
1047.2020151615143,2.320926178269982,1,5.959224953144114
1047.27907204628,2.3183789358914133,1,5.96066237308027
1047.355852842331,2.328567905405702,1,5.95491269333564
1047.43461561203,2.3158316935128376,1,5.96209979301643
1047.5116665363312,2.3234734206485577,1,5.957787533207955
1047.5880522727966,2.320926178269982,1,5.959224953144114
1047.6674506664276,2.3311151477842706,1,5.953475273399484
1047.7463505268097,2.3081899663771246,1,5.9664120528249
1047.837620973587,2.3183789358914133,1,5.96066237308027
1047.9174044132233,2.3158316935128376,1,5.96209979301643
1047.9965827465057,2.310737208755693,1,5.964974632888744
1048.0743811130524,2.328567905405702,1,5.95491269333564
1048.1541709899902,2.3260206630271263,1,5.9563501132717995
1048.2339932918549,2.320926178269982,1,5.959224953144114
1048.3119118213654,2.320926178269982,1,5.959224953144114
1048.3906950950623,2.3081899663771246,1,5.9664120528249
1048.4821934700012,2.3234734206485577,1,5.957787533207955
1048.5600459575653,2.313284451134269,1,5.963537212952585
1048.6380088329315,2.3158316935128376,1,5.96209979301643
1048.7457337379456,2.310737208755693,1,5.964974632888744
1048.821700334549,2.3183789358914133,1,5.96066237308027
1048.8986911773682,2.3030954816199802,1,5.969286892697215
1048.975879907608,2.310737208755693,1,5.964974632888744
1049.0530734062195,2.320926178269982,1,5.959224953144114
1049.131133556366,2.3081899663771246,1,5.9664120528249
1049.2098767757416,2.298000996862836,1,5.97216173256953
1049.2870049476624,2.320926178269982,1,5.959224953144114
1049.3653891086578,2.3336623901628464,1,5.952037853463325
1049.4401795864105,2.313284451134269,1,5.963537212952585
1049.5157508850098,2.320926178269982,1,5.959224953144114
1049.5945401191711,2.3005482392414116,1,5.9707243126333704
1049.6862988471985,2.3158316935128376,1,5.96209979301643
1049.7810428142548,2.305642723998556,1,5.967849472761055
1049.8734531402588,2.305642723998556,1,5.967849472761055
1049.9670720100403,2.320926178269982,1,5.959224953144114
1050.0609111785889,2.3158316935128376,1,5.96209979301643
1050.139705657959,2.3158316935128376,1,5.96209979301643
1050.215503692627,2.3183789358914133,1,5.96066237308027
1050.2952864170074,2.3030954816199802,1,5.969286892697215
1050.4213445186615,2.3260206630271263,1,5.9563501132717995
1050.4994122982025,2.3183789358914133,1,5.96066237308027
1050.5772333145142,2.298000996862836,1,5.97216173256953
1050.6550657749176,2.310737208755693,1,5.964974632888744
1050.7478213310242,2.310737208755693,1,5.964974632888744
1050.8258197307587,2.3030954816199802,1,5.969286892697215
1050.9025785923004,2.3081899663771246,1,5.9664120528249
1050.9823668003082,2.305642723998556,1,5.967849472761055
1051.0611565113068,2.310737208755693,1,5.964974632888744
1051.1549050807953,2.320926178269982,1,5.959224953144114
1051.2486596107483,2.3158316935128376,1,5.96209979301643
1051.3404092788696,2.320926178269982,1,5.959224953144114
1051.4341678619385,2.3158316935128376,1,5.96209979301643
1051.5139601230621,2.313284451134269,1,5.963537212952585
1051.591750383377,2.305642723998556,1,5.967849472761055
1051.669538974762,2.320926178269982,1,5.959224953144114
1051.7459552288055,2.3183789358914133,1,5.96066237308027
1051.8243849277496,2.3081899663771246,1,5.9664120528249
1051.9028325080872,2.3158316935128376,1,5.96209979301643
1051.9810011386871,2.3081899663771246,1,5.9664120528249
1052.0728116035461,2.3183789358914133,1,5.96066237308027
1052.1516182422638,2.313284451134269,1,5.963537212952585
1052.2294173240662,2.305642723998556,1,5.967849472761055
1052.3072710037231,2.310737208755693,1,5.964974632888744
1052.3840794563293,2.3234734206485577,1,5.957787533207955
1052.4627139568329,2.3081899663771246,1,5.9664120528249
1052.540991306305,2.3081899663771246,1,5.9664120528249
1052.6168010234833,2.320926178269982,1,5.959224953144114
1052.6949112415314,2.3005482392414116,1,5.9707243126333704
1052.7718749046326,2.310737208755693,1,5.964974632888744
1052.849624633789,2.320926178269982,1,5.959224953144114
1052.926871061325,2.310737208755693,1,5.964974632888744
1053.004810810089,2.3183789358914133,1,5.96066237308027
1053.0812163352966,2.313284451134269,1,5.963537212952585
1053.158143043518,2.313284451134269,1,5.963537212952585
1053.2352764606476,2.3234734206485577,1,5.957787533207955
1053.314046382904,2.3081899663771246,1,5.9664120528249
1053.391268491745,2.3234734206485577,1,5.957787533207955
1053.46710562706,2.3158316935128376,1,5.96209979301643
1053.5444655418396,2.3030954816199802,1,5.969286892697215
1053.6516826152802,2.3183789358914133,1,5.96066237308027
1053.728845357895,2.313284451134269,1,5.963537212952585
1053.8087651729584,2.3260206630271263,1,5.9563501132717995
1053.8862307071686,2.3311151477842706,1,5.953475273399484
1053.9652433395386,2.3183789358914133,1,5.96066237308027
1054.0450353622437,2.3005482392414116,1,5.9707243126333704
1054.1238207817078,2.3081899663771246,1,5.9664120528249
1054.2011790275574,2.3158316935128376,1,5.96209979301643
1054.2810368537903,2.3183789358914133,1,5.96066237308027
1054.360056400299,2.3158316935128376,1,5.96209979301643
1054.437509059906,2.320926178269982,1,5.959224953144114
1054.5148253440857,2.3158316935128376,1,5.96209979301643
1054.5917532444,2.3183789358914133,1,5.96066237308027
1054.670089483261,2.320926178269982,1,5.959224953144114
1054.748752117157,2.3311151477842706,1,5.953475273399484
1054.8276386260986,2.310737208755693,1,5.964974632888744
1054.9068567752838,2.313284451134269,1,5.963537212952585
1054.9842898845673,2.3311151477842706,1,5.953475273399484
1055.061363697052,2.3183789358914133,1,5.96066237308027
1055.1394591331482,2.3183789358914133,1,5.96066237308027
1055.2500002384186,2.3260206630271263,1,5.9563501132717995
1055.3258302211761,2.3234734206485577,1,5.957787533207955
1055.4018774032593,2.3183789358914133,1,5.96066237308027
1055.4810264110565,2.310737208755693,1,5.964974632888744
1055.557774066925,2.305642723998556,1,5.967849472761055
1055.635695695877,2.3183789358914133,1,5.96066237308027
1055.7155137062073,2.320926178269982,1,5.959224953144114
1055.793274641037,2.305642723998556,1,5.967849472761055
1055.8730611801147,2.313284451134269,1,5.963537212952585
1055.9520289897919,2.3183789358914133,1,5.96066237308027
1056.0281736850739,2.313284451134269,1,5.963537212952585
1056.1051824092865,2.328567905405702,1,5.95491269333564
1056.1822791099548,2.3260206630271263,1,5.9563501132717995
1056.2593290805817,2.3081899663771246,1,5.9664120528249
1056.3387444019318,2.310737208755693,1,5.964974632888744
1056.417979478836,2.328567905405702,1,5.95491269333564
1056.494807958603,2.310737208755693,1,5.964974632888744
1056.5744149684906,2.3081899663771246,1,5.9664120528249
1056.6518249511719,2.320926178269982,1,5.959224953144114
1056.7280309200287,2.3183789358914133,1,5.96066237308027
1056.8207144737244,2.310737208755693,1,5.964974632888744
1056.898169517517,2.320926178269982,1,5.959224953144114
1056.9750859737396,2.3260206630271263,1,5.9563501132717995
1057.0533592700958,2.3183789358914133,1,5.96066237308027
1057.131907939911,2.320926178269982,1,5.959224953144114
1057.2086672782898,2.310737208755693,1,5.964974632888744
1057.2866942882538,2.3234734206485577,1,5.957787533207955
1057.3660933971405,2.3311151477842706,1,5.953475273399484
1057.4436264038086,2.310737208755693,1,5.964974632888744
1057.5249774456024,2.305642723998556,1,5.967849472761055
1057.6006829738617,2.336209632541415,1,5.950600433527169
1057.6776280403137,2.3158316935128376,1,5.96209979301643
1057.7547268867493,2.3311151477842706,1,5.953475273399484
1057.8318254947662,2.328567905405702,1,5.95491269333564
1057.9077084064484,2.3158316935128376,1,5.96209979301643
1057.984564781189,2.3336623901628464,1,5.952037853463325
1058.0618360042572,2.320926178269982,1,5.959224953144114
1058.1388862133026,2.3183789358914133,1,5.96066237308027
1058.2187418937683,2.328567905405702,1,5.95491269333564
1058.297533750534,2.3183789358914133,1,5.96066237308027
1058.4062433242798,2.328567905405702,1,5.95491269333564
1058.4830403327942,2.3311151477842706,1,5.953475273399484
1058.5603981018066,2.328567905405702,1,5.95491269333564
1058.6516325473785,2.3260206630271263,1,5.9563501132717995
1058.7294335365295,2.3260206630271263,1,5.9563501132717995
1058.8074872493744,2.3311151477842706,1,5.953475273399484
1058.8850338459015,2.3311151477842706,1,5.953475273399484
1058.9629337787628,2.320926178269982,1,5.959224953144114
1059.0400550365448,2.320926178269982,1,5.959224953144114
1059.117028951645,2.3234734206485577,1,5.957787533207955
1059.1954004764557,2.3234734206485577,1,5.957787533207955
1059.27388048172,2.3183789358914133,1,5.96066237308027
1059.351744890213,2.3183789358914133,1,5.96066237308027
1059.4311780929565,2.3183789358914133,1,5.96066237308027
1059.5078718662262,2.3234734206485577,1,5.957787533207955
1059.5867052078247,2.3260206630271263,1,5.9563501132717995
1059.6641447544098,2.3158316935128376,1,5.96209979301643
1059.742828130722,2.3183789358914133,1,5.96066237308027
1059.8196852207184,2.3158316935128376,1,5.96209979301643
1059.912547826767,2.320926178269982,1,5.959224953144114
1060.0040242671967,2.3234734206485577,1,5.957787533207955
1060.0800125598907,2.3183789358914133,1,5.96066237308027
1060.1587874889374,2.3158316935128376,1,5.96209979301643
1060.2344315052032,2.3311151477842706,1,5.953475273399484
1060.31396317482,2.3387568749199836,1,5.949163013591013
1060.3918223381042,2.320926178269982,1,5.959224953144114
1060.467598438263,2.328567905405702,1,5.95491269333564
1060.5471596717834,2.336209632541415,1,5.950600433527169
1060.6269245147705,2.3081899663771246,1,5.9664120528249
1060.7041823863983,2.328567905405702,1,5.95491269333564
1060.7801752090454,2.3260206630271263,1,5.9563501132717995
1060.8582651615143,2.3311151477842706,1,5.953475273399484
1060.937228679657,2.3234734206485577,1,5.957787533207955
1061.03098487854,2.3234734206485577,1,5.957787533207955
1061.107964515686,2.3158316935128376,1,5.96209979301643
1061.1857373714447,2.3311151477842706,1,5.953475273399484
1061.2655243873596,2.313284451134269,1,5.963537212952585
1061.3433175086975,2.3081899663771246,1,5.9664120528249
1061.4191143512726,2.328567905405702,1,5.95491269333564
1061.5138614177704,2.328567905405702,1,5.95491269333564
1061.623731136322,2.3234734206485577,1,5.957787533207955
1061.703518152237,2.328567905405702,1,5.95491269333564
1061.782306432724,2.336209632541415,1,5.950600433527169
1061.859107017517,2.3081899663771246,1,5.9664120528249
1061.9530651569366,2.3311151477842706,1,5.953475273399484
1062.061032295227,2.313284451134269,1,5.963537212952585
1062.154135942459,2.3336623901628464,1,5.952037853463325
1062.2323398590088,2.320926178269982,1,5.959224953144114
1062.3100390434265,2.328567905405702,1,5.95491269333564
1062.4027636051178,2.3336623901628464,1,5.952037853463325
1062.4965131282806,2.3183789358914133,1,5.96066237308027
1062.5882682800293,2.3260206630271263,1,5.9563501132717995
1062.6840450763702,2.3311151477842706,1,5.953475273399484
1062.778315782547,2.3311151477842706,1,5.953475273399484
1062.8720409870148,2.3158316935128376,1,5.96209979301643
1062.9668145179749,2.3387568749199836,1,5.949163013591013
1063.0605623722076,2.320926178269982,1,5.959224953144114
1063.1563313007355,2.320926178269982,1,5.959224953144114
1063.2505898475647,2.3311151477842706,1,5.953475273399484
1063.342851638794,2.3311151477842706,1,5.953475273399484
1063.4540665149689,2.3260206630271263,1,5.9563501132717995
1063.5308599472046,2.336209632541415,1,5.950600433527169
1063.608832359314,2.3260206630271263,1,5.9563501132717995
1063.7040905952454,2.3234734206485577,1,5.957787533207955
1063.7958447933197,2.3234734206485577,1,5.957787533207955
1063.8915917873383,2.320926178269982,1,5.959224953144114
1063.9833443164825,2.3311151477842706,1,5.953475273399484
1064.0930502414703,2.320926178269982,1,5.959224953144114
1064.1706266403198,2.320926178269982,1,5.959224953144114
1064.2484948635101,2.336209632541415,1,5.950600433527169
1064.3266460895538,2.3387568749199836,1,5.949163013591013
1064.4185032844543,2.3311151477842706,1,5.953475273399484
1064.4968602657318,2.3311151477842706,1,5.953475273399484
1064.5741941928864,2.310737208755693,1,5.964974632888744
1064.6531839370728,2.320926178269982,1,5.959224953144114
1064.7317099571228,2.328567905405702,1,5.95491269333564
1064.808954000473,2.3311151477842706,1,5.953475273399484
1064.885639667511,2.320926178269982,1,5.959224953144114
1064.9646167755127,2.320926178269982,1,5.959224953144114
1065.0425260066986,2.3260206630271263,1,5.9563501132717995
1065.1336522102356,2.328567905405702,1,5.95491269333564
1065.2130444049835,2.3260206630271263,1,5.9563501132717995
1065.2909109592438,2.3311151477842706,1,5.953475273399484
1065.366478919983,2.3463986020557037,1,5.944850753782539
1065.4453008174896,2.3311151477842706,1,5.953475273399484
1065.52396774292,2.3260206630271263,1,5.9563501132717995
1065.6005764007568,2.3311151477842706,1,5.953475273399484
1065.6784074306488,2.336209632541415,1,5.950600433527169
1065.756672859192,2.310737208755693,1,5.964974632888744
1065.834799528122,2.3234734206485577,1,5.957787533207955
1065.9120445251465,2.336209632541415,1,5.950600433527169
1065.9889488220215,2.320926178269982,1,5.959224953144114
1066.0661804676056,2.3413041172985594,1,5.947725593654853
1066.143812417984,2.3336623901628464,1,5.952037853463325
1066.221646785736,2.3260206630271263,1,5.9563501132717995
1066.2979156970978,2.336209632541415,1,5.950600433527169
1066.374886751175,2.320926178269982,1,5.959224953144114
1066.4531877040863,2.3260206630271263,1,5.9563501132717995
1066.5299108028412,2.3260206630271263,1,5.9563501132717995
1066.609591960907,2.3311151477842706,1,5.953475273399484
1066.706306695938,2.310737208755693,1,5.964974632888744
1066.7820689678192,2.328567905405702,1,5.95491269333564
1066.858806848526,2.3260206630271263,1,5.9563501132717995
1066.9376211166382,2.3311151477842706,1,5.953475273399484
1067.0145025253296,2.328567905405702,1,5.95491269333564
1067.0909900665283,2.3183789358914133,1,5.96066237308027
1067.1680779457092,2.3311151477842706,1,5.953475273399484
1067.2440276145935,2.336209632541415,1,5.950600433527169
1067.3216564655304,2.3336623901628464,1,5.952037853463325
1067.4007411003113,2.3311151477842706,1,5.953475273399484
1067.477133989334,2.3260206630271263,1,5.9563501132717995
1067.5563547611237,2.3234734206485577,1,5.957787533207955
1067.6341743469238,2.3336623901628464,1,5.952037853463325
1067.7113783359528,2.3234734206485577,1,5.957787533207955
1067.7898173332214,2.3260206630271263,1,5.9563501132717995
1067.900391817093,2.3413041172985594,1,5.947725593654853
1067.9775087833405,2.3260206630271263,1,5.9563501132717995
1068.0549681186676,2.3260206630271263,1,5.9563501132717995
1068.133148431778,2.3387568749199836,1,5.949163013591013
1068.2096004486084,2.320926178269982,1,5.959224953144114
1068.3203437328339,2.3158316935128376,1,5.96209979301643
1068.3969066143036,2.320926178269982,1,5.959224953144114
1068.4730644226074,2.320926178269982,1,5.959224953144114
1068.5509858131409,2.3311151477842706,1,5.953475273399484
1068.6268632411957,2.328567905405702,1,5.95491269333564
1068.7029128074646,2.328567905405702,1,5.95491269333564
1068.7804598808289,2.3234734206485577,1,5.957787533207955
1068.8585588932037,2.3260206630271263,1,5.9563501132717995
1068.9382946491241,2.3234734206485577,1,5.957787533207955
1069.0340385437012,2.3311151477842706,1,5.953475273399484
1069.1094031333923,2.3311151477842706,1,5.953475273399484
1069.1882181167603,2.320926178269982,1,5.959224953144114
1069.265438079834,2.3336623901628464,1,5.952037853463325
1069.3425061702728,2.3234734206485577,1,5.957787533207955
1069.4192371368408,2.320926178269982,1,5.959224953144114
1069.4966492652893,2.3311151477842706,1,5.953475273399484
1069.5729007720947,2.3311151477842706,1,5.953475273399484
1069.6507232189178,2.336209632541415,1,5.950600433527169
1069.7288691997528,2.3311151477842706,1,5.953475273399484
1069.8059446811676,2.3183789358914133,1,5.96066237308027
1069.9007382392883,2.3260206630271263,1,5.9563501132717995
1069.9793746471405,2.3311151477842706,1,5.953475273399484
1070.0556411743164,2.3234734206485577,1,5.957787533207955
1070.134357213974,2.3336623901628464,1,5.952037853463325
1070.214325428009,2.3463986020557037,1,5.944850753782539
1070.2896795272827,2.320926178269982,1,5.959224953144114
1070.3679294586182,2.3183789358914133,1,5.96066237308027
1070.4459993839264,2.3413041172985594,1,5.947725593654853
1070.523342847824,2.3260206630271263,1,5.9563501132717995
1070.6008987426758,2.320926178269982,1,5.959224953144114
1070.6798911094666,2.3311151477842706,1,5.953475273399484
1070.7579040527344,2.3260206630271263,1,5.9563501132717995
1070.8371686935425,2.3413041172985594,1,5.947725593654853
1070.9149997234344,2.3260206630271263,1,5.9563501132717995
1070.9929790496826,2.3260206630271263,1,5.9563501132717995
1071.071569442749,2.3413041172985594,1,5.947725593654853
1071.1498878002167,2.328567905405702,1,5.95491269333564
1071.227749824524,2.3311151477842706,1,5.953475273399484
1071.3052759170532,2.3311151477842706,1,5.953475273399484
1071.382154226303,2.3489458444342723,1,5.943413333846383
1071.4905941486359,2.3311151477842706,1,5.953475273399484
1071.567608833313,2.328567905405702,1,5.95491269333564
1071.6445586681366,2.3311151477842706,1,5.953475273399484
1071.7209854125977,2.3158316935128376,1,5.96209979301643
1071.7973601818085,2.3336623901628464,1,5.952037853463325
1071.8744947910309,2.336209632541415,1,5.950600433527169
1071.9506783485413,2.3234734206485577,1,5.957787533207955
1072.0287415981293,2.328567905405702,1,5.95491269333564
1072.10737490654,2.3387568749199836,1,5.949163013591013
1072.1843395233154,2.3387568749199836,1,5.949163013591013
1072.2627348899841,2.336209632541415,1,5.950600433527169
1072.3428292274475,2.3463986020557037,1,5.944850753782539
1072.4203398227692,2.3158316935128376,1,5.96209979301643
1072.5150032043457,2.3311151477842706,1,5.953475273399484
1072.591980934143,2.343851359677128,1,5.946288173718698
1072.669823884964,2.3311151477842706,1,5.953475273399484
1072.747200012207,2.3234734206485577,1,5.957787533207955
1072.8240702152252,2.3387568749199836,1,5.949163013591013
1072.9019804000854,2.3336623901628464,1,5.952037853463325
1072.980208158493,2.3336623901628464,1,5.952037853463325
1073.0739822387695,2.320926178269982,1,5.959224953144114
1073.152212381363,2.328567905405702,1,5.95491269333564
1073.2291328907013,2.3413041172985594,1,5.947725593654853
1073.3070261478424,2.3260206630271263,1,5.9563501132717995
1073.3863666057587,2.3260206630271263,1,5.9563501132717995
1073.4639329910278,2.3387568749199836,1,5.949163013591013
1073.5408041477203,2.3413041172985594,1,5.947725593654853
1073.6191580295563,2.336209632541415,1,5.950600433527169
1073.697761297226,2.3565875715699924,1,5.939101074037909
1073.775556087494,2.343851359677128,1,5.946288173718698
1073.8512046337128,2.3387568749199836,1,5.949163013591013
1073.9293248653412,2.3489458444342723,1,5.943413333846383
1074.0068418979645,2.3336623901628464,1,5.952037853463325
1074.0867495536804,2.3183789358914133,1,5.96066237308027
1074.1656455993652,2.3336623901628464,1,5.952037853463325
1074.2424750328064,2.3413041172985594,1,5.947725593654853
1074.321225643158,2.320926178269982,1,5.959224953144114
1074.400015115738,2.3311151477842706,1,5.953475273399484
1074.4769225120544,2.328567905405702,1,5.95491269333564
1074.5541641712189,2.320926178269982,1,5.959224953144114
1074.6613438129425,2.336209632541415,1,5.950600433527169
1074.7561304569244,2.3413041172985594,1,5.947725593654853
1074.8334617614746,2.3234734206485577,1,5.957787533207955
1074.9093539714813,2.3387568749199836,1,5.949163013591013
1074.9859430789948,2.3260206630271263,1,5.9563501132717995
1075.0645515918732,2.3387568749199836,1,5.949163013591013
1075.1422815322876,2.3260206630271263,1,5.9563501132717995
1075.2183933258057,2.328567905405702,1,5.95491269333564
1075.2957751750946,2.343851359677128,1,5.946288173718698
1075.3744642734528,2.3311151477842706,1,5.953475273399484
1075.450646162033,2.3234734206485577,1,5.957787533207955
1075.5281536579132,2.3311151477842706,1,5.953475273399484
1075.608157634735,2.3489458444342723,1,5.943413333846383
1075.684360742569,2.336209632541415,1,5.950600433527169
1075.7635107040405,2.3311151477842706,1,5.953475273399484
1075.8423268795013,2.3387568749199836,1,5.949163013591013
1075.9193930625916,2.328567905405702,1,5.95491269333564
1075.9982330799103,2.3387568749199836,1,5.949163013591013
1076.0761625766754,2.336209632541415,1,5.950600433527169
1076.1540977954865,2.336209632541415,1,5.950600433527169
1076.2485828399658,2.328567905405702,1,5.95491269333564
1076.3257327079773,2.3565875715699924,1,5.939101074037909
1076.4046812057495,2.3260206630271263,1,5.9563501132717995
1076.4818539619446,2.3311151477842706,1,5.953475273399484
1076.5599393844604,2.351493086812848,1,5.941975913910223
1076.6375732421875,2.3260206630271263,1,5.9563501132717995
1076.7172582149506,2.328567905405702,1,5.95491269333564
1076.7932827472687,2.3463986020557037,1,5.944850753782539
1076.8721508979797,2.328567905405702,1,5.95491269333564
1076.9510021209717,2.320926178269982,1,5.959224953144114
1077.0437574386597,2.351493086812848,1,5.941975913910223
1077.1223576068878,2.343851359677128,1,5.946288173718698
1077.198874950409,2.3311151477842706,1,5.953475273399484
1077.2765712738037,2.3311151477842706,1,5.953475273399484
1077.354573249817,2.343851359677128,1,5.946288173718698
1077.4317762851715,2.3311151477842706,1,5.953475273399484
1077.5089812278748,2.351493086812848,1,5.941975913910223
1077.5870802402496,2.3387568749199836,1,5.949163013591013
1077.6669681072235,2.3311151477842706,1,5.953475273399484
1077.744392633438,2.328567905405702,1,5.95491269333564
1077.8375315666199,2.3311151477842706,1,5.953475273399484
1077.9148173332214,2.3413041172985594,1,5.947725593654853
1077.9917385578156,2.3311151477842706,1,5.953475273399484
1078.0683069229126,2.3260206630271263,1,5.9563501132717995
1078.1472985744476,2.3260206630271263,1,5.9563501132717995
1078.2402212619781,2.343851359677128,1,5.946288173718698
1078.3193345069885,2.320926178269982,1,5.959224953144114
1078.3972084522247,2.336209632541415,1,5.950600433527169
1078.473000049591,2.3413041172985594,1,5.947725593654853
1078.5505414009094,2.328567905405702,1,5.95491269333564
1078.6278364658356,2.343851359677128,1,5.946288173718698
1078.7053701877594,2.343851359677128,1,5.946288173718698
1078.7841353416443,2.3311151477842706,1,5.953475273399484
1078.8634991645813,2.3463986020557037,1,5.944850753782539
1078.9398291110992,2.351493086812848,1,5.941975913910223
1079.019155740738,2.3387568749199836,1,5.949163013591013
1079.095201253891,2.3387568749199836,1,5.949163013591013
1079.1721963882446,2.3463986020557037,1,5.944850753782539
1079.2491474151611,2.343851359677128,1,5.946288173718698
1079.3277235031128,2.336209632541415,1,5.950600433527169
1079.436476945877,2.3260206630271263,1,5.9563501132717995
1079.5142509937286,2.3489458444342723,1,5.943413333846383
1079.5907475948334,2.3413041172985594,1,5.947725593654853
1079.669542312622,2.3336623901628464,1,5.952037853463325
1079.7483806610107,2.3311151477842706,1,5.953475273399484
1079.8274059295654,2.3336623901628464,1,5.952037853463325
1079.9062991142273,2.3336623901628464,1,5.952037853463325
1079.9858627319336,2.320926178269982,1,5.959224953144114
1080.063428401947,2.3336623901628464,1,5.952037853463325
1080.141895532608,2.328567905405702,1,5.95491269333564
1080.2207498550415,2.3336623901628464,1,5.952037853463325
1080.2972254753113,2.336209632541415,1,5.950600433527169
1080.3738768100739,2.3387568749199836,1,5.949163013591013
1080.4529089927673,2.3413041172985594,1,5.947725593654853
1080.5308599472046,2.336209632541415,1,5.950600433527169
1080.6085975170135,2.3387568749199836,1,5.949163013591013
1080.6872017383575,2.3413041172985594,1,5.947725593654853
1080.7651410102844,2.3260206630271263,1,5.9563501132717995
1080.8421292304993,2.336209632541415,1,5.950600433527169
1080.9176528453827,2.3183789358914133,1,5.96066237308027
1081.0257408618927,2.336209632541415,1,5.950600433527169
1081.1028974056244,2.336209632541415,1,5.950600433527169
1081.181755065918,2.3311151477842706,1,5.953475273399484
1081.2595462799072,2.3387568749199836,1,5.949163013591013
1081.3365836143494,2.3336623901628464,1,5.952037853463325
1081.4134802818298,2.3311151477842706,1,5.953475273399484
1081.4896430969238,2.3489458444342723,1,5.943413333846383
1081.5654211044312,2.3311151477842706,1,5.953475273399484
1081.6573474407196,2.3413041172985594,1,5.947725593654853
1081.735008239746,2.336209632541415,1,5.950600433527169
1081.8140017986298,2.3387568749199836,1,5.949163013591013
1081.8921501636505,2.351493086812848,1,5.941975913910223
1081.9691500663757,2.3463986020557037,1,5.944850753782539
1082.0473577976227,2.3489458444342723,1,5.943413333846383
1082.1243014335632,2.3565875715699924,1,5.939101074037909
1082.2017924785614,2.3387568749199836,1,5.949163013591013
1082.2818639278412,2.359134813948561,1,5.937663654101753
1082.3611466884613,2.361682056327137,1,5.936226234165593
1082.4383885860443,2.3489458444342723,1,5.943413333846383
1082.5171070098877,2.336209632541415,1,5.950600433527169
1082.6274530887604,2.3463986020557037,1,5.944850753782539
1082.7051956653595,2.3489458444342723,1,5.943413333846383
1082.7810926437378,2.3336623901628464,1,5.952037853463325
1082.8581149578094,2.3463986020557037,1,5.944850753782539
1082.935337305069,2.3311151477842706,1,5.953475273399484
1083.0133545398712,2.3387568749199836,1,5.949163013591013
1083.092113494873,2.3387568749199836,1,5.949163013591013
1083.1687905788422,2.3336623901628464,1,5.952037853463325
1083.2453508377075,2.3311151477842706,1,5.953475273399484
1083.3242123126984,2.336209632541415,1,5.950600433527169
1083.3993787765503,2.3311151477842706,1,5.953475273399484
1083.4766554832458,2.3463986020557037,1,5.944850753782539
1083.5546388626099,2.343851359677128,1,5.946288173718698
1083.6307301521301,2.3260206630271263,1,5.9563501132717995
1083.7101151943207,2.336209632541415,1,5.950600433527169
1083.7881956100464,2.336209632541415,1,5.950600433527169
1083.8669412136078,2.3463986020557037,1,5.944850753782539
1083.9610934257507,2.343851359677128,1,5.946288173718698
1084.03937292099,2.3463986020557037,1,5.944850753782539
1084.115778207779,2.336209632541415,1,5.950600433527169
1084.2091782093048,2.3463986020557037,1,5.944850753782539
1084.2867860794067,2.3336623901628464,1,5.952037853463325
1084.3633732795715,2.3463986020557037,1,5.944850753782539
1084.440973997116,2.343851359677128,1,5.946288173718698
1084.51952958107,2.3463986020557037,1,5.944850753782539
1084.596779346466,2.3387568749199836,1,5.949163013591013
1084.6734614372253,2.3463986020557037,1,5.944850753782539
1084.7526278495789,2.3463986020557037,1,5.944850753782539
1084.830887079239,2.3336623901628464,1,5.952037853463325
1084.909398317337,2.343851359677128,1,5.946288173718698
1084.9861724376678,2.343851359677128,1,5.946288173718698
1085.0621755123138,2.3387568749199836,1,5.949163013591013
1085.1409912109375,2.3413041172985594,1,5.947725593654853
1085.218544960022,2.351493086812848,1,5.941975913910223
1085.2966439723969,2.343851359677128,1,5.946288173718698
1085.3743832111359,2.361682056327137,1,5.936226234165593
1085.4536046981812,2.351493086812848,1,5.941975913910223
1085.5297513008118,2.3387568749199836,1,5.949163013591013
1085.6086149215698,2.3540403291914167,1,5.940538493974068
1085.6875493526459,2.3387568749199836,1,5.949163013591013
1085.7960376739502,2.336209632541415,1,5.950600433527169
1085.8753411769867,2.3489458444342723,1,5.943413333846383
1085.9516479969025,2.3387568749199836,1,5.949163013591013
1086.0300512313843,2.351493086812848,1,5.941975913910223
1086.1078426837921,2.3387568749199836,1,5.949163013591013
1086.185613155365,2.351493086812848,1,5.941975913910223
1086.2647857666016,2.3336623901628464,1,5.952037853463325
1086.34099984169,2.3463986020557037,1,5.944850753782539
1086.418527841568,2.3565875715699924,1,5.939101074037909
1086.4973039627075,2.3489458444342723,1,5.943413333846383
1086.5733699798584,2.359134813948561,1,5.937663654101753
1086.6509065628052,2.336209632541415,1,5.950600433527169
1086.729938030243,2.3413041172985594,1,5.947725593654853
1086.807986497879,2.3540403291914167,1,5.940538493974068
1086.883330821991,2.336209632541415,1,5.950600433527169
1086.9613468647003,2.3387568749199836,1,5.949163013591013
1087.0396330356598,2.3565875715699924,1,5.939101074037909
1087.1156687736511,2.3311151477842706,1,5.953475273399484
1087.194720029831,2.3387568749199836,1,5.949163013591013
1087.273898601532,2.3489458444342723,1,5.943413333846383
1087.3826053142548,2.3540403291914167,1,5.940538493974068
1087.4598956108093,2.3336623901628464,1,5.952037853463325
1087.5375015735626,2.3463986020557037,1,5.944850753782539
1087.6145422458649,2.3311151477842706,1,5.953475273399484
1087.6932413578033,2.3311151477842706,1,5.953475273399484
1087.7712440490723,2.3565875715699924,1,5.939101074037909
1087.8462722301483,2.3311151477842706,1,5.953475273399484
1087.9244213104248,2.351493086812848,1,5.941975913910223
1088.0014281272888,2.3565875715699924,1,5.939101074037909
1088.0785055160522,2.3463986020557037,1,5.944850753782539
1088.155647277832,2.3387568749199836,1,5.949163013591013
1088.233849287033,2.351493086812848,1,5.941975913910223
1088.309745311737,2.336209632541415,1,5.950600433527169
1088.3877937793732,2.3489458444342723,1,5.943413333846383
1088.4674191474915,2.343851359677128,1,5.946288173718698
1088.5445036888123,2.3387568749199836,1,5.949163013591013
1088.6225907802582,2.343851359677128,1,5.946288173718698
1088.6998136043549,2.3336623901628464,1,5.952037853463325
1088.7770557403564,2.351493086812848,1,5.941975913910223
1088.855724811554,2.3489458444342723,1,5.943413333846383
1088.949598789215,2.3463986020557037,1,5.944850753782539
1089.0279169082642,2.328567905405702,1,5.95491269333564
1089.1052820682526,2.351493086812848,1,5.941975913910223
1089.1833429336548,2.3413041172985594,1,5.947725593654853
1089.2597839832306,2.3336623901628464,1,5.952037853463325
1089.3377330303192,2.343851359677128,1,5.946288173718698
1089.4155766963959,2.3311151477842706,1,5.953475273399484
1089.494133234024,2.343851359677128,1,5.946288173718698
1089.5719532966614,2.361682056327137,1,5.936226234165593
1089.665955066681,2.3540403291914167,1,5.940538493974068
1089.7442877292633,2.343851359677128,1,5.946288173718698
1089.8233196735382,2.351493086812848,1,5.941975913910223
1089.8995146751404,2.3463986020557037,1,5.944850753782539
1089.9768006801605,2.3413041172985594,1,5.947725593654853
1090.055287361145,2.3489458444342723,1,5.943413333846383
1090.1330473423004,2.351493086812848,1,5.941975913910223
1090.210967540741,2.343851359677128,1,5.946288173718698
1090.2876842021942,2.3540403291914167,1,5.940538493974068
1090.3643887043,2.3387568749199836,1,5.949163013591013
1090.440983057022,2.3387568749199836,1,5.949163013591013
1090.5324382781982,2.3540403291914167,1,5.940538493974068
1090.6096668243408,2.343851359677128,1,5.946288173718698
1090.6882598400116,2.343851359677128,1,5.946288173718698
1090.7660520076752,2.3463986020557037,1,5.944850753782539
1090.8426477909088,2.336209632541415,1,5.950600433527169
1090.9222540855408,2.3463986020557037,1,5.944850753782539
1090.9992084503174,2.3540403291914167,1,5.940538493974068
1091.0771977901459,2.3336623901628464,1,5.952037853463325
1091.153073310852,2.3413041172985594,1,5.947725593654853
1091.23086643219,2.351493086812848,1,5.941975913910223
1091.3072457313538,2.351493086812848,1,5.941975913910223
1091.3843359947205,2.3489458444342723,1,5.943413333846383
1091.4626903533936,2.343851359677128,1,5.946288173718698
1091.5395147800446,2.3463986020557037,1,5.944850753782539
1091.6151504516602,2.351493086812848,1,5.941975913910223
1091.6939334869385,2.343851359677128,1,5.946288173718698
1091.7727224826813,2.3413041172985594,1,5.947725593654853
1091.849517583847,2.351493086812848,1,5.941975913910223
1091.9422690868378,2.3463986020557037,1,5.944850753782539
1092.018193244934,2.343851359677128,1,5.946288173718698
1092.127221107483,2.351493086812848,1,5.941975913910223
1092.2194356918335,2.351493086812848,1,5.941975913910223
1092.2964408397675,2.3311151477842706,1,5.953475273399484
1092.375510931015,2.3463986020557037,1,5.944850753782539
1092.452995300293,2.3463986020557037,1,5.944850753782539
1092.5290563106537,2.351493086812848,1,5.941975913910223
1092.6089510917664,2.3489458444342723,1,5.943413333846383
1092.6869752407074,2.3565875715699924,1,5.939101074037909
1092.7631940841675,2.3489458444342723,1,5.943413333846383
1092.8414106369019,2.3463986020557037,1,5.944850753782539
1092.9202070236206,2.361682056327137,1,5.936226234165593
1092.9967975616455,2.3413041172985594,1,5.947725593654853
1093.075501203537,2.3336623901628464,1,5.952037853463325
1093.151908159256,2.3565875715699924,1,5.939101074037909
1093.2301528453827,2.3565875715699924,1,5.939101074037909
1093.3064303398132,2.3387568749199836,1,5.949163013591013
1093.3843383789062,2.3489458444342723,1,5.943413333846383
1093.4623820781708,2.343851359677128,1,5.946288173718698
1093.5407617092133,2.343851359677128,1,5.946288173718698
1093.6170210838318,2.343851359677128,1,5.946288173718698
1093.7108647823334,2.351493086812848,1,5.941975913910223
1093.7881186008453,2.3489458444342723,1,5.943413333846383
1093.865956544876,2.3565875715699924,1,5.939101074037909
1093.944785118103,2.3463986020557037,1,5.944850753782539
1094.0230684280396,2.3463986020557037,1,5.944850753782539
1094.1003136634827,2.343851359677128,1,5.946288173718698
1094.1800711154938,2.351493086812848,1,5.941975913910223
1094.2581629753113,2.3387568749199836,1,5.949163013591013
1094.3341953754425,2.3413041172985594,1,5.947725593654853
1094.4130518436432,2.343851359677128,1,5.946288173718698
1094.4900283813477,2.343851359677128,1,5.946288173718698
1094.5681419372559,2.343851359677128,1,5.946288173718698
1094.646854877472,2.3413041172985594,1,5.947725593654853
1094.7247903347015,2.3463986020557037,1,5.944850753782539
1094.8028616905212,2.343851359677128,1,5.946288173718698
1094.8799841403961,2.3642292987057054,1,5.934788814229438
1094.95716714859,2.3413041172985594,1,5.947725593654853
1095.0330173969269,2.3540403291914167,1,5.940538493974068
1095.1091272830963,2.3387568749199836,1,5.949163013591013
1095.187076330185,2.343851359677128,1,5.946288173718698
1095.2948462963104,2.3540403291914167,1,5.940538493974068
1095.3732089996338,2.328567905405702,1,5.95491269333564
1095.4500641822815,2.343851359677128,1,5.946288173718698
1095.527897119522,2.3540403291914167,1,5.940538493974068
1095.6059141159058,2.3463986020557037,1,5.944850753782539
1095.6830909252167,2.3540403291914167,1,5.940538493974068
1095.762888431549,2.343851359677128,1,5.946288173718698
1095.8416514396667,2.351493086812848,1,5.941975913910223
1095.9186248779297,2.3336623901628464,1,5.952037853463325
1095.9964697360992,2.3413041172985594,1,5.947725593654853
1096.074078321457,2.343851359677128,1,5.946288173718698
1096.1510426998138,2.359134813948561,1,5.937663654101753
1096.2300872802734,2.351493086812848,1,5.941975913910223
1096.310111284256,2.336209632541415,1,5.950600433527169
1096.3869996070862,2.343851359677128,1,5.946288173718698
1096.479858160019,2.3463986020557037,1,5.944850753782539
1096.5568280220032,2.343851359677128,1,5.946288173718698
1096.6329009532928,2.3463986020557037,1,5.944850753782539
1096.7120280265808,2.3463986020557037,1,5.944850753782539
1096.7911670207977,2.359134813948561,1,5.937663654101753
1096.883412361145,2.3489458444342723,1,5.943413333846383
1096.9616503715515,2.3387568749199836,1,5.949163013591013
1097.039748430252,2.3413041172985594,1,5.947725593654853
1097.116981267929,2.351493086812848,1,5.941975913910223
1097.1962065696716,2.3463986020557037,1,5.944850753782539
1097.2738676071167,2.3489458444342723,1,5.943413333846383
1097.3500242233276,2.3413041172985594,1,5.947725593654853
1097.4286952018738,2.351493086812848,1,5.941975913910223
1097.5070073604584,2.3489458444342723,1,5.943413333846383
1097.5841665267944,2.3489458444342723,1,5.943413333846383
1097.6630878448486,2.359134813948561,1,5.937663654101753
1097.7408969402313,2.3489458444342723,1,5.943413333846383
1097.8179924488068,2.359134813948561,1,5.937663654101753
1097.8958251476288,2.3540403291914167,1,5.940538493974068
1097.9751982688904,2.343851359677128,1,5.946288173718698
1098.0507266521454,2.3540403291914167,1,5.940538493974068
1098.126314163208,2.361682056327137,1,5.936226234165593
1098.219396829605,2.3489458444342723,1,5.943413333846383
1098.2965877056122,2.3540403291914167,1,5.940538493974068
1098.3748624324799,2.3463986020557037,1,5.944850753782539
1098.4821963310242,2.3489458444342723,1,5.943413333846383
1098.5615088939667,2.3540403291914167,1,5.940538493974068
1098.6398100852966,2.3489458444342723,1,5.943413333846383
1098.7173438072205,2.3489458444342723,1,5.943413333846383
1098.7951529026031,2.3413041172985594,1,5.947725593654853
1098.8752887248993,2.361682056327137,1,5.936226234165593
1098.952759027481,2.343851359677128,1,5.946288173718698
1099.0307426452637,2.3565875715699924,1,5.939101074037909
1099.1087791919708,2.3565875715699924,1,5.939101074037909
1099.1851110458374,2.366776541084274,1,5.9333513942932825
1099.2640075683594,2.361682056327137,1,5.936226234165593
1099.3418307304382,2.351493086812848,1,5.941975913910223
1099.4193222522736,2.3642292987057054,1,5.934788814229438
1099.496397972107,2.3769655105985628,1,5.927601714548652
1099.5744025707245,2.343851359677128,1,5.946288173718698
1099.6531920433044,2.3565875715699924,1,5.939101074037909
1099.7309908866882,2.3565875715699924,1,5.939101074037909
1099.808709859848,2.3489458444342723,1,5.943413333846383
1099.8856220245361,2.3540403291914167,1,5.940538493974068
1099.9776980876923,2.3565875715699924,1,5.939101074037909
1100.069700717926,2.3540403291914167,1,5.940538493974068
1100.1465167999268,2.3718710258414184,1,5.930476554420967
1100.2235128879547,2.361682056327137,1,5.936226234165593
1100.3020520210266,2.351493086812848,1,5.941975913910223
1100.379537820816,2.3565875715699924,1,5.939101074037909
1100.4578235149384,2.3463986020557037,1,5.944850753782539
1100.5361678600311,2.3413041172985594,1,5.947725593654853
1100.613067150116,2.3693237834628498,1,5.931913974357123
1100.691712141037,2.3540403291914167,1,5.940538493974068
1100.769154548645,2.3540403291914167,1,5.940538493974068
1100.845900774002,2.3565875715699924,1,5.939101074037909
1100.9231941699982,2.3565875715699924,1,5.939101074037909
1101.0017683506012,2.3489458444342723,1,5.943413333846383
1101.0795300006866,2.366776541084274,1,5.9333513942932825
1101.1572031974792,2.3463986020557037,1,5.944850753782539
1101.234750032425,2.3565875715699924,1,5.939101074037909
1101.3110513687134,2.351493086812848,1,5.941975913910223
1101.388590335846,2.361682056327137,1,5.936226234165593
1101.466941833496,2.3540403291914167,1,5.940538493974068
1101.5458481311798,2.366776541084274,1,5.9333513942932825
1101.6398248672485,2.3413041172985594,1,5.947725593654853
1101.7193856239319,2.3489458444342723,1,5.943413333846383
1101.796180486679,2.361682056327137,1,5.936226234165593
1101.8748142719269,2.336209632541415,1,5.950600433527169
1101.9535660743713,2.3489458444342723,1,5.943413333846383
1102.0295107364655,2.3463986020557037,1,5.944850753782539
1102.1059901714325,2.351493086812848,1,5.941975913910223
1102.1992645263672,2.3489458444342723,1,5.943413333846383
1102.2756793498993,2.3489458444342723,1,5.943413333846383
1102.3533885478973,2.3463986020557037,1,5.944850753782539
1102.4310011863708,2.351493086812848,1,5.941975913910223
1102.5070824623108,2.3489458444342723,1,5.943413333846383
1102.5861139297485,2.3565875715699924,1,5.939101074037909
1102.6638662815094,2.343851359677128,1,5.946288173718698
1102.7409830093384,2.3336623901628464,1,5.952037853463325
1102.819414138794,2.3540403291914167,1,5.940538493974068
1102.8974590301514,2.351493086812848,1,5.941975913910223
1102.9744246006012,2.3642292987057054,1,5.934788814229438
1103.0532810688019,2.3489458444342723,1,5.943413333846383
1103.1320445537567,2.343851359677128,1,5.946288173718698
1103.225806236267,2.3489458444342723,1,5.943413333846383
1103.3039042949677,2.3463986020557037,1,5.944850753782539
1103.3987076282501,2.351493086812848,1,5.941975913910223
1103.4774494171143,2.361682056327137,1,5.936226234165593
1103.5559613704681,2.3463986020557037,1,5.944850753782539
1103.6338059902191,2.351493086812848,1,5.941975913910223
1103.7125976085663,2.361682056327137,1,5.936226234165593
1103.790997505188,2.3463986020557037,1,5.944850753782539
1103.8684208393097,2.3413041172985594,1,5.947725593654853
1103.9464399814606,2.359134813948561,1,5.937663654101753
1104.0242319107056,2.3540403291914167,1,5.940538493974068
1104.102900505066,2.361682056327137,1,5.936226234165593
1104.1817133426666,2.351493086812848,1,5.941975913910223
1104.2591211795807,2.3489458444342723,1,5.943413333846383
1104.3359942436218,2.3413041172985594,1,5.947725593654853
1104.4142034053802,2.351493086812848,1,5.941975913910223
1104.4936995506287,2.3565875715699924,1,5.939101074037909
1104.57297539711,2.351493086812848,1,5.941975913910223
1104.650859594345,2.359134813948561,1,5.937663654101753
1104.7307527065277,2.3489458444342723,1,5.943413333846383
1104.839626789093,2.3413041172985594,1,5.947725593654853
1104.9184646606445,2.351493086812848,1,5.941975913910223
1104.9967436790466,2.3463986020557037,1,5.944850753782539
1105.0737037658691,2.3387568749199836,1,5.949163013591013
1105.153086900711,2.3311151477842706,1,5.953475273399484
1105.2317142486572,2.351493086812848,1,5.941975913910223
1105.30841755867,2.3489458444342723,1,5.943413333846383
1105.4006831645966,2.3565875715699924,1,5.939101074037909
1105.478903055191,2.3463986020557037,1,5.944850753782539
1105.556101322174,2.3540403291914167,1,5.940538493974068
1105.6348559856415,2.3463986020557037,1,5.944850753782539
1105.7127633094788,2.3540403291914167,1,5.940538493974068
1105.7887606620789,2.351493086812848,1,5.941975913910223
1105.8668048381805,2.343851359677128,1,5.946288173718698
1105.9434988498688,2.361682056327137,1,5.936226234165593
1106.020471572876,2.3565875715699924,1,5.939101074037909
1106.09774851799,2.351493086812848,1,5.941975913910223
1106.1773073673248,2.351493086812848,1,5.941975913910223
1106.2549223899841,2.3489458444342723,1,5.943413333846383
1106.3333430290222,2.3540403291914167,1,5.940538493974068
1106.4253571033478,2.3693237834628498,1,5.931913974357123
1106.5031003952026,2.3463986020557037,1,5.944850753782539
1106.5792362689972,2.361682056327137,1,5.936226234165593
1106.6571507453918,2.359134813948561,1,5.937663654101753
1106.7349717617035,2.351493086812848,1,5.941975913910223
1106.8137273788452,2.3693237834628498,1,5.931913974357123
1106.890862941742,2.351493086812848,1,5.941975913910223
1106.967793226242,2.359134813948561,1,5.937663654101753
1107.0438730716705,2.343851359677128,1,5.946288173718698
1107.12202334404,2.3413041172985594,1,5.947725593654853
1107.1990444660187,2.359134813948561,1,5.937663654101753
1107.2758836746216,2.3540403291914167,1,5.940538493974068
1107.3530354499817,2.351493086812848,1,5.941975913910223
1107.4288465976715,2.3489458444342723,1,5.943413333846383
1107.50612616539,2.3642292987057054,1,5.934788814229438
1107.5857751369476,2.3463986020557037,1,5.944850753782539
1107.6630334854126,2.361682056327137,1,5.936226234165593
1107.7429790496826,2.359134813948561,1,5.937663654101753
1107.8209505081177,2.359134813948561,1,5.937663654101753
1107.8985221385956,2.361682056327137,1,5.936226234165593
1108.0095176696777,2.3718710258414184,1,5.930476554420967
1108.0867366790771,2.3642292987057054,1,5.934788814229438
1108.165040254593,2.351493086812848,1,5.941975913910223
1108.2421238422394,2.3565875715699924,1,5.939101074037909
1108.3188903331757,2.361682056327137,1,5.936226234165593
1108.3968482017517,2.366776541084274,1,5.9333513942932825
1108.4726383686066,2.3540403291914167,1,5.940538493974068
1108.5500349998474,2.366776541084274,1,5.9333513942932825
1108.6279270648956,2.374418268219994,1,5.929039134484808
1108.706311225891,2.359134813948561,1,5.937663654101753
1108.783164024353,2.3718710258414184,1,5.930476554420967
1108.859395980835,2.361682056327137,1,5.936226234165593
1108.9378507137299,2.361682056327137,1,5.936226234165593
1109.0148770809174,2.3565875715699924,1,5.939101074037909
1109.0916721820831,2.3693237834628498,1,5.931913974357123
1109.1700954437256,2.3463986020557037,1,5.944850753782539
1109.2461967468262,2.3795127529771385,1,5.926164294612493
1109.3234820365906,2.3718710258414184,1,5.930476554420967
1109.4016153812408,2.351493086812848,1,5.941975913910223
1109.4785685539246,2.3565875715699924,1,5.939101074037909
1109.5893955230713,2.359134813948561,1,5.937663654101753
1109.6690394878387,2.361682056327137,1,5.936226234165593
1109.7448298931122,2.3642292987057054,1,5.934788814229438
1109.8231406211853,2.3693237834628498,1,5.931913974357123
1109.9018890857697,2.3540403291914167,1,5.940538493974068
1109.9786014556885,2.3565875715699924,1,5.939101074037909
1110.0563695430756,2.3540403291914167,1,5.940538493974068
1110.1357080936432,2.351493086812848,1,5.941975913910223
1110.2133193016052,2.3769655105985628,1,5.927601714548652
1110.2920575141907,2.374418268219994,1,5.929039134484808
1110.3709712028503,2.351493086812848,1,5.941975913910223
1110.4477245807648,2.3769655105985628,1,5.927601714548652
1110.5256588459015,2.374418268219994,1,5.929039134484808
1110.602998495102,2.359134813948561,1,5.937663654101753
1110.6795239448547,2.3693237834628498,1,5.931913974357123
1110.759208202362,2.382059995355707,1,5.924726874676337
1110.8359491825104,2.359134813948561,1,5.937663654101753
1110.9139890670776,2.3718710258414184,1,5.930476554420967
1110.9908156394958,2.3769655105985628,1,5.927601714548652
1111.0699014663696,2.3642292987057054,1,5.934788814229438
1111.1631746292114,2.3795127529771385,1,5.926164294612493
1111.2432250976562,2.3642292987057054,1,5.934788814229438
1111.3212747573853,2.359134813948561,1,5.937663654101753
1111.3977363109589,2.359134813948561,1,5.937663654101753
1111.4761865139008,2.3718710258414184,1,5.930476554420967
1111.5534570217133,2.3540403291914167,1,5.940538493974068
1111.631799697876,2.361682056327137,1,5.936226234165593
1111.7082257270813,2.3871544801128515,1,5.921852034804022
1111.78604722023,2.3642292987057054,1,5.934788814229438
1111.864039182663,2.361682056327137,1,5.936226234165593
1111.9422969818115,2.3642292987057054,1,5.934788814229438
1112.0209879875183,2.359134813948561,1,5.937663654101753
1112.0957334041595,2.374418268219994,1,5.929039134484808
1112.1744394302368,2.3871544801128515,1,5.921852034804022
1112.252990245819,2.361682056327137,1,5.936226234165593
1112.3297057151794,2.3718710258414184,1,5.930476554420967
1112.4069647789001,2.366776541084274,1,5.9333513942932825
1112.4857528209686,2.3565875715699924,1,5.939101074037909
1112.5796213150024,2.3718710258414184,1,5.930476554420967
1112.6567101478577,2.374418268219994,1,5.929039134484808
1112.7646687030792,2.3693237834628498,1,5.931913974357123
1112.843990802765,2.3795127529771385,1,5.926164294612493
1112.9211239814758,2.3693237834628498,1,5.931913974357123
1112.9955270290375,2.361682056327137,1,5.936226234165593
1113.073494195938,2.3693237834628498,1,5.931913974357123
1113.1530396938324,2.3693237834628498,1,5.931913974357123
1113.2308459281921,2.359134813948561,1,5.937663654101753
1113.308076620102,2.3718710258414184,1,5.930476554420967
1113.3866996765137,2.3642292987057054,1,5.934788814229438
1113.4630575180054,2.366776541084274,1,5.9333513942932825
1113.542424440384,2.382059995355707,1,5.924726874676337
1113.6198937892914,2.3642292987057054,1,5.934788814229438
1113.6966526508331,2.3693237834628498,1,5.931913974357123
1113.775642156601,2.382059995355707,1,5.924726874676337
1113.854513168335,2.382059995355707,1,5.924726874676337
1113.9311394691467,2.361682056327137,1,5.936226234165593
1114.007426738739,2.3718710258414184,1,5.930476554420967
1114.0864984989166,2.3565875715699924,1,5.939101074037909
1114.1639127731323,2.359134813948561,1,5.937663654101753
1114.2430334091187,2.3718710258414184,1,5.930476554420967
1114.351951122284,2.3565875715699924,1,5.939101074037909
1114.4285743236542,2.3718710258414184,1,5.930476554420967
1114.5065326690674,2.3565875715699924,1,5.939101074037909
1114.582487821579,2.3693237834628498,1,5.931913974357123
1114.6601886749268,2.374418268219994,1,5.929039134484808
1114.7387976646423,2.392248964869996,1,5.918977194931707
1114.8156251907349,2.3642292987057054,1,5.934788814229438
1114.8921949863434,2.374418268219994,1,5.929039134484808
1114.9700043201447,2.3693237834628498,1,5.931913974357123
1115.047904253006,2.361682056327137,1,5.936226234165593
1115.125968694687,2.359134813948561,1,5.937663654101753
1115.203001499176,2.3693237834628498,1,5.931913974357123
1115.2807593345642,2.366776541084274,1,5.9333513942932825
1115.3577184677124,2.384607237734283,1,5.9232894547401775
1115.436043024063,2.374418268219994,1,5.929039134484808
1115.5149924755096,2.3693237834628498,1,5.931913974357123
1115.5906825065613,2.3718710258414184,1,5.930476554420967
1115.6677827835083,2.366776541084274,1,5.9333513942932825
1115.7457013130188,2.3540403291914167,1,5.940538493974068
1115.822833776474,2.382059995355707,1,5.924726874676337
1115.9337651729584,2.3642292987057054,1,5.934788814229438
1116.0095574855804,2.384607237734283,1,5.9232894547401775
1116.0893528461456,2.3693237834628498,1,5.931913974357123
1116.1691761016846,2.359134813948561,1,5.937663654101753
1116.2477414608002,2.3565875715699924,1,5.939101074037909
1116.3265662193298,2.3718710258414184,1,5.930476554420967
1116.4068765640259,2.3769655105985628,1,5.927601714548652
1116.4853410720825,2.366776541084274,1,5.9333513942932825
1116.5643727779388,2.359134813948561,1,5.937663654101753
1116.6417853832245,2.3565875715699924,1,5.939101074037909
1116.7205700874329,2.3693237834628498,1,5.931913974357123
1116.7981750965118,2.3565875715699924,1,5.939101074037909
1116.8779954910278,2.3769655105985628,1,5.927601714548652
1116.95627784729,2.366776541084274,1,5.9333513942932825
1117.0347487926483,2.3693237834628498,1,5.931913974357123
1117.1130907535553,2.3489458444342723,1,5.943413333846383
1117.1906101703644,2.3642292987057054,1,5.934788814229438
1117.2706971168518,2.3769655105985628,1,5.927601714548652
1117.3476638793945,2.361682056327137,1,5.936226234165593
1117.4240102767944,2.359134813948561,1,5.937663654101753
1117.5329592227936,2.366776541084274,1,5.9333513942932825
1117.6098024845123,2.3718710258414184,1,5.930476554420967
1117.6849291324615,2.366776541084274,1,5.9333513942932825
1117.7633278369904,2.3718710258414184,1,5.930476554420967
1117.842309474945,2.3642292987057054,1,5.934788814229438
1117.9192957878113,2.3565875715699924,1,5.939101074037909
1117.9964241981506,2.361682056327137,1,5.936226234165593
1118.074238061905,2.366776541084274,1,5.9333513942932825
1118.1520121097565,2.361682056327137,1,5.936226234165593
1118.2467834949493,2.3565875715699924,1,5.939101074037909
1118.3252336978912,2.361682056327137,1,5.936226234165593
1118.4031398296356,2.3718710258414184,1,5.930476554420967
1118.4805018901825,2.374418268219994,1,5.929039134484808
1118.558296918869,2.3642292987057054,1,5.934788814229438
1118.6340939998627,2.3540403291914167,1,5.940538493974068
1118.7115647792816,2.366776541084274,1,5.9333513942932825
1118.789860010147,2.3718710258414184,1,5.930476554420967
1118.866860628128,2.3642292987057054,1,5.934788814229438
1118.9457404613495,2.361682056327137,1,5.936226234165593
1119.023900270462,2.3769655105985628,1,5.927601714548652
1119.1330959796906,2.361682056327137,1,5.936226234165593
1119.2114050388336,2.359134813948561,1,5.937663654101753
1119.2885172367096,2.361682056327137,1,5.936226234165593
1119.3829746246338,2.366776541084274,1,5.9333513942932825
1119.4602570533752,2.3718710258414184,1,5.930476554420967
1119.5370247364044,2.374418268219994,1,5.929039134484808
1119.6160073280334,2.361682056327137,1,5.936226234165593
1119.6949985027313,2.351493086812848,1,5.941975913910223
1119.7865433692932,2.374418268219994,1,5.929039134484808
1119.865066766739,2.3693237834628498,1,5.931913974357123
1119.9439356327057,2.382059995355707,1,5.924726874676337
1120.0201523303986,2.361682056327137,1,5.936226234165593
1120.0990285873413,2.3565875715699924,1,5.939101074037909
1120.1770269870758,2.3718710258414184,1,5.930476554420967
1120.2538831233978,2.382059995355707,1,5.924726874676337
1120.330979347229,2.359134813948561,1,5.937663654101753
1120.4102747440338,2.3642292987057054,1,5.934788814229438
1120.500982284546,2.366776541084274,1,5.9333513942932825
1120.5781030654907,2.3642292987057054,1,5.934788814229438
1120.6562826633453,2.3769655105985628,1,5.927601714548652
1120.7478399276733,2.3565875715699924,1,5.939101074037909
1120.825587272644,2.366776541084274,1,5.9333513942932825
1120.9021563529968,2.3769655105985628,1,5.927601714548652
1120.980251789093,2.3540403291914167,1,5.940538493974068
1121.0582993030548,2.359134813948561,1,5.937663654101753
1121.136768579483,2.366776541084274,1,5.9333513942932825
1121.2151486873627,2.3565875715699924,1,5.939101074037909
1121.2950639724731,2.3693237834628498,1,5.931913974357123
1121.372995853424,2.366776541084274,1,5.9333513942932825
1121.4508483409882,2.361682056327137,1,5.936226234165593
1121.5282559394836,2.351493086812848,1,5.941975913910223
1121.606455564499,2.3769655105985628,1,5.927601714548652
1121.7002103328705,2.361682056327137,1,5.936226234165593
1121.7780992984772,2.3769655105985628,1,5.927601714548652
1121.8553276062012,2.374418268219994,1,5.929039134484808
1121.9332947731018,2.361682056327137,1,5.936226234165593
1122.0131459236145,2.359134813948561,1,5.937663654101753
1122.0900166034698,2.3642292987057054,1,5.934788814229438
1122.169018983841,2.3693237834628498,1,5.931913974357123
1122.2607736587524,2.3769655105985628,1,5.927601714548652
1122.367226600647,2.361682056327137,1,5.936226234165593
1122.4451491832733,2.3693237834628498,1,5.931913974357123
1122.5239152908325,2.366776541084274,1,5.9333513942932825
1122.615033864975,2.361682056327137,1,5.936226234165593
1122.6946849822998,2.366776541084274,1,5.9333513942932825
1122.7734208106995,2.3795127529771385,1,5.926164294612493
1122.8681671619415,2.3642292987057054,1,5.934788814229438
1122.9619164466858,2.366776541084274,1,5.9333513942932825
1123.054881811142,2.3693237834628498,1,5.931913974357123
1123.1482634544373,2.359134813948561,1,5.937663654101753
1123.2276916503906,2.382059995355707,1,5.924726874676337
1123.3044865131378,2.374418268219994,1,5.929039134484808
1123.3833076953888,2.3565875715699924,1,5.939101074037909
1123.4630937576294,2.3565875715699924,1,5.939101074037909
1123.540854692459,2.392248964869996,1,5.918977194931707
1123.6336057186127,2.3642292987057054,1,5.934788814229438
1123.7263600826263,2.382059995355707,1,5.924726874676337
1123.8181819915771,2.3693237834628498,1,5.931913974357123
1123.8964338302612,2.3718710258414184,1,5.930476554420967
1124.0077240467072,2.374418268219994,1,5.929039134484808
1124.1333878040314,2.3718710258414184,1,5.930476554420967
1124.240103006363,2.3769655105985628,1,5.927601714548652
1124.3344144821167,2.3769655105985628,1,5.927601714548652
1124.428246974945,2.3718710258414184,1,5.930476554420967
1124.5052239894867,2.3871544801128515,1,5.921852034804022
1124.5807218551636,2.3642292987057054,1,5.934788814229438
1124.6577637195587,2.3718710258414184,1,5.930476554420967
1124.7347304821014,2.384607237734283,1,5.9232894547401775
1124.8285069465637,2.361682056327137,1,5.936226234165593
1124.9510638713837,2.3718710258414184,1,5.930476554420967
1125.0617682933807,2.3795127529771385,1,5.926164294612493
1125.1690146923065,2.3718710258414184,1,5.930476554420967
1125.2468030452728,2.3718710258414184,1,5.930476554420967
1125.3265936374664,2.366776541084274,1,5.9333513942932825
1125.4043850898743,2.3769655105985628,1,5.927601714548652
1125.483635187149,2.3642292987057054,1,5.934788814229438
1125.5630309581757,2.366776541084274,1,5.9333513942932825
1125.6407027244568,2.3693237834628498,1,5.931913974357123
1125.720602273941,2.3718710258414184,1,5.930476554420967
1125.8133556842804,2.359134813948561,1,5.937663654101753
1125.9540102481842,2.389701722491427,1,5.9204146148678625
1126.0464265346527,2.366776541084274,1,5.9333513942932825
1126.124397277832,2.366776541084274,1,5.9333513942932825
1126.203272819519,2.3871544801128515,1,5.921852034804022
1126.2951617240906,2.3769655105985628,1,5.927601714548652
1126.3878786563873,2.382059995355707,1,5.924726874676337
1126.482625246048,2.3795127529771385,1,5.926164294612493
1126.5754141807556,2.359134813948561,1,5.937663654101753
1126.6711206436157,2.374418268219994,1,5.929039134484808
1126.7623844146729,2.359134813948561,1,5.937663654101753
1126.840244293213,2.382059995355707,1,5.924726874676337
1126.9174027442932,2.374418268219994,1,5.929039134484808
1127.0078029632568,2.3642292987057054,1,5.934788814229438
1127.0843584537506,2.3769655105985628,1,5.927601714548652
1127.161389350891,2.3642292987057054,1,5.934788814229438
1127.239425420761,2.3642292987057054,1,5.934788814229438
1127.3192517757416,2.3718710258414184,1,5.930476554420967
1127.4120433330536,2.3718710258414184,1,5.930476554420967
1127.488251209259,2.366776541084274,1,5.9333513942932825
1127.5669372081757,2.3642292987057054,1,5.934788814229438
1127.661027431488,2.3565875715699924,1,5.939101074037909
1127.7374398708344,2.374418268219994,1,5.929039134484808
1127.8306560516357,2.374418268219994,1,5.929039134484808
1127.922045469284,2.382059995355707,1,5.924726874676337
1128.0167870521545,2.374418268219994,1,5.929039134484808
1128.108544588089,2.374418268219994,1,5.929039134484808
1128.2005693912506,2.3718710258414184,1,5.930476554420967
1128.294319152832,2.3769655105985628,1,5.927601714548652
1128.389062166214,2.3769655105985628,1,5.927601714548652
1128.4685695171356,2.366776541084274,1,5.9333513942932825
1128.5513360500336,2.3769655105985628,1,5.927601714548652
1128.6401209831238,2.382059995355707,1,5.924726874676337
1128.7338705062866,2.374418268219994,1,5.929039134484808
1128.8276193141937,2.3642292987057054,1,5.934788814229438
1128.9211297035217,2.3795127529771385,1,5.926164294612493
1129.0159997940063,2.3718710258414184,1,5.930476554420967
1129.1094980239868,2.361682056327137,1,5.936226234165593
1129.1875262260437,2.3795127529771385,1,5.926164294612493
1129.2640311717987,2.3565875715699924,1,5.939101074037909
1129.340853214264,2.3718710258414184,1,5.930476554420967
1129.4359683990479,2.384607237734283,1,5.9232894547401775
1129.5146536827087,2.3795127529771385,1,5.926164294612493
1129.5915749073029,2.3642292987057054,1,5.934788814229438
1129.6854031085968,2.3718710258414184,1,5.930476554420967
1129.777986049652,2.3565875715699924,1,5.939101074037909
1129.85533285141,2.374418268219994,1,5.929039134484808
1129.9338264465332,2.3871544801128515,1,5.921852034804022
1130.011459350586,2.3718710258414184,1,5.930476554420967
1130.087519645691,2.382059995355707,1,5.924726874676337
1130.1653008460999,2.3718710258414184,1,5.930476554420967
1130.2427291870117,2.366776541084274,1,5.9333513942932825
1130.3186385631561,2.3871544801128515,1,5.921852034804022
1130.3964359760284,2.3693237834628498,1,5.931913974357123
1130.475855588913,2.3718710258414184,1,5.930476554420967
1130.5538733005524,2.3718710258414184,1,5.930476554420967
1130.6309967041016,2.3693237834628498,1,5.931913974357123
1130.7099554538727,2.361682056327137,1,5.936226234165593
1130.7859926223755,2.3693237834628498,1,5.931913974357123
1130.875718832016,2.3693237834628498,1,5.931913974357123
1130.9520149230957,2.361682056327137,1,5.936226234165593
1131.0936403274536,2.3718710258414184,1,5.930476554420967
1131.1873896121979,2.3693237834628498,1,5.931913974357123
1131.2813820838928,2.3769655105985628,1,5.927601714548652
1131.3583943843842,2.361682056327137,1,5.936226234165593
1131.436044216156,2.3871544801128515,1,5.921852034804022
1131.5138154029846,2.3642292987057054,1,5.934788814229438
1131.5916106700897,2.359134813948561,1,5.937663654101753
1131.6853744983673,2.382059995355707,1,5.924726874676337
1131.7811198234558,2.3769655105985628,1,5.927601714548652
1131.8739173412323,2.374418268219994,1,5.929039134484808
1131.9656448364258,2.3718710258414184,1,5.930476554420967
1132.0753512382507,2.374418268219994,1,5.929039134484808
1132.1677639484406,2.3718710258414184,1,5.930476554420967
1132.246478319168,2.366776541084274,1,5.9333513942932825
1132.3244976997375,2.366776541084274,1,5.9333513942932825
1132.4023118019104,2.3718710258414184,1,5.930476554420967
1132.4804673194885,2.374418268219994,1,5.929039134484808
1132.5584738254547,2.361682056327137,1,5.936226234165593
1132.6340072154999,2.384607237734283,1,5.9232894547401775
1132.7130334377289,2.3718710258414184,1,5.930476554420967
1132.8232760429382,2.382059995355707,1,5.924726874676337
1132.8986613750458,2.3718710258414184,1,5.930476554420967
1132.9759440422058,2.3693237834628498,1,5.931913974357123
1133.0528318881989,2.3693237834628498,1,5.931913974357123
1133.1446874141693,2.3693237834628498,1,5.931913974357123
1133.2233083248138,2.384607237734283,1,5.9232894547401775
1133.2981250286102,2.3769655105985628,1,5.927601714548652
1133.3775277137756,2.361682056327137,1,5.936226234165593
1133.4559614658356,2.3769655105985628,1,5.927601714548652
1133.5343129634857,2.3795127529771385,1,5.926164294612493
1133.6099405288696,2.3769655105985628,1,5.927601714548652
1133.688158750534,2.3871544801128515,1,5.921852034804022
1133.7643983364105,2.3718710258414184,1,5.930476554420967
1133.8411889076233,2.382059995355707,1,5.924726874676337
1133.9173851013184,2.3871544801128515,1,5.921852034804022
1133.9948015213013,2.3693237834628498,1,5.931913974357123
1134.072470664978,2.3769655105985628,1,5.927601714548652
1134.1507775783539,2.382059995355707,1,5.924726874676337
1134.2281594276428,2.3718710258414184,1,5.930476554420967
1134.3057887554169,2.382059995355707,1,5.924726874676337
1134.4155237674713,2.3871544801128515,1,5.921852034804022
1134.4923431873322,2.374418268219994,1,5.929039134484808
1134.5712990760803,2.3795127529771385,1,5.926164294612493
1134.649421930313,2.382059995355707,1,5.924726874676337
1134.7267611026764,2.3693237834628498,1,5.931913974357123
1134.804401397705,2.3769655105985628,1,5.927601714548652
1134.882197380066,2.3769655105985628,1,5.927601714548652
1134.9598557949066,2.374418268219994,1,5.929039134484808
1135.0366854667664,2.3947962072485645,1,5.917539774995552
1135.1157405376434,2.392248964869996,1,5.918977194931707
1135.1926338672638,2.3769655105985628,1,5.927601714548652
1135.2713539600372,2.3947962072485645,1,5.917539774995552
1135.3658862113953,2.382059995355707,1,5.924726874676337
1135.475121974945,2.3769655105985628,1,5.927601714548652
1135.567336320877,2.3947962072485645,1,5.917539774995552
1135.6443099975586,2.3693237834628498,1,5.931913974357123
1135.7202072143555,2.392248964869996,1,5.918977194931707
1135.798919916153,2.3947962072485645,1,5.917539774995552
1135.8762938976288,2.3769655105985628,1,5.927601714548652
1135.954047203064,2.3795127529771385,1,5.926164294612493
1136.0629410743713,2.3947962072485645,1,5.917539774995552
1136.1403548717499,2.3718710258414184,1,5.930476554420967
1136.2185418605804,2.3871544801128515,1,5.921852034804022
1136.2961008548737,2.382059995355707,1,5.924726874676337
1136.3729195594788,2.389701722491427,1,5.9204146148678625
1136.4527263641357,2.39734344962714,1,5.916102355059392
1136.5323843955994,2.3871544801128515,1,5.921852034804022
1136.6246764659882,2.384607237734283,1,5.9232894547401775
1136.7041919231415,2.3947962072485645,1,5.917539774995552
1136.7818410396576,2.3769655105985628,1,5.927601714548652
1136.8732025623322,2.392248964869996,1,5.918977194931707
1136.94962143898,2.3947962072485645,1,5.917539774995552
1137.0278601646423,2.366776541084274,1,5.9333513942932825
1137.1030659675598,2.3871544801128515,1,5.921852034804022
1137.180285692215,2.384607237734283,1,5.9232894547401775
1137.274979352951,2.3693237834628498,1,5.931913974357123
1137.35213637352,2.3795127529771385,1,5.926164294612493
1137.429928779602,2.3795127529771385,1,5.926164294612493
1137.508859872818,2.374418268219994,1,5.929039134484808
1137.5851261615753,2.3718710258414184,1,5.930476554420967
1137.6809332370758,2.389701722491427,1,5.9204146148678625
1137.757619857788,2.3693237834628498,1,5.931913974357123
1137.853055715561,2.3718710258414184,1,5.930476554420967
1137.9305980205536,2.3795127529771385,1,5.926164294612493
1138.0066680908203,2.3718710258414184,1,5.930476554420967
1138.0845694541931,2.389701722491427,1,5.9204146148678625
1138.1617946624756,2.3871544801128515,1,5.921852034804022
1138.2387709617615,2.3718710258414184,1,5.930476554420967
1138.315645456314,2.3871544801128515,1,5.921852034804022
1138.3933062553406,2.374418268219994,1,5.929039134484808
1138.4694664478302,2.3718710258414184,1,5.930476554420967
1138.5607628822327,2.382059995355707,1,5.924726874676337
1138.6555099487305,2.382059995355707,1,5.924726874676337
1138.7333014011383,2.384607237734283,1,5.9232894547401775
1138.8090987205505,2.3693237834628498,1,5.931913974357123
1138.8884077072144,2.382059995355707,1,5.924726874676337
1138.9802854061127,2.392248964869996,1,5.918977194931707
1139.0600728988647,2.3795127529771385,1,5.926164294612493
1139.137062072754,2.374418268219994,1,5.929039134484808
1139.2319056987762,2.3718710258414184,1,5.930476554420967
1139.3566057682037,2.384607237734283,1,5.9232894547401775
1139.434089899063,2.3718710258414184,1,5.930476554420967
1139.5138771533966,2.392248964869996,1,5.918977194931707
1139.6066284179688,2.3769655105985628,1,5.927601714548652
1139.6854543685913,2.382059995355707,1,5.924726874676337
1139.779167175293,2.382059995355707,1,5.924726874676337
1139.8549649715424,2.3718710258414184,1,5.930476554420967
1139.9337549209595,2.392248964869996,1,5.918977194931707
1140.0125794410706,2.3947962072485645,1,5.917539774995552
1140.090692281723,2.3871544801128515,1,5.921852034804022
1140.168611049652,2.389701722491427,1,5.9204146148678625
1140.2463018894196,2.3871544801128515,1,5.921852034804022
1140.322401046753,2.3718710258414184,1,5.930476554420967
1140.4017622470856,2.389701722491427,1,5.9204146148678625
1140.480328321457,2.389701722491427,1,5.9204146148678625
1140.5561368465424,2.39734344962714,1,5.916102355059392
1140.6347925662994,2.39734344962714,1,5.916102355059392
1140.7145743370056,2.399890692005709,1,5.914664935123237
1140.7926177978516,2.3718710258414184,1,5.930476554420967
1140.87060546875,2.3795127529771385,1,5.926164294612493
1140.9794762134552,2.3871544801128515,1,5.921852034804022
1141.0565900802612,2.3769655105985628,1,5.927601714548652
1141.134370803833,2.392248964869996,1,5.918977194931707
1141.212158203125,2.3795127529771385,1,5.926164294612493
1141.2881217002869,2.374418268219994,1,5.929039134484808
1141.3669278621674,2.3871544801128515,1,5.921852034804022
1141.4447028636932,2.3871544801128515,1,5.921852034804022
1141.5219643115997,2.374418268219994,1,5.929039134484808
1141.5980513095856,2.382059995355707,1,5.924726874676337
1141.6760504245758,2.382059995355707,1,5.924726874676337
1141.7535643577576,2.3769655105985628,1,5.927601714548652
1141.8309998512268,2.3871544801128515,1,5.921852034804022
1141.9066288471222,2.382059995355707,1,5.924726874676337
1141.984412908554,2.384607237734283,1,5.9232894547401775
1142.062421321869,2.3947962072485645,1,5.917539774995552
1142.1409604549408,2.382059995355707,1,5.924726874676337
1142.2176134586334,2.4024379343842845,1,5.913227515187077
1142.2967784404755,2.3871544801128515,1,5.921852034804022
1142.3766067028046,2.384607237734283,1,5.9232894547401775
1142.4532217979431,2.382059995355707,1,5.924726874676337
1142.5469982624054,2.389701722491427,1,5.9204146148678625
1142.6240274906158,2.3769655105985628,1,5.927601714548652
1142.7001066207886,2.3769655105985628,1,5.927601714548652
1142.7793319225311,2.3947962072485645,1,5.917539774995552
1142.857313632965,2.39734344962714,1,5.916102355059392
1142.9340574741364,2.384607237734283,1,5.9232894547401775
1143.0269935131073,2.3795127529771385,1,5.926164294612493
1143.1051032543182,2.384607237734283,1,5.9232894547401775
1143.1819822788239,2.382059995355707,1,5.924726874676337
1143.2599864006042,2.3871544801128515,1,5.921852034804022
1143.337191581726,2.382059995355707,1,5.924726874676337
1143.4270539283752,2.4024379343842845,1,5.913227515187077
1143.511827468872,2.3947962072485645,1,5.917539774995552
1143.6036593914032,2.3871544801128515,1,5.921852034804022
1143.681997537613,2.3871544801128515,1,5.921852034804022
1143.760380744934,2.3947962072485645,1,5.917539774995552
1143.8521418571472,2.39734344962714,1,5.916102355059392
1143.9299311637878,2.392248964869996,1,5.918977194931707
1144.025503873825,2.382059995355707,1,5.924726874676337
1144.103325843811,2.382059995355707,1,5.924726874676337
1144.2132639884949,2.392248964869996,1,5.918977194931707
1144.290295124054,2.3693237834628498,1,5.931913974357123
1144.367377281189,2.3871544801128515,1,5.921852034804022
1144.4451756477356,2.384607237734283,1,5.9232894547401775
1144.5224359035492,2.382059995355707,1,5.924726874676337
1144.6004247665405,2.374418268219994,1,5.929039134484808
1144.6786243915558,2.3871544801128515,1,5.921852034804022
1144.7556488513947,2.3871544801128515,1,5.921852034804022
1144.832496881485,2.3795127529771385,1,5.926164294612493
1144.9098341464996,2.3718710258414184,1,5.930476554420967
1144.9866707324982,2.3693237834628498,1,5.931913974357123
1145.0647027492523,2.382059995355707,1,5.924726874676337
1145.143074274063,2.374418268219994,1,5.929039134484808
1145.2182838916779,2.382059995355707,1,5.924726874676337
1145.2953107357025,2.382059995355707,1,5.924726874676337
1145.37336063385,2.3769655105985628,1,5.927601714548652
1145.4495828151703,2.366776541084274,1,5.9333513942932825
1145.543978691101,2.3871544801128515,1,5.921852034804022
1145.6223073005676,2.3769655105985628,1,5.927601714548652
1145.6994814872742,2.3769655105985628,1,5.927601714548652
1145.8084797859192,2.389701722491427,1,5.9204146148678625
1145.8886852264404,2.3871544801128515,1,5.921852034804022
1145.9808189868927,2.384607237734283,1,5.9232894547401775
1146.0600123405457,2.389701722491427,1,5.9204146148678625
1146.1369879245758,2.382059995355707,1,5.924726874676337
1146.2144548892975,2.39734344962714,1,5.916102355059392
1146.2910614013672,2.392248964869996,1,5.918977194931707
1146.3678193092346,2.3947962072485645,1,5.917539774995552
1146.4467732906342,2.392248964869996,1,5.918977194931707
1146.5236313343048,2.3718710258414184,1,5.930476554420967
1146.6007294654846,2.382059995355707,1,5.924726874676337
1146.679622888565,2.392248964869996,1,5.918977194931707
1146.7583734989166,2.3795127529771385,1,5.926164294612493
1146.8351719379425,2.382059995355707,1,5.924726874676337
1146.9139568805695,2.392248964869996,1,5.918977194931707
1146.993100643158,2.382059995355707,1,5.924726874676337
1147.0857920646667,2.3769655105985628,1,5.927601714548652
1147.181562423706,2.3795127529771385,1,5.926164294612493
1147.2593488693237,2.384607237734283,1,5.9232894547401775
1147.3372209072113,2.382059995355707,1,5.924726874676337
1147.4307615756989,2.392248964869996,1,5.918977194931707
1147.5078632831573,2.389701722491427,1,5.9204146148678625
1147.6013491153717,2.3795127529771385,1,5.926164294612493
1147.6771466732025,2.389701722491427,1,5.9204146148678625
1147.7552139759064,2.3871544801128515,1,5.921852034804022
1147.8316762447357,2.392248964869996,1,5.918977194931707
1147.9081053733826,2.3871544801128515,1,5.921852034804022
1147.9879293441772,2.382059995355707,1,5.924726874676337
1148.0986332893372,2.392248964869996,1,5.918977194931707
1148.1748206615448,2.399890692005709,1,5.914664935123237
1148.2526190280914,2.3769655105985628,1,5.927601714548652
1148.3302216529846,2.384607237734283,1,5.9232894547401775
1148.4076056480408,2.3718710258414184,1,5.930476554420967
1148.483875989914,2.3871544801128515,1,5.921852034804022
1148.5624587535858,2.404985176762853,1,5.911790095250922
1148.6406638622284,2.3795127529771385,1,5.926164294612493
1148.7159900665283,2.384607237734283,1,5.9232894547401775
1148.7957754135132,2.3871544801128515,1,5.921852034804022
1148.8738539218903,2.389701722491427,1,5.9204146148678625
1148.9521265029907,2.389701722491427,1,5.9204146148678625
1149.062340259552,2.389701722491427,1,5.9204146148678625
1149.1414568424225,2.3769655105985628,1,5.927601714548652
1149.2342112064362,2.3871544801128515,1,5.921852034804022
1149.325987815857,2.39734344962714,1,5.916102355059392
1149.4041965007782,2.392248964869996,1,5.918977194931707
1149.4820539951324,2.39734344962714,1,5.916102355059392
1149.5607225894928,2.407532419141429,1,5.910352675314762
1149.6520059108734,2.382059995355707,1,5.924726874676337
1149.7298316955566,2.389701722491427,1,5.9204146148678625
1149.8082168102264,2.382059995355707,1,5.924726874676337
1149.8856959342957,2.382059995355707,1,5.924726874676337
1149.979898929596,2.3947962072485645,1,5.917539774995552
1150.0566899776459,2.374418268219994,1,5.929039134484808
1150.1344847679138,2.384607237734283,1,5.9232894547401775
1150.2282309532166,2.39734344962714,1,5.916102355059392
1150.3060641288757,2.382059995355707,1,5.924726874676337
1150.3833730220795,2.382059995355707,1,5.924726874676337
1150.4610450267792,2.384607237734283,1,5.9232894547401775
1150.5398383140564,2.382059995355707,1,5.924726874676337
1150.6157779693604,2.382059995355707,1,5.924726874676337
1150.7258822917938,2.3795127529771385,1,5.926164294612493
1150.8028943538666,2.384607237734283,1,5.9232894547401775
1150.8818418979645,2.3718710258414184,1,5.930476554420967
1150.9595122337341,2.404985176762853,1,5.911790095250922
1151.0375888347626,2.392248964869996,1,5.918977194931707
1151.1133742332458,2.392248964869996,1,5.918977194931707
1151.192532300949,2.389701722491427,1,5.9204146148678625
1151.2716414928436,2.3871544801128515,1,5.921852034804022
1151.3496980667114,2.3769655105985628,1,5.927601714548652
1151.4274609088898,2.4024379343842845,1,5.913227515187077
1151.5042004585266,2.3795127529771385,1,5.926164294612493
1151.5814039707184,2.3871544801128515,1,5.921852034804022
1151.658087015152,2.384607237734283,1,5.9232894547401775
1151.7357969284058,2.3795127529771385,1,5.926164294612493
1151.8126783370972,2.399890692005709,1,5.914664935123237
1151.8919048309326,2.384607237734283,1,5.9232894547401775
1151.9690749645233,2.3769655105985628,1,5.927601714548652
1152.0476372241974,2.384607237734283,1,5.9232894547401775
1152.1273937225342,2.3871544801128515,1,5.921852034804022
1152.203750371933,2.382059995355707,1,5.924726874676337
1152.3129844665527,2.392248964869996,1,5.918977194931707
1152.3901717662811,2.392248964869996,1,5.918977194931707
1152.4680609703064,2.3947962072485645,1,5.917539774995552
1152.5466027259827,2.389701722491427,1,5.9204146148678625
1152.6246209144592,2.407532419141429,1,5.910352675314762
1152.7021751403809,2.3871544801128515,1,5.921852034804022
1152.7809603214264,2.3947962072485645,1,5.917539774995552
1152.8582212924957,2.399890692005709,1,5.914664935123237
1152.9515163898468,2.3947962072485645,1,5.917539774995552
1153.028751373291,2.3947962072485645,1,5.917539774995552
1153.1065964698792,2.389701722491427,1,5.9204146148678625
1153.1832160949707,2.3871544801128515,1,5.921852034804022
1153.2615683078766,2.39734344962714,1,5.916102355059392
1153.355339050293,2.399890692005709,1,5.914664935123237
1153.4329721927643,2.382059995355707,1,5.924726874676337
1153.511091709137,2.392248964869996,1,5.918977194931707
1153.6506657600403,2.382059995355707,1,5.924726874676337
1153.727327823639,2.392248964869996,1,5.918977194931707
1153.8054444789886,2.384607237734283,1,5.9232894547401775
1153.899225473404,2.382059995355707,1,5.924726874676337
1154.0733664035797,2.39734344962714,1,5.916102355059392
1154.1672983169556,2.389701722491427,1,5.9204146148678625
1154.262605190277,2.389701722491427,1,5.9204146148678625
1154.3389580249786,2.399890692005709,1,5.914664935123237
1154.4151358604431,2.389701722491427,1,5.9204146148678625
1154.4938342571259,2.399890692005709,1,5.914664935123237
1154.570868730545,2.382059995355707,1,5.924726874676337
1154.665602684021,2.392248964869996,1,5.918977194931707
1154.7437121868134,2.407532419141429,1,5.910352675314762
1154.8353278636932,2.3947962072485645,1,5.917539774995552
1154.914751291275,2.4024379343842845,1,5.913227515187077
1154.9936668872833,2.389701722491427,1,5.9204146148678625
1155.0705571174622,2.3769655105985628,1,5.927601714548652
1155.1484608650208,2.392248964869996,1,5.918977194931707
1155.2264971733093,2.3947962072485645,1,5.917539774995552
1155.3043704032898,2.3795127529771385,1,5.926164294612493
1155.3832249641418,2.389701722491427,1,5.9204146148678625
1155.4742090702057,2.4024379343842845,1,5.913227515187077
1155.5515458583832,2.3871544801128515,1,5.921852034804022
1155.629026889801,2.3947962072485645,1,5.917539774995552
1155.7220261096954,2.389701722491427,1,5.9204146148678625
1155.800931930542,2.4024379343842845,1,5.913227515187077
1155.8779184818268,2.4253631157914306,1,5.900290735761661
1155.955594778061,2.399890692005709,1,5.914664935123237
1156.0343322753906,2.3947962072485645,1,5.917539774995552
1156.1286263465881,2.4177213886557176,1,5.904602995570132
1156.2059116363525,2.399890692005709,1,5.914664935123237
1156.2849588394165,2.4024379343842845,1,5.913227515187077
1156.3621604442596,2.415174146277142,1,5.9060404155062916
1156.4394824504852,2.4126269038985733,1,5.907477835442447
1156.533447265625,2.3947962072485645,1,5.917539774995552
1156.6115181446075,2.39734344962714,1,5.916102355059392
1156.6876606941223,2.3947962072485645,1,5.917539774995552
1156.7665004730225,2.382059995355707,1,5.924726874676337
1156.845561504364,2.399890692005709,1,5.914664935123237
1156.9229590892792,2.3947962072485645,1,5.917539774995552
1157.002227306366,2.389701722491427,1,5.9204146148678625
1157.0795114040375,2.392248964869996,1,5.918977194931707
1157.1717972755432,2.39734344962714,1,5.916102355059392
1157.2974722385406,2.3947962072485645,1,5.917539774995552
1157.4202799797058,2.3871544801128515,1,5.921852034804022
1157.5143275260925,2.399890692005709,1,5.914664935123237
1157.592028617859,2.404985176762853,1,5.911790095250922
1157.6838183403015,2.399890692005709,1,5.914664935123237
1157.7787404060364,2.3947962072485645,1,5.917539774995552
1157.8732929229736,2.4024379343842845,1,5.913227515187077
1157.9682440757751,2.392248964869996,1,5.918977194931707
1158.04563498497,2.3947962072485645,1,5.917539774995552
1158.1240901947021,2.3947962072485645,1,5.917539774995552
1158.2016501426697,2.382059995355707,1,5.924726874676337
1158.3099303245544,2.407532419141429,1,5.910352675314762
1158.4030876159668,2.382059995355707,1,5.924726874676337
1158.4964454174042,2.4024379343842845,1,5.913227515187077
1158.572496175766,2.4100796615199975,1,5.908915255378607
1158.6495912075043,2.392248964869996,1,5.918977194931707
1158.7285809516907,2.39734344962714,1,5.916102355059392
1158.806449174881,2.389701722491427,1,5.9204146148678625
1158.8863017559052,2.389701722491427,1,5.9204146148678625
1158.965505361557,2.39734344962714,1,5.916102355059392
1159.0425231456757,2.4024379343842845,1,5.913227515187077
1159.1502747535706,2.39734344962714,1,5.916102355059392
1159.2287094593048,2.404985176762853,1,5.911790095250922
1159.305876493454,2.3871544801128515,1,5.921852034804022
1159.3849914073944,2.3769655105985628,1,5.927601714548652
1159.4617030620575,2.4024379343842845,1,5.913227515187077
1159.5568282604218,2.399890692005709,1,5.914664935123237
1159.6507503986359,2.404985176762853,1,5.911790095250922
1159.727682352066,2.4024379343842845,1,5.913227515187077
1159.8056290149689,2.404985176762853,1,5.911790095250922
1159.8818833827972,2.392248964869996,1,5.918977194931707
1159.9599759578705,2.3947962072485645,1,5.917539774995552
1160.0389132499695,2.3947962072485645,1,5.917539774995552
1160.115890264511,2.384607237734283,1,5.9232894547401775
1160.2096202373505,2.39734344962714,1,5.916102355059392
1160.3043675422668,2.3871544801128515,1,5.921852034804022
1160.3822457790375,2.389701722491427,1,5.9204146148678625
1160.4582347869873,2.399890692005709,1,5.914664935123237
1160.5362241268158,2.4024379343842845,1,5.913227515187077
1160.615309715271,2.392248964869996,1,5.918977194931707
1160.692496061325,2.407532419141429,1,5.910352675314762
1160.799540758133,2.39734344962714,1,5.916102355059392
1160.8764803409576,2.39734344962714,1,5.916102355059392
1160.9544763565063,2.389701722491427,1,5.9204146148678625
1161.0330820083618,2.3947962072485645,1,5.917539774995552
1161.109852552414,2.39734344962714,1,5.916102355059392
1161.1870510578156,2.389701722491427,1,5.9204146148678625
1161.2647581100464,2.382059995355707,1,5.924726874676337
1161.3408675193787,2.384607237734283,1,5.9232894547401775
1161.4194996356964,2.4024379343842845,1,5.913227515187077
1161.4985048770905,2.3871544801128515,1,5.921852034804022
1161.5756826400757,2.404985176762853,1,5.911790095250922
1161.6536722183228,2.407532419141429,1,5.910352675314762
1161.7324757575989,2.4024379343842845,1,5.913227515187077
1161.8082020282745,2.4100796615199975,1,5.908915255378607
1161.8880198001862,2.407532419141429,1,5.910352675314762
1161.9664313793182,2.39734344962714,1,5.916102355059392
1162.0436463356018,2.4100796615199975,1,5.908915255378607
1162.1207039356232,2.4024379343842845,1,5.913227515187077
1162.1990876197815,2.39734344962714,1,5.916102355059392
1162.2760441303253,2.389701722491427,1,5.9204146148678625
1162.384999036789,2.399890692005709,1,5.914664935123237
1162.463949918747,2.392248964869996,1,5.918977194931707
1162.5400507450104,2.3871544801128515,1,5.921852034804022
1162.6182479858398,2.3947962072485645,1,5.917539774995552
1162.697862148285,2.392248964869996,1,5.918977194931707
1162.77508187294,2.4100796615199975,1,5.908915255378607
1162.8537049293518,2.389701722491427,1,5.9204146148678625
1162.9314465522766,2.39734344962714,1,5.916102355059392
1163.009265422821,2.4024379343842845,1,5.913227515187077
1163.0892207622528,2.4024379343842845,1,5.913227515187077
1163.1655669212341,2.39734344962714,1,5.916102355059392
1163.2429230213165,2.39734344962714,1,5.916102355059392
1163.3203978538513,2.392248964869996,1,5.918977194931707
1163.3986268043518,2.3795127529771385,1,5.926164294612493
1163.475371837616,2.39734344962714,1,5.916102355059392
1163.552625656128,2.4024379343842845,1,5.913227515187077
1163.6295030117035,2.399890692005709,1,5.914664935123237
1163.7046411037445,2.39734344962714,1,5.916102355059392
1163.783354997635,2.389701722491427,1,5.9204146148678625
1163.862176656723,2.399890692005709,1,5.914664935123237
1163.968654870987,2.3947962072485645,1,5.917539774995552
1164.0466358661652,2.3947962072485645,1,5.917539774995552
1164.1240997314453,2.399890692005709,1,5.914664935123237
1164.2184236049652,2.3947962072485645,1,5.917539774995552
1164.295657634735,2.39734344962714,1,5.916102355059392
1164.3715274333954,2.4126269038985733,1,5.907477835442447
1164.4489948749542,2.4024379343842845,1,5.913227515187077
1164.528639793396,2.407532419141429,1,5.910352675314762
1164.6067714691162,2.4126269038985733,1,5.907477835442447
1164.6860251426697,2.415174146277142,1,5.9060404155062916
1164.7659652233124,2.399890692005709,1,5.914664935123237
1164.8440022468567,2.389701722491427,1,5.9204146148678625
1164.9208724498749,2.399890692005709,1,5.914664935123237
1164.9996757507324,2.407532419141429,1,5.910352675314762
1165.0765624046326,2.4024379343842845,1,5.913227515187077
1165.1553893089294,2.4024379343842845,1,5.913227515187077
1165.2330594062805,2.399890692005709,1,5.914664935123237
1165.3262555599213,2.39734344962714,1,5.916102355059392
1165.4026041030884,2.404985176762853,1,5.911790095250922
1165.4807879924774,2.407532419141429,1,5.910352675314762
1165.5732245445251,2.39734344962714,1,5.916102355059392
1165.6497180461884,2.399890692005709,1,5.914664935123237
1165.7279930114746,2.4024379343842845,1,5.913227515187077
1165.8049972057343,2.4100796615199975,1,5.908915255378607
1165.8821108341217,2.4177213886557176,1,5.904602995570132
1165.959276676178,2.3947962072485645,1,5.917539774995552
1166.037005662918,2.392248964869996,1,5.918977194931707
1166.115115404129,2.4024379343842845,1,5.913227515187077
1166.1920156478882,2.39734344962714,1,5.916102355059392
1166.2688908576965,2.3947962072485645,1,5.917539774995552
1166.3478648662567,2.407532419141429,1,5.910352675314762
1166.4256308078766,2.407532419141429,1,5.910352675314762
1166.5173740386963,2.404985176762853,1,5.911790095250922
1166.5960466861725,2.404985176762853,1,5.911790095250922
1166.6759128570557,2.399890692005709,1,5.914664935123237
1166.7518038749695,2.4100796615199975,1,5.908915255378607
1166.8288044929504,2.3947962072485645,1,5.917539774995552
1166.9074544906616,2.39734344962714,1,5.916102355059392
1166.9855904579163,2.407532419141429,1,5.910352675314762
1167.0630362033844,2.4100796615199975,1,5.908915255378607
1167.1704540252686,2.4177213886557176,1,5.904602995570132
1167.2489116191864,2.399890692005709,1,5.914664935123237
1167.3277938365936,2.415174146277142,1,5.9060404155062916
1167.4051525592804,2.4100796615199975,1,5.908915255378607
1167.4845576286316,2.407532419141429,1,5.910352675314762
1167.5615048408508,2.407532419141429,1,5.910352675314762
1167.6387622356415,2.4126269038985733,1,5.907477835442447
1167.7336819171906,2.39734344962714,1,5.916102355059392
1167.8113279342651,2.39734344962714,1,5.916102355059392
1167.8874526023865,2.407532419141429,1,5.910352675314762
1167.9651386737823,2.384607237734283,1,5.9232894547401775
1168.044830083847,2.392248964869996,1,5.918977194931707
1168.1225953102112,2.4126269038985733,1,5.907477835442447
1168.2007174491882,2.39734344962714,1,5.916102355059392
1168.2794592380524,2.4024379343842845,1,5.913227515187077
1168.3571438789368,2.4126269038985733,1,5.907477835442447
1168.4355955123901,2.4100796615199975,1,5.908915255378607
1168.5145056247711,2.4024379343842845,1,5.913227515187077
1168.5906517505646,2.4177213886557176,1,5.904602995570132
1168.6709835529327,2.4126269038985733,1,5.907477835442447
1168.7807221412659,2.3947962072485645,1,5.917539774995552
1168.8566138744354,2.4100796615199975,1,5.908915255378607
1168.9347305297852,2.4100796615199975,1,5.908915255378607
1169.0118398666382,2.389701722491427,1,5.9204146148678625
1169.0896837711334,2.4126269038985733,1,5.907477835442447
1169.1668844223022,2.404985176762853,1,5.911790095250922
1169.2453126907349,2.399890692005709,1,5.914664935123237
1169.3372416496277,2.407532419141429,1,5.910352675314762
1169.4157001972198,2.389701722491427,1,5.9204146148678625
1169.4942252635956,2.392248964869996,1,5.918977194931707
1169.571916103363,2.407532419141429,1,5.910352675314762
1169.6495604515076,2.4177213886557176,1,5.904602995570132
1169.7266800403595,2.3947962072485645,1,5.917539774995552
1169.8048520088196,2.4024379343842845,1,5.913227515187077
1169.882684469223,2.399890692005709,1,5.914664935123237
1169.9599492549896,2.392248964869996,1,5.918977194931707
1170.0380973815918,2.389701722491427,1,5.9204146148678625
1170.11767911911,2.4126269038985733,1,5.907477835442447
1170.1944241523743,2.399890692005709,1,5.914664935123237
1170.2724211215973,2.404985176762853,1,5.911790095250922
1170.3809387683868,2.4024379343842845,1,5.913227515187077
1170.457189798355,2.415174146277142,1,5.9060404155062916
1170.5340366363525,2.404985176762853,1,5.911790095250922
1170.6121470928192,2.39734344962714,1,5.916102355059392
1170.6880767345428,2.4100796615199975,1,5.908915255378607
1170.7660381793976,2.399890692005709,1,5.914664935123237
1170.8443868160248,2.404985176762853,1,5.911790095250922
1170.921410560608,2.4024379343842845,1,5.913227515187077
1171.0002434253693,2.4100796615199975,1,5.908915255378607
1171.0777792930603,2.404985176762853,1,5.911790095250922
1171.1552982330322,2.4024379343842845,1,5.913227515187077
1171.2345373630524,2.399890692005709,1,5.914664935123237
1171.31249666214,2.389701722491427,1,5.9204146148678625
1171.3889746665955,2.422815873412855,1,5.901728155697821
1171.4663755893707,2.4177213886557176,1,5.904602995570132
1171.5430464744568,2.399890692005709,1,5.914664935123237
1171.620109796524,2.399890692005709,1,5.914664935123237
1171.6975934505463,2.4024379343842845,1,5.913227515187077
1171.775024175644,2.4126269038985733,1,5.907477835442447
1171.852537870407,2.407532419141429,1,5.910352675314762
1171.9483907222748,2.399890692005709,1,5.914664935123237
1172.0282275676727,2.407532419141429,1,5.910352675314762
1172.1200242042542,2.399890692005709,1,5.914664935123237
1172.1968319416046,2.392248964869996,1,5.918977194931707
1172.2756428718567,2.404985176762853,1,5.911790095250922
1172.3534007072449,2.415174146277142,1,5.9060404155062916
1172.433009147644,2.4024379343842845,1,5.913227515187077
1172.5096802711487,2.407532419141429,1,5.910352675314762
1172.6015994548798,2.4100796615199975,1,5.908915255378607
1172.6797542572021,2.4024379343842845,1,5.913227515187077
1172.7586460113525,2.4126269038985733,1,5.907477835442447
1172.834886789322,2.4126269038985733,1,5.907477835442447
1172.9146950244904,2.384607237734283,1,5.9232894547401775
1172.9932222366333,2.399890692005709,1,5.914664935123237
1173.0710146427155,2.3947962072485645,1,5.917539774995552
1173.150019645691,2.407532419141429,1,5.910352675314762
1173.2258381843567,2.389701722491427,1,5.9204146148678625
1173.3023948669434,2.399890692005709,1,5.914664935123237
1173.3806750774384,2.4024379343842845,1,5.913227515187077
1173.457979440689,2.407532419141429,1,5.910352675314762
1173.5492007732391,2.4100796615199975,1,5.908915255378607
1173.6271908283234,2.392248964869996,1,5.918977194931707
1173.7031857967377,2.404985176762853,1,5.911790095250922
1173.7816324234009,2.3947962072485645,1,5.917539774995552
1173.8601076602936,2.3871544801128515,1,5.921852034804022
1173.936373949051,2.4126269038985733,1,5.907477835442447
1174.0153291225433,2.4126269038985733,1,5.907477835442447
1174.0943388938904,2.389701722491427,1,5.9204146148678625
1174.1728703975677,2.4024379343842845,1,5.913227515187077
1174.2506985664368,2.4126269038985733,1,5.907477835442447
1174.3284838199615,2.404985176762853,1,5.911790095250922
1174.4044070243835,2.415174146277142,1,5.9060404155062916
1174.4834315776825,2.415174146277142,1,5.9060404155062916
1174.5780231952667,2.4024379343842845,1,5.913227515187077
1174.6558017730713,2.407532419141429,1,5.910352675314762
1174.7330131530762,2.4126269038985733,1,5.907477835442447
1174.8113877773285,2.399890692005709,1,5.914664935123237
1174.8875801563263,2.4202686310342862,1,5.9031655756339765
1174.965338230133,2.4126269038985733,1,5.907477835442447
1175.0433659553528,2.404985176762853,1,5.911790095250922
1175.1362526416779,2.415174146277142,1,5.9060404155062916
1175.2143988609314,2.4177213886557176,1,5.904602995570132
1175.2921748161316,2.3947962072485645,1,5.917539774995552
1175.3693823814392,2.4126269038985733,1,5.907477835442447
1175.4478859901428,2.4126269038985733,1,5.907477835442447
1175.5269601345062,2.392248964869996,1,5.918977194931707
1175.6049938201904,2.4100796615199975,1,5.908915255378607
1175.6835551261902,2.4126269038985733,1,5.907477835442447
1175.7633469104767,2.39734344962714,1,5.916102355059392
1175.841209411621,2.399890692005709,1,5.914664935123237
1175.9187998771667,2.4024379343842845,1,5.913227515187077
1175.9979746341705,2.399890692005709,1,5.914664935123237
1176.0740439891815,2.404985176762853,1,5.911790095250922
1176.1515171527863,2.4100796615199975,1,5.908915255378607
1176.2302737236023,2.3947962072485645,1,5.917539774995552
1176.3076088428497,2.39734344962714,1,5.916102355059392
1176.4000647068024,2.407532419141429,1,5.910352675314762
1176.492872953415,2.4202686310342862,1,5.9031655756339765
1176.5859189033508,2.4100796615199975,1,5.908915255378607
1176.6657061576843,2.4126269038985733,1,5.907477835442447
1176.7885999679565,2.399890692005709,1,5.914664935123237
1176.8953268527985,2.4024379343842845,1,5.913227515187077
1176.9719557762146,2.3947962072485645,1,5.917539774995552
1177.0487389564514,2.4024379343842845,1,5.913227515187077
1177.1255567073822,2.389701722491427,1,5.9204146148678625
1177.202392578125,2.407532419141429,1,5.910352675314762
1177.2821791172028,2.39734344962714,1,5.916102355059392
1177.3598210811615,2.3947962072485645,1,5.917539774995552
1177.4526131153107,2.4126269038985733,1,5.907477835442447
1177.5314059257507,2.404985176762853,1,5.911790095250922
1177.6097931861877,2.399890692005709,1,5.914664935123237
1177.6861922740936,2.4100796615199975,1,5.908915255378607
1177.7627873420715,2.4024379343842845,1,5.913227515187077
1177.840885400772,2.4100796615199975,1,5.908915255378607
1177.9175734519958,2.4126269038985733,1,5.907477835442447
1177.9960308074951,2.399890692005709,1,5.914664935123237
1178.075166463852,2.404985176762853,1,5.911790095250922
1178.1520593166351,2.415174146277142,1,5.9060404155062916
1178.231120109558,2.4126269038985733,1,5.907477835442447
1178.3094282150269,2.404985176762853,1,5.911790095250922
1178.4179854393005,2.415174146277142,1,5.9060404155062916
1178.4964118003845,2.4202686310342862,1,5.9031655756339765
1178.575716972351,2.407532419141429,1,5.910352675314762
1178.6525430679321,2.4279103581699992,1,5.898853315825506
1178.7311792373657,2.4177213886557176,1,5.904602995570132
1178.8083519935608,2.407532419141429,1,5.910352675314762
1178.8854541778564,2.4126269038985733,1,5.907477835442447
1178.9651317596436,2.4100796615199975,1,5.908915255378607
1179.0442407131195,2.404985176762853,1,5.911790095250922
1179.1210963726044,2.4177213886557176,1,5.904602995570132
1179.2009913921356,2.407532419141429,1,5.910352675314762
1179.2794630527496,2.3947962072485645,1,5.917539774995552
1179.3556501865387,2.4279103581699992,1,5.898853315825506
1179.435534954071,2.4024379343842845,1,5.913227515187077
1179.5130546092987,2.399890692005709,1,5.914664935123237
1179.5911993980408,2.4024379343842845,1,5.913227515187077
1179.6686844825745,2.422815873412855,1,5.901728155697821
1179.7466614246368,2.4126269038985733,1,5.907477835442447
1179.8232080936432,2.4279103581699992,1,5.898853315825506
1179.9018626213074,2.4253631157914306,1,5.900290735761661
1179.9958941936493,2.4126269038985733,1,5.907477835442447
1180.0739765167236,2.422815873412855,1,5.901728155697821
1180.1669404506683,2.4126269038985733,1,5.907477835442447
1180.2457296848297,2.4100796615199975,1,5.908915255378607
1180.339637041092,2.4100796615199975,1,5.908915255378607
1180.417626619339,2.4100796615199975,1,5.908915255378607
1180.494716644287,2.407532419141429,1,5.910352675314762
1180.5727753639221,2.4100796615199975,1,5.908915255378607
1180.6507802009583,2.422815873412855,1,5.901728155697821
1180.7275836467743,2.399890692005709,1,5.914664935123237
1180.80757522583,2.4100796615199975,1,5.908915255378607
1180.8860199451447,2.4202686310342862,1,5.9031655756339765
1180.9618854522705,2.404985176762853,1,5.911790095250922
1181.0399661064148,2.4177213886557176,1,5.904602995570132
1181.119139432907,2.407532419141429,1,5.910352675314762
1181.1951858997345,2.4177213886557176,1,5.904602995570132
1181.273874759674,2.399890692005709,1,5.914664935123237
1181.3516659736633,2.4177213886557176,1,5.904602995570132
1181.4294571876526,2.4202686310342862,1,5.9031655756339765
1181.521648645401,2.4126269038985733,1,5.907477835442447
1181.630402803421,2.39734344962714,1,5.916102355059392
1181.7231492996216,2.4024379343842845,1,5.913227515187077
1181.8139095306396,2.4202686310342862,1,5.9031655756339765
1181.904672384262,2.4177213886557176,1,5.904602995570132
1181.9839344024658,2.4126269038985733,1,5.907477835442447
1182.0766859054565,2.407532419141429,1,5.910352675314762
1182.1531474590302,2.415174146277142,1,5.9060404155062916
1182.2458992004395,2.415174146277142,1,5.9060404155062916
1182.323691368103,2.407532419141429,1,5.910352675314762
1182.416443824768,2.4126269038985733,1,5.907477835442447
1182.52650308609,2.407532419141429,1,5.910352675314762
1182.6502921581268,2.404985176762853,1,5.911790095250922
1182.7446157932281,2.415174146277142,1,5.9060404155062916
1182.8510789871216,2.4177213886557176,1,5.904602995570132
1182.9458203315735,2.4126269038985733,1,5.907477835442447
1183.0525362491608,2.4202686310342862,1,5.9031655756339765
1183.1582531929016,2.4024379343842845,1,5.913227515187077
1183.2666292190552,2.4202686310342862,1,5.9031655756339765
1183.3440070152283,2.4279103581699992,1,5.898853315825506
1183.4219846725464,2.4024379343842845,1,5.913227515187077
1183.5319464206696,2.422815873412855,1,5.901728155697821
1183.611332654953,2.407532419141429,1,5.910352675314762
1183.6908657550812,2.4024379343842845,1,5.913227515187077
1183.783718585968,2.4253631157914306,1,5.900290735761661
1183.8613450527191,2.407532419141429,1,5.910352675314762
1183.9382545948029,2.4100796615199975,1,5.908915255378607
1184.017166852951,2.4279103581699992,1,5.898853315825506
1184.0941696166992,2.415174146277142,1,5.9060404155062916
1184.1731612682343,2.4126269038985733,1,5.907477835442447
1184.2495193481445,2.4202686310342862,1,5.9031655756339765
1184.3266716003418,2.4024379343842845,1,5.913227515187077
1184.4041466712952,2.407532419141429,1,5.910352675314762
1184.4809784889221,2.415174146277142,1,5.9060404155062916
1184.5573241710663,2.4126269038985733,1,5.907477835442447
1184.6367259025574,2.407532419141429,1,5.910352675314762
1184.714430809021,2.4100796615199975,1,5.908915255378607
1184.7919266223907,2.4126269038985733,1,5.907477835442447
1184.870492696762,2.4126269038985733,1,5.907477835442447
1184.9632577896118,2.4126269038985733,1,5.907477835442447
1185.042509317398,2.407532419141429,1,5.910352675314762
1185.136562347412,2.404985176762853,1,5.911790095250922
1185.2130494117737,2.4100796615199975,1,5.908915255378607
1185.2911038398743,2.4177213886557176,1,5.904602995570132
1185.3706302642822,2.4126269038985733,1,5.907477835442447
1185.447539806366,2.407532419141429,1,5.910352675314762
1185.5250329971313,2.399890692005709,1,5.914664935123237
1185.6030802726746,2.404985176762853,1,5.911790095250922
1185.6805102825165,2.4202686310342862,1,5.9031655756339765
1185.7584884166718,2.389701722491427,1,5.9204146148678625
1185.836103439331,2.404985176762853,1,5.911790095250922
1185.9121203422546,2.415174146277142,1,5.9060404155062916
1185.9894785881042,2.407532419141429,1,5.910352675314762
1186.0702538490295,2.407532419141429,1,5.910352675314762
1186.1441688537598,2.407532419141429,1,5.910352675314762
1186.2207460403442,2.415174146277142,1,5.9060404155062916
1186.2997839450836,2.4177213886557176,1,5.904602995570132
1186.3753063678741,2.407532419141429,1,5.910352675314762
1186.4531791210175,2.4100796615199975,1,5.908915255378607
1186.5320751667023,2.399890692005709,1,5.914664935123237
1186.6090395450592,2.399890692005709,1,5.914664935123237
1186.7037379741669,2.4126269038985733,1,5.907477835442447
1186.7813811302185,2.4100796615199975,1,5.908915255378607
1186.8589584827423,2.4100796615199975,1,5.908915255378607
1186.9532253742218,2.415174146277142,1,5.9060404155062916
1187.044653892517,2.407532419141429,1,5.910352675314762
1187.1226065158844,2.4126269038985733,1,5.907477835442447
1187.1994013786316,2.399890692005709,1,5.914664935123237
1187.3056592941284,2.4024379343842845,1,5.913227515187077
1187.383027791977,2.404985176762853,1,5.911790095250922
1187.4609620571136,2.39734344962714,1,5.916102355059392
1187.53733086586,2.4126269038985733,1,5.907477835442447
1187.6149382591248,2.415174146277142,1,5.9060404155062916
1187.69402551651,2.4126269038985733,1,5.907477835442447
1187.7706484794617,2.4024379343842845,1,5.913227515187077
1187.848820924759,2.4177213886557176,1,5.904602995570132
1187.9281346797943,2.404985176762853,1,5.911790095250922
1188.0050115585327,2.404985176762853,1,5.911790095250922
1188.098762512207,2.415174146277142,1,5.9060404155062916
1188.1887412071228,2.407532419141429,1,5.910352675314762
1188.266559123993,2.4202686310342862,1,5.9031655756339765
1188.3761267662048,2.4202686310342862,1,5.9031655756339765
1188.4540655612946,2.407532419141429,1,5.910352675314762
1188.5324432849884,2.4126269038985733,1,5.907477835442447
1188.6104092597961,2.415174146277142,1,5.9060404155062916
1188.6872339248657,2.404985176762853,1,5.911790095250922
1188.765480041504,2.422815873412855,1,5.901728155697821
1188.8584322929382,2.399890692005709,1,5.914664935123237
1188.9368195533752,2.422815873412855,1,5.901728155697821
1189.0127618312836,2.4253631157914306,1,5.900290735761661
1189.1075375080109,2.4100796615199975,1,5.908915255378607
1189.1866300106049,2.4177213886557176,1,5.904602995570132
1189.280434846878,2.4177213886557176,1,5.904602995570132
1189.355435371399,2.415174146277142,1,5.9060404155062916
1189.4333491325378,2.4253631157914306,1,5.900290735761661
1189.5132012367249,2.4253631157914306,1,5.900290735761661
1189.5909729003906,2.4202686310342862,1,5.9031655756339765
1189.6703732013702,2.422815873412855,1,5.901728155697821
1189.7488305568695,2.4177213886557176,1,5.904602995570132
1189.8263807296753,2.4100796615199975,1,5.908915255378607
1189.904544353485,2.4126269038985733,1,5.907477835442447
1189.9997208118439,2.4126269038985733,1,5.907477835442447
1190.076500415802,2.422815873412855,1,5.901728155697821
1190.155177116394,2.4126269038985733,1,5.907477835442447
1190.2316148281097,2.4279103581699992,1,5.898853315825506
1190.3091037273407,2.4253631157914306,1,5.900290735761661
1190.386302947998,2.407532419141429,1,5.910352675314762
1190.4633932113647,2.422815873412855,1,5.901728155697821
1190.539954662323,2.39734344962714,1,5.916102355059392
1190.6197509765625,2.4177213886557176,1,5.904602995570132
1190.6977446079254,2.407532419141429,1,5.910352675314762
1190.7749021053314,2.4126269038985733,1,5.907477835442447
1190.8525862693787,2.415174146277142,1,5.9060404155062916
1190.9455807209015,2.4202686310342862,1,5.9031655756339765
1191.0225939750671,2.399890692005709,1,5.914664935123237
1191.099753856659,2.4177213886557176,1,5.904602995570132
1191.1795725822449,2.4177213886557176,1,5.904602995570132
1191.2567331790924,2.399890692005709,1,5.914664935123237
1191.3340427875519,2.415174146277142,1,5.9060404155062916
1191.4118106365204,2.4177213886557176,1,5.904602995570132
1191.488821029663,2.399890692005709,1,5.914664935123237
1191.5967795848846,2.4330048429271436,1,5.895978475953191
1191.6752309799194,2.407532419141429,1,5.910352675314762
1191.7511518001556,2.4024379343842845,1,5.913227515187077
1191.8299415111542,2.422815873412855,1,5.901728155697821
1191.9202587604523,2.4177213886557176,1,5.904602995570132
1191.9979226589203,2.4126269038985733,1,5.907477835442447
1192.0756607055664,2.4126269038985733,1,5.907477835442447
1192.152012348175,2.4100796615199975,1,5.908915255378607
1192.2307796478271,2.430457600548575,1,5.897415895889346
1192.308655500412,2.4177213886557176,1,5.904602995570132
1192.3856341838837,2.4100796615199975,1,5.908915255378607
1192.4643404483795,2.430457600548575,1,5.897415895889346
1192.543521642685,2.415174146277142,1,5.9060404155062916
1192.6199355125427,2.4126269038985733,1,5.907477835442447
1192.6980438232422,2.422815873412855,1,5.901728155697821
1192.7756643295288,2.4126269038985733,1,5.907477835442447
1192.8515133857727,2.407532419141429,1,5.910352675314762
1192.9443819522858,2.4126269038985733,1,5.907477835442447
1193.021727323532,2.4202686310342862,1,5.9031655756339765
1193.0991158485413,2.4202686310342862,1,5.9031655756339765
1193.193036556244,2.422815873412855,1,5.901728155697821
1193.2704162597656,2.4177213886557176,1,5.904602995570132
1193.3459658622742,2.4253631157914306,1,5.900290735761661
1193.4233465194702,2.4177213886557176,1,5.904602995570132
1193.500995874405,2.399890692005709,1,5.914664935123237
1193.5777645111084,2.4177213886557176,1,5.904602995570132
1193.654099225998,2.4177213886557176,1,5.904602995570132
1193.733757019043,2.4126269038985733,1,5.907477835442447
1193.8093831539154,2.422815873412855,1,5.901728155697821
1193.8883748054504,2.415174146277142,1,5.9060404155062916
1193.9667422771454,2.4126269038985733,1,5.907477835442447
1194.044442653656,2.422815873412855,1,5.901728155697821
1194.1376354694366,2.399890692005709,1,5.914664935123237
1194.2284388542175,2.422815873412855,1,5.901728155697821
1194.3072667121887,2.4100796615199975,1,5.908915255378607
1194.3867483139038,2.4202686310342862,1,5.9031655756339765
1194.4656569957733,2.4177213886557176,1,5.904602995570132
1194.5434687137604,2.415174146277142,1,5.9060404155062916
1194.6213793754578,2.422815873412855,1,5.901728155697821
1194.6976952552795,2.415174146277142,1,5.9060404155062916
1194.7915325164795,2.4253631157914306,1,5.900290735761661
1194.8694376945496,2.4202686310342862,1,5.9031655756339765
1194.945784330368,2.407532419141429,1,5.910352675314762
1195.0388882160187,2.4126269038985733,1,5.907477835442447
1195.1176805496216,2.39734344962714,1,5.916102355059392
1195.196469783783,2.4330048429271436,1,5.895978475953191
1195.2720665931702,2.39734344962714,1,5.916102355059392
1195.350810289383,2.4126269038985733,1,5.907477835442447
1195.4284970760345,2.415174146277142,1,5.9060404155062916
1195.5067646503448,2.4279103581699992,1,5.898853315825506
1195.585997581482,2.407532419141429,1,5.910352675314762
1195.6619699001312,2.4202686310342862,1,5.9031655756339765
1195.740972518921,2.415174146277142,1,5.9060404155062916
1195.8208577632904,2.407532419141429,1,5.910352675314762
1195.8976471424103,2.4202686310342862,1,5.9031655756339765
1195.9770238399506,2.4253631157914306,1,5.900290735761661
1196.0707767009735,2.4100796615199975,1,5.908915255378607
1196.1625576019287,2.4126269038985733,1,5.907477835442447
1196.2712666988373,2.4126269038985733,1,5.907477835442447
1196.3636238574982,2.4202686310342862,1,5.9031655756339765
1196.4742755889893,2.4100796615199975,1,5.908915255378607
1196.550431728363,2.4024379343842845,1,5.913227515187077
1196.6272265911102,2.4126269038985733,1,5.907477835442447
1196.704021692276,2.407532419141429,1,5.910352675314762
1196.7967734336853,2.4126269038985733,1,5.907477835442447
1196.8905227184296,2.422815873412855,1,5.901728155697821
1196.9842720031738,2.4100796615199975,1,5.908915255378607
1197.0620636940002,2.422815873412855,1,5.901728155697821
1197.1398558616638,2.4202686310342862,1,5.9031655756339765
1197.2176778316498,2.4024379343842845,1,5.913227515187077
1197.2951254844666,2.4100796615199975,1,5.908915255378607
1197.388875246048,2.4202686310342862,1,5.9031655756339765
1197.4846222400665,2.404985176762853,1,5.911790095250922
1197.5783689022064,2.4253631157914306,1,5.900290735761661
1197.657157421112,2.415174146277142,1,5.9060404155062916
1197.7349860668182,2.4100796615199975,1,5.908915255378607
1197.8267617225647,2.430457600548575,1,5.897415895889346
1197.9035696983337,2.4100796615199975,1,5.908915255378607
1197.981333732605,2.415174146277142,1,5.9060404155062916
1198.088962316513,2.415174146277142,1,5.9060404155062916
1198.214548110962,2.4177213886557176,1,5.904602995570132
1198.2940347194672,2.422815873412855,1,5.901728155697821
1198.372853755951,2.4177213886557176,1,5.904602995570132
1198.466164112091,2.4126269038985733,1,5.907477835442447
1198.5605931282043,2.4355520853057193,1,5.894541056017031
1198.668108701706,2.407532419141429,1,5.910352675314762
1198.7752749919891,2.4253631157914306,1,5.900290735761661
1198.8690741062164,2.407532419141429,1,5.910352675314762
1198.9600610733032,2.4253631157914306,1,5.900290735761661
1199.05366563797,2.4126269038985733,1,5.907477835442447
1199.1462123394012,2.430457600548575,1,5.897415895889346
1199.2260210514069,2.430457600548575,1,5.897415895889346
1199.30526804924,2.4202686310342862,1,5.9031655756339765
1199.3823065757751,2.4177213886557176,1,5.904602995570132
1199.4620740413666,2.430457600548575,1,5.897415895889346
1199.5409352779388,2.422815873412855,1,5.901728155697821
1199.6186919212341,2.4126269038985733,1,5.907477835442447
1199.6961801052094,2.4126269038985733,1,5.907477835442447
1199.7742404937744,2.415174146277142,1,5.9060404155062916
1199.8829293251038,2.4202686310342862,1,5.9031655756339765
1199.9925513267517,2.4330048429271436,1,5.895978475953191
1200.0695729255676,2.4202686310342862,1,5.9031655756339765
1200.1463816165924,2.422815873412855,1,5.901728155697821
1200.2256307601929,2.415174146277142,1,5.9060404155062916
1200.3034343719482,2.4177213886557176,1,5.904602995570132
1200.381805896759,2.4126269038985733,1,5.907477835442447
1200.461392402649,2.4279103581699992,1,5.898853315825506
1200.5408444404602,2.4279103581699992,1,5.898853315825506
1200.6187121868134,2.4024379343842845,1,5.913227515187077
1200.6967301368713,2.407532419141429,1,5.910352675314762
1200.7757534980774,2.430457600548575,1,5.897415895889346
1200.8539798259735,2.4177213886557176,1,5.904602995570132
1200.9327900409698,2.4100796615199975,1,5.908915255378607
1201.0105845928192,2.4330048429271436,1,5.895978475953191
1201.0887944698334,2.4177213886557176,1,5.904602995570132
1201.1678190231323,2.415174146277142,1,5.9060404155062916
1201.2590954303741,2.430457600548575,1,5.897415895889346
1201.3513622283936,2.4202686310342862,1,5.9031655756339765
1201.4461507797241,2.4202686310342862,1,5.9031655756339765
1201.5231683254242,2.4253631157914306,1,5.900290735761661
1201.6325318813324,2.4126269038985733,1,5.907477835442447
1201.7103235721588,2.430457600548575,1,5.897415895889346
1201.7881157398224,2.4330048429271436,1,5.895978475953191
1201.8649108409882,2.4177213886557176,1,5.904602995570132
1201.9427342414856,2.399890692005709,1,5.914664935123237
1202.0185358524323,2.4202686310342862,1,5.9031655756339765
1202.0965766906738,2.4202686310342862,1,5.9031655756339765
1202.173939704895,2.4279103581699992,1,5.898853315825506
1202.2682435512543,2.415174146277142,1,5.9060404155062916
1202.34681558609,2.4330048429271436,1,5.895978475953191
1202.4251770973206,2.422815873412855,1,5.901728155697821
1202.5040109157562,2.4177213886557176,1,5.904602995570132
1202.5821471214294,2.4100796615199975,1,5.908915255378607
1202.6587772369385,2.4253631157914306,1,5.900290735761661
1202.7367098331451,2.4355520853057193,1,5.894541056017031
1202.8150086402893,2.4330048429271436,1,5.895978475953191
1202.8918101787567,2.4406465700628637,1,5.891666216144716
1202.9705197811127,2.4279103581699992,1,5.898853315825506
1203.0662586688995,2.422815873412855,1,5.901728155697821
1203.1590099334717,2.430457600548575,1,5.897415895889346
1203.2986371517181,2.4279103581699992,1,5.898853315825506
1203.3909449577332,2.430457600548575,1,5.897415895889346
1203.4690442085266,2.4355520853057193,1,5.894541056017031
1203.5468468666077,2.4253631157914306,1,5.900290735761661
1203.6386411190033,2.4253631157914306,1,5.900290735761661
1203.7179703712463,2.4279103581699992,1,5.898853315825506
1203.7964556217194,2.4177213886557176,1,5.904602995570132
1203.873347043991,2.422815873412855,1,5.901728155697821
1203.9521372318268,2.4279103581699992,1,5.898853315825506
1204.029268026352,2.422815873412855,1,5.901728155697821
1204.1064898967743,2.4177213886557176,1,5.904602995570132
1204.1840512752533,2.430457600548575,1,5.897415895889346
1204.2628245353699,2.4177213886557176,1,5.904602995570132
1204.3559687137604,2.4279103581699992,1,5.898853315825506
1204.4344110488892,2.4177213886557176,1,5.904602995570132
1204.5271883010864,2.4177213886557176,1,5.904602995570132
1204.6052749156952,2.415174146277142,1,5.9060404155062916
1204.6837377548218,2.4202686310342862,1,5.9031655756339765
1204.760806798935,2.4100796615199975,1,5.908915255378607
1204.8395240306854,2.4126269038985733,1,5.907477835442447
1204.9641666412354,2.4177213886557176,1,5.904602995570132
1205.0558819770813,2.415174146277142,1,5.9060404155062916
1205.1338160037994,2.422815873412855,1,5.901728155697821
1205.212577342987,2.415174146277142,1,5.9060404155062916
1205.3055367469788,2.4100796615199975,1,5.908915255378607
1205.3854720592499,2.4126269038985733,1,5.907477835442447
1205.4629578590393,2.4100796615199975,1,5.908915255378607
1205.540874004364,2.415174146277142,1,5.9060404155062916
1205.6336240768433,2.4126269038985733,1,5.907477835442447
1205.7105536460876,2.39734344962714,1,5.916102355059392
1205.7896437644958,2.422815873412855,1,5.901728155697821
1205.86944937706,2.4177213886557176,1,5.904602995570132
1205.9467446804047,2.4202686310342862,1,5.9031655756339765
1206.0266523361206,2.399890692005709,1,5.914664935123237
1206.1059868335724,2.4202686310342862,1,5.9031655756339765
1206.1829996109009,2.4126269038985733,1,5.907477835442447
1206.2617053985596,2.415174146277142,1,5.9060404155062916
1206.341492652893,2.4126269038985733,1,5.907477835442447
1206.419329404831,2.4253631157914306,1,5.900290735761661
1206.498074054718,2.404985176762853,1,5.911790095250922
1206.608191728592,2.4126269038985733,1,5.907477835442447
1206.6850669384003,2.407532419141429,1,5.910352675314762
1206.7639169692993,2.4100796615199975,1,5.908915255378607
1206.8405482769012,2.422815873412855,1,5.901728155697821
1206.9172885417938,2.4177213886557176,1,5.904602995570132
1206.9951140880585,2.4100796615199975,1,5.908915255378607
1207.0722391605377,2.4202686310342862,1,5.9031655756339765
1207.1489267349243,2.407532419141429,1,5.910352675314762
1207.226711988449,2.3947962072485645,1,5.917539774995552
1207.3050284385681,2.4100796615199975,1,5.908915255378607
1207.3821086883545,2.4126269038985733,1,5.907477835442447
1207.4601337909698,2.407532419141429,1,5.910352675314762
1207.5369665622711,2.4126269038985733,1,5.907477835442447
1207.613968372345,2.399890692005709,1,5.914664935123237
1207.6916666030884,2.4100796615199975,1,5.908915255378607
1207.7696866989136,2.4126269038985733,1,5.907477835442447
1207.859760761261,2.407532419141429,1,5.910352675314762
1207.9372818470001,2.4126269038985733,1,5.907477835442447
1208.0148043632507,2.4024379343842845,1,5.913227515187077
1208.0927860736847,2.4100796615199975,1,5.908915255378607
1208.2007040977478,2.4177213886557176,1,5.904602995570132
1208.2776198387146,2.4126269038985733,1,5.907477835442447
1208.356940984726,2.4202686310342862,1,5.9031655756339765
1208.433761358261,2.404985176762853,1,5.911790095250922
1208.5107283592224,2.4177213886557176,1,5.904602995570132
1208.587922334671,2.4126269038985733,1,5.907477835442447
1208.6652088165283,2.399890692005709,1,5.914664935123237
1208.7410118579865,2.407532419141429,1,5.910352675314762
1208.8196744918823,2.415174146277142,1,5.9060404155062916
1208.8989117145538,2.4100796615199975,1,5.908915255378607
1208.9756956100464,2.4126269038985733,1,5.907477835442447
1209.0535464286804,2.4253631157914306,1,5.900290735761661
1209.1330285072327,2.4253631157914306,1,5.900290735761661
1209.2100365161896,2.4126269038985733,1,5.907477835442447
1209.3029789924622,2.422815873412855,1,5.901728155697821
1209.3828270435333,2.430457600548575,1,5.897415895889346
1209.4598886966705,2.4202686310342862,1,5.9031655756339765
1209.5381598472595,2.4126269038985733,1,5.907477835442447
1209.6159613132477,2.4202686310342862,1,5.9031655756339765
1209.6939024925232,2.4100796615199975,1,5.908915255378607
1209.802686214447,2.4355520853057193,1,5.894541056017031
1209.880656003952,2.4253631157914306,1,5.900290735761661
1209.9569492340088,2.415174146277142,1,5.9060404155062916
1210.0347797870636,2.4253631157914306,1,5.900290735761661
1210.1145899295807,2.422815873412855,1,5.901728155697821
1210.1919875144958,2.407532419141429,1,5.910352675314762
1210.2718205451965,2.415174146277142,1,5.9060404155062916
1210.347825050354,2.4100796615199975,1,5.908915255378607
1210.42484998703,2.4126269038985733,1,5.907477835442447
1210.5172047615051,2.4202686310342862,1,5.9031655756339765
1210.5949113368988,2.407532419141429,1,5.910352675314762
1210.672841310501,2.4177213886557176,1,5.904602995570132
1210.750614643097,2.4177213886557176,1,5.904602995570132
1210.8427200317383,2.422815873412855,1,5.901728155697821
1210.9205090999603,2.4279103581699992,1,5.898853315825506
1210.9994699954987,2.430457600548575,1,5.897415895889346
1211.0766472816467,2.422815873412855,1,5.901728155697821
1211.1554205417633,2.4330048429271436,1,5.895978475953191
1211.234248161316,2.4431938124414323,1,5.890228796208561
1211.3280084133148,2.4431938124414323,1,5.890228796208561
1211.421998500824,2.430457600548575,1,5.897415895889346
1211.4983353614807,2.4482882971985767,1,5.887353956336246
1211.5743458271027,2.422815873412855,1,5.901728155697821
1211.6521470546722,2.4431938124414323,1,5.890228796208561
1211.7300803661346,2.4431938124414323,1,5.890228796208561
1211.8062443733215,2.4355520853057193,1,5.894541056017031
1211.8851897716522,2.4355520853057193,1,5.894541056017031
1211.9643425941467,2.4253631157914306,1,5.900290735761661
1212.040684223175,2.4330048429271436,1,5.895978475953191
1212.1188995838165,2.438099327684288,1,5.893103636080876
1212.1959719657898,2.4253631157914306,1,5.900290735761661
1212.272617340088,2.4355520853057193,1,5.894541056017031
1212.3509876728058,2.4355520853057193,1,5.894541056017031
1212.4305982589722,2.4406465700628637,1,5.891666216144716
1212.5241935253143,2.4508355395771453,1,5.8859165364000905
1212.6033506393433,2.4508355395771453,1,5.8859165364000905
1212.6808848381042,2.4330048429271436,1,5.895978475953191
1212.7581722736359,2.4279103581699992,1,5.898853315825506
1212.8371164798737,2.4330048429271436,1,5.895978475953191
1212.9162876605988,2.4482882971985767,1,5.887353956336246
1213.0098593235016,2.4202686310342862,1,5.9031655756339765
1213.089039325714,2.422815873412855,1,5.901728155697821
1213.1672327518463,2.4330048429271436,1,5.895978475953191
1213.2446119785309,2.4253631157914306,1,5.900290735761661
1213.3232429027557,2.4253631157914306,1,5.900290735761661
1213.4004955291748,2.422815873412855,1,5.901728155697821
1213.4799757003784,2.4330048429271436,1,5.895978475953191
1213.5730035305023,2.4177213886557176,1,5.904602995570132
1213.6650195121765,2.4330048429271436,1,5.895978475953191
1213.7419905662537,2.430457600548575,1,5.897415895889346
1213.8206305503845,2.438099327684288,1,5.893103636080876
1213.896802663803,2.438099327684288,1,5.893103636080876
1213.9746487140656,2.4177213886557176,1,5.904602995570132
1214.0520133972168,2.4253631157914306,1,5.900290735761661
1214.1293840408325,2.430457600548575,1,5.897415895889346
1214.2060542106628,2.415174146277142,1,5.9060404155062916
1214.285101890564,2.422815873412855,1,5.901728155697821
1214.362090587616,2.4100796615199975,1,5.908915255378607
1214.4400081634521,2.4279103581699992,1,5.898853315825506
1214.5167660713196,2.4330048429271436,1,5.895978475953191
1214.6241102218628,2.422815873412855,1,5.901728155697821
1214.701955318451,2.4253631157914306,1,5.900290735761661
1214.7817451953888,2.4253631157914306,1,5.900290735761661
1214.8587789535522,2.422815873412855,1,5.901728155697821
1214.9378645420074,2.4355520853057193,1,5.894541056017031
1215.0140867233276,2.438099327684288,1,5.893103636080876
1215.0917663574219,2.438099327684288,1,5.893103636080876
1215.1697483062744,2.4330048429271436,1,5.895978475953191
1215.248806476593,2.438099327684288,1,5.893103636080876
1215.325748205185,2.4177213886557176,1,5.904602995570132
1215.4030630588531,2.430457600548575,1,5.897415895889346
1215.4818239212036,2.4330048429271436,1,5.895978475953191
1215.558373451233,2.4330048429271436,1,5.895978475953191
1215.6372239589691,2.422815873412855,1,5.901728155697821
1215.715743780136,2.430457600548575,1,5.897415895889346
1215.7930600643158,2.438099327684288,1,5.893103636080876
1215.8716065883636,2.430457600548575,1,5.897415895889346
1215.9495732784271,2.4482882971985767,1,5.887353956336246
1216.026303768158,2.4253631157914306,1,5.900290735761661
1216.1044034957886,2.4355520853057193,1,5.894541056017031
1216.1980028152466,2.4355520853057193,1,5.894541056017031
1216.2759504318237,2.4355520853057193,1,5.894541056017031
1216.3540363311768,2.4330048429271436,1,5.895978475953191
1216.433023929596,2.4406465700628637,1,5.891666216144716
1216.5095863342285,2.438099327684288,1,5.893103636080876
1216.5861690044403,2.4330048429271436,1,5.895978475953191
1216.6636259555817,2.4482882971985767,1,5.887353956336246
1216.7406907081604,2.438099327684288,1,5.893103636080876
1216.818655014038,2.4406465700628637,1,5.891666216144716
1216.8976802825928,2.4355520853057193,1,5.894541056017031
1216.9731476306915,2.4355520853057193,1,5.894541056017031
1217.052936077118,2.4431938124414323,1,5.890228796208561
1217.131742477417,2.438099327684288,1,5.893103636080876
1217.2083580493927,2.4202686310342862,1,5.9031655756339765
1217.2861337661743,2.4330048429271436,1,5.895978475953191
1217.3638694286346,2.4482882971985767,1,5.887353956336246
1217.4407377243042,2.4330048429271436,1,5.895978475953191
1217.518464565277,2.4482882971985767,1,5.887353956336246
1217.5973732471466,2.445741054820008,1,5.888791376272401
1217.674167394638,2.4355520853057193,1,5.894541056017031
1217.782974243164,2.438099327684288,1,5.893103636080876
1217.858720779419,2.430457600548575,1,5.897415895889346
1217.9363610744476,2.4406465700628637,1,5.891666216144716
1218.014368057251,2.438099327684288,1,5.893103636080876
1218.0907802581787,2.4253631157914306,1,5.900290735761661
1218.1700041294098,2.430457600548575,1,5.897415895889346
1218.249226808548,2.4508355395771453,1,5.8859165364000905
1218.3263201713562,2.4279103581699992,1,5.898853315825506
1218.4055714607239,2.438099327684288,1,5.893103636080876
1218.4831900596619,2.4406465700628637,1,5.891666216144716
1218.5610127449036,2.4431938124414323,1,5.890228796208561
1218.6397788524628,2.4431938124414323,1,5.890228796208561
1218.715981245041,2.461024509091434,1,5.88016685665546
1218.792314529419,2.4330048429271436,1,5.895978475953191
1218.8708627223969,2.4355520853057193,1,5.894541056017031
1218.9488072395325,2.445741054820008,1,5.888791376272401
1219.0254199504852,2.430457600548575,1,5.897415895889346
1219.1045734882355,2.4431938124414323,1,5.890228796208561
1219.1818451881409,2.4482882971985767,1,5.887353956336246
1219.2576458454132,2.4253631157914306,1,5.900290735761661
1219.384302854538,2.453382781955721,1,5.884479116463931
1219.4624252319336,2.4431938124414323,1,5.890228796208561
1219.539724111557,2.4330048429271436,1,5.895978475953191
1219.6334736347198,2.4431938124414323,1,5.890228796208561
1219.7271497249603,2.438099327684288,1,5.893103636080876
1219.8375792503357,2.4355520853057193,1,5.894541056017031
1219.9332885742188,2.4406465700628637,1,5.891666216144716
1220.0254561901093,2.4279103581699992,1,5.898853315825506
1220.1344666481018,2.4482882971985767,1,5.887353956336246
1220.2412145137787,2.4406465700628637,1,5.891666216144716
1220.320088148117,2.4330048429271436,1,5.895978475953191
1220.397983789444,2.4431938124414323,1,5.890228796208561
1220.4758915901184,2.438099327684288,1,5.893103636080876
1220.5696110725403,2.445741054820008,1,5.888791376272401
1220.66299366951,2.4406465700628637,1,5.891666216144716
1220.7736077308655,2.422815873412855,1,5.901728155697821
1220.867024421692,2.4431938124414323,1,5.890228796208561
1220.9586474895477,2.430457600548575,1,5.897415895889346
1221.0381121635437,2.4279103581699992,1,5.898853315825506
1221.116947889328,2.4330048429271436,1,5.895978475953191
1221.243136882782,2.4508355395771453,1,5.8859165364000905
1221.3229291439056,2.4330048429271436,1,5.895978475953191
1221.4156758785248,2.4482882971985767,1,5.887353956336246
1221.4924700260162,2.4482882971985767,1,5.887353956336246
1221.572266817093,2.445741054820008,1,5.888791376272401
1221.666006565094,2.445741054820008,1,5.888791376272401
1221.7777035236359,2.4482882971985767,1,5.887353956336246
1221.871452331543,2.445741054820008,1,5.888791376272401
1221.9652700424194,2.453382781955721,1,5.884479116463931
1222.0448544025421,2.4559300243342896,1,5.8830416965277745
1222.1207838058472,2.4355520853057193,1,5.894541056017031
1222.19903922081,2.4635717514700097,1,5.878729436719301
1222.2778360843658,2.4406465700628637,1,5.891666216144716
1222.3695905208588,2.4431938124414323,1,5.890228796208561
1222.449478149414,2.461024509091434,1,5.88016685665546
1222.526372909546,2.4508355395771453,1,5.8859165364000905
1222.6032228469849,2.438099327684288,1,5.893103636080876
1222.680839061737,2.4559300243342896,1,5.8830416965277745
1222.7582306861877,2.438099327684288,1,5.893103636080876
1222.8371095657349,2.4330048429271436,1,5.895978475953191
1222.9467809200287,2.4482882971985767,1,5.887353956336246
1223.0242404937744,2.445741054820008,1,5.888791376272401
1223.1028575897217,2.4330048429271436,1,5.895978475953191
1223.1798088550568,2.4406465700628637,1,5.891666216144716
1223.2558288574219,2.4330048429271436,1,5.895978475953191
1223.33442902565,2.445741054820008,1,5.888791376272401
1223.4131526947021,2.4406465700628637,1,5.891666216144716
1223.4908239841461,2.4330048429271436,1,5.895978475953191
1223.566882133484,2.453382781955721,1,5.884479116463931
1223.645631313324,2.453382781955721,1,5.884479116463931
1223.721361398697,2.445741054820008,1,5.888791376272401
1223.8002531528473,2.4508355395771453,1,5.8859165364000905
1223.89350771904,2.461024509091434,1,5.88016685665546
1224.0004839897156,2.453382781955721,1,5.884479116463931
1224.1075942516327,2.4431938124414323,1,5.890228796208561
1224.2296686172485,2.4482882971985767,1,5.887353956336246
1224.3095180988312,2.4559300243342896,1,5.8830416965277745
1224.3890359401703,2.4406465700628637,1,5.891666216144716
1224.4661674499512,2.4508355395771453,1,5.8859165364000905
1224.5433003902435,2.4482882971985767,1,5.887353956336246
1224.653118610382,2.438099327684288,1,5.893103636080876
1224.7307517528534,2.445741054820008,1,5.888791376272401
1224.8078360557556,2.4406465700628637,1,5.891666216144716
1224.886715888977,2.4482882971985767,1,5.887353956336246
1224.9630191326141,2.4508355395771453,1,5.8859165364000905
1225.0420911312103,2.445741054820008,1,5.888791376272401
1225.121881723404,2.445741054820008,1,5.888791376272401
1225.1984231472015,2.4482882971985767,1,5.887353956336246
1225.2778239250183,2.453382781955721,1,5.884479116463931
1225.3559334278107,2.4482882971985767,1,5.887353956336246
1225.4333090782166,2.4406465700628637,1,5.891666216144716
1225.5117535591125,2.4559300243342896,1,5.8830416965277745
1225.5908014774323,2.4482882971985767,1,5.887353956336246
1225.6685671806335,2.438099327684288,1,5.893103636080876
1225.7458326816559,2.453382781955721,1,5.884479116463931
1225.825777053833,2.4559300243342896,1,5.8830416965277745
1225.9031493663788,2.4406465700628637,1,5.891666216144716
1225.9822754859924,2.4584772667128654,1,5.881604276591616
1226.0613114833832,2.4431938124414323,1,5.890228796208561
1226.1376991271973,2.4635717514700097,1,5.878729436719301
1226.2484245300293,2.4482882971985767,1,5.887353956336246
1226.3257825374603,2.4355520853057193,1,5.894541056017031
1226.403178691864,2.4330048429271436,1,5.895978475953191
1226.4814109802246,2.453382781955721,1,5.884479116463931
1226.5577092170715,2.4559300243342896,1,5.8830416965277745
1226.6374213695526,2.4482882971985767,1,5.887353956336246
1226.7171075344086,2.4406465700628637,1,5.891666216144716
1226.7941355705261,2.468666236227154,1,5.8758545968469855
1226.8720219135284,2.4431938124414323,1,5.890228796208561
1226.9486541748047,2.4431938124414323,1,5.890228796208561
1227.0268239974976,2.461024509091434,1,5.88016685665546
1227.1047353744507,2.4508355395771453,1,5.8859165364000905
1227.1842107772827,2.4431938124414323,1,5.890228796208561
1227.2614705562592,2.461024509091434,1,5.88016685665546
1227.3407564163208,2.4559300243342896,1,5.8830416965277745
1227.420799255371,2.453382781955721,1,5.884479116463931
1227.499312877655,2.4482882971985767,1,5.887353956336246
1227.5753300189972,2.468666236227154,1,5.8758545968469855
1227.6538093090057,2.4431938124414323,1,5.890228796208561
1227.7320322990417,2.461024509091434,1,5.88016685665546
1227.8277785778046,2.4559300243342896,1,5.8830416965277745
1227.9067203998566,2.4661189938485784,1,5.877292016783144
1227.9818120002747,2.4482882971985767,1,5.887353956336246
1228.0600564479828,2.4559300243342896,1,5.8830416965277745
1228.1388249397278,2.4635717514700097,1,5.878729436719301
1228.2155187129974,2.4482882971985767,1,5.887353956336246
1228.2934408187866,2.445741054820008,1,5.888791376272401
1228.371646642685,2.453382781955721,1,5.884479116463931
1228.4484593868256,2.4431938124414323,1,5.890228796208561
1228.5272858142853,2.4559300243342896,1,5.8830416965277745
1228.6068773269653,2.4279103581699992,1,5.898853315825506
1228.6837012767792,2.4559300243342896,1,5.8830416965277745
1228.760825395584,2.4712134786057227,1,5.87441717691083
1228.8399555683136,2.445741054820008,1,5.888791376272401
1228.916820049286,2.4508355395771453,1,5.8859165364000905
1228.9952766895294,2.4482882971985767,1,5.887353956336246
1229.0735952854156,2.4508355395771453,1,5.8859165364000905
1229.151443719864,2.445741054820008,1,5.888791376272401
1229.262783050537,2.4431938124414323,1,5.890228796208561
1229.341736316681,2.4482882971985767,1,5.887353956336246
1229.451565027237,2.453382781955721,1,5.884479116463931
1229.531381368637,2.438099327684288,1,5.893103636080876
1229.6074516773224,2.4559300243342896,1,5.8830416965277745
1229.685024023056,2.438099327684288,1,5.893103636080876
1229.7612252235413,2.4559300243342896,1,5.8830416965277745
1229.8390214443207,2.4508355395771453,1,5.8859165364000905
1229.916498184204,2.4431938124414323,1,5.890228796208561
1229.996153831482,2.461024509091434,1,5.88016685665546
1230.0742585659027,2.453382781955721,1,5.884479116463931
1230.1521198749542,2.4559300243342896,1,5.8830416965277745
1230.229726076126,2.4635717514700097,1,5.878729436719301
1230.3078236579895,2.4508355395771453,1,5.8859165364000905
1230.385885477066,2.4584772667128654,1,5.881604276591616
1230.4799864292145,2.453382781955721,1,5.884479116463931
1230.556560754776,2.4635717514700097,1,5.878729436719301
1230.6354360580444,2.4431938124414323,1,5.890228796208561
1230.714480638504,2.4406465700628637,1,5.891666216144716
1230.7912735939026,2.4559300243342896,1,5.8830416965277745
1230.871063709259,2.4635717514700097,1,5.878729436719301
1230.9501917362213,2.438099327684288,1,5.893103636080876
1231.0583271980286,2.453382781955721,1,5.884479116463931
1231.1349835395813,2.4431938124414323,1,5.890228796208561
1231.2141308784485,2.4508355395771453,1,5.8859165364000905
1231.2907564640045,2.453382781955721,1,5.884479116463931
1231.368001461029,2.4482882971985767,1,5.887353956336246
1231.4469652175903,2.4406465700628637,1,5.891666216144716
1231.5251007080078,2.4584772667128654,1,5.881604276591616
1231.6033256053925,2.438099327684288,1,5.893103636080876
1231.6811213493347,2.438099327684288,1,5.893103636080876
1231.7589089870453,2.453382781955721,1,5.884479116463931
1231.8369762897491,2.4508355395771453,1,5.8859165364000905
1231.9154806137085,2.4406465700628637,1,5.891666216144716
1231.991728067398,2.453382781955721,1,5.884479116463931
1232.0686104297638,2.445741054820008,1,5.888791376272401
1232.1459600925446,2.4559300243342896,1,5.8830416965277745
1232.2224419116974,2.4508355395771453,1,5.8859165364000905
1232.3018584251404,2.4559300243342896,1,5.8830416965277745
1232.3800597190857,2.4482882971985767,1,5.887353956336246
1232.456722021103,2.4508355395771453,1,5.8859165364000905
1232.5350787639618,2.4355520853057193,1,5.894541056017031
1232.6275491714478,2.4431938124414323,1,5.890228796208561
1232.7043480873108,2.4431938124414323,1,5.890228796208561
1232.781988620758,2.4431938124414323,1,5.890228796208561
1232.859115600586,2.4482882971985767,1,5.887353956336246
1232.9359056949615,2.4508355395771453,1,5.8859165364000905
1233.0129835605621,2.445741054820008,1,5.888791376272401
1233.1067023277283,2.453382781955721,1,5.884479116463931
1233.1839807033539,2.445741054820008,1,5.888791376272401
1233.2620816230774,2.4482882971985767,1,5.887353956336246
1233.3375225067139,2.453382781955721,1,5.884479116463931
1233.4165832996368,2.4279103581699992,1,5.898853315825506
1233.4952552318573,2.4635717514700097,1,5.878729436719301
1233.573642730713,2.4431938124414323,1,5.890228796208561
1233.6496436595917,2.445741054820008,1,5.888791376272401
1233.7271614074707,2.4508355395771453,1,5.8859165364000905
1233.8048944473267,2.4431938124414323,1,5.890228796208561
1233.881624698639,2.4482882971985767,1,5.887353956336246
1233.9593403339386,2.4508355395771453,1,5.8859165364000905
1234.0369880199432,2.4482882971985767,1,5.887353956336246
1234.1133296489716,2.4431938124414323,1,5.890228796208561
1234.2248847484589,2.4559300243342896,1,5.8830416965277745
1234.302158355713,2.4406465700628637,1,5.891666216144716
1234.3790438175201,2.453382781955721,1,5.884479116463931
1234.4562487602234,2.4482882971985767,1,5.887353956336246
1234.5332746505737,2.438099327684288,1,5.893103636080876
1234.6102213859558,2.430457600548575,1,5.897415895889346
1234.6881477832794,2.4482882971985767,1,5.887353956336246
1234.7653107643127,2.4406465700628637,1,5.891666216144716
1234.8436756134033,2.4406465700628637,1,5.891666216144716
1234.9208943843842,2.461024509091434,1,5.88016685665546
1234.9979085922241,2.4406465700628637,1,5.891666216144716
1235.0754055976868,2.4482882971985767,1,5.887353956336246
1235.1535534858704,2.4508355395771453,1,5.8859165364000905
1235.2314743995667,2.453382781955721,1,5.884479116463931
1235.3082687854767,2.4482882971985767,1,5.887353956336246
1235.3920443058014,2.4559300243342896,1,5.8830416965277745
1235.4649214744568,2.438099327684288,1,5.893103636080876
1235.5430603027344,2.4508355395771453,1,5.8859165364000905
1235.6211218833923,2.4559300243342896,1,5.8830416965277745
1235.698840379715,2.445741054820008,1,5.888791376272401
1235.792886018753,2.438099327684288,1,5.893103636080876
1235.868855714798,2.4406465700628637,1,5.891666216144716
1235.9460763931274,2.4482882971985767,1,5.887353956336246
1236.0393965244293,2.4508355395771453,1,5.8859165364000905
1236.1182868480682,2.4584772667128654,1,5.881604276591616
1236.1965465545654,2.4482882971985767,1,5.887353956336246
1236.2743282318115,2.453382781955721,1,5.884479116463931
1236.3521611690521,2.4559300243342896,1,5.8830416965277745
1236.4298026561737,2.445741054820008,1,5.888791376272401
1236.507152557373,2.4431938124414323,1,5.890228796208561
1236.5860698223114,2.4508355395771453,1,5.8859165364000905
1236.6643824577332,2.445741054820008,1,5.888791376272401
1236.7422144412994,2.4482882971985767,1,5.887353956336246
1236.82102060318,2.4508355395771453,1,5.8859165364000905
1236.89790558815,2.445741054820008,1,5.888791376272401
1236.9777143001556,2.4482882971985767,1,5.887353956336246
1237.0566852092743,2.445741054820008,1,5.888791376272401
1237.1356356143951,2.445741054820008,1,5.888791376272401
1237.2146944999695,2.453382781955721,1,5.884479116463931
1237.2927112579346,2.453382781955721,1,5.884479116463931
1237.38743019104,2.4559300243342896,1,5.8830416965277745
1237.4653089046478,2.453382781955721,1,5.884479116463931
1237.542908191681,2.4406465700628637,1,5.891666216144716
1237.6202046871185,2.4431938124414323,1,5.890228796208561
1237.6978759765625,2.4482882971985767,1,5.887353956336246
1237.7759156227112,2.4584772667128654,1,5.881604276591616
1237.854532957077,2.453382781955721,1,5.884479116463931
1237.9330627918243,2.438099327684288,1,5.893103636080876
1238.0098640918732,2.438099327684288,1,5.893103636080876
1238.0866026878357,2.4559300243342896,1,5.8830416965277745
1238.1659605503082,2.4431938124414323,1,5.890228796208561
1238.244134902954,2.4482882971985767,1,5.887353956336246
1238.32075881958,2.461024509091434,1,5.88016685665546
1238.3980250358582,2.4482882971985767,1,5.887353956336246
1238.4759743213654,2.453382781955721,1,5.884479116463931
1238.5529918670654,2.4508355395771453,1,5.8859165364000905
1238.6313507556915,2.4635717514700097,1,5.878729436719301
1238.708105802536,2.4508355395771453,1,5.8859165364000905
1238.7859251499176,2.4482882971985767,1,5.887353956336246
1238.8632109165192,2.445741054820008,1,5.888791376272401
1238.9549057483673,2.4508355395771453,1,5.8859165364000905
1239.031854391098,2.4559300243342896,1,5.8830416965277745
1239.1088762283325,2.453382781955721,1,5.884479116463931
1239.187360048294,2.453382781955721,1,5.884479116463931
1239.2652909755707,2.445741054820008,1,5.888791376272401
1239.3437411785126,2.4482882971985767,1,5.887353956336246
1239.4208433628082,2.4508355395771453,1,5.8859165364000905
1239.49969124794,2.4431938124414323,1,5.890228796208561
1239.5766649246216,2.438099327684288,1,5.893103636080876
1239.6540305614471,2.4508355395771453,1,5.8859165364000905
1239.7325723171234,2.453382781955721,1,5.884479116463931
1239.810118675232,2.445741054820008,1,5.888791376272401
1239.8877487182617,2.4431938124414323,1,5.890228796208561
1239.9668786525726,2.438099327684288,1,5.893103636080876
1240.0440561771393,2.4431938124414323,1,5.890228796208561
1240.1221249103546,2.4508355395771453,1,5.8859165364000905
1240.1976957321167,2.4431938124414323,1,5.890228796208561
1240.2760758399963,2.4508355395771453,1,5.8859165364000905
1240.3682181835175,2.453382781955721,1,5.884479116463931
1240.4470314979553,2.4508355395771453,1,5.8859165364000905
1240.542813539505,2.4330048429271436,1,5.895978475953191
1240.6194958686829,2.4635717514700097,1,5.878729436719301
1240.6961238384247,2.4482882971985767,1,5.887353956336246
1240.7752957344055,2.4482882971985767,1,5.887353956336246
1240.850982427597,2.445741054820008,1,5.888791376272401
1240.9290494918823,2.445741054820008,1,5.888791376272401
1241.0069601535797,2.4635717514700097,1,5.878729436719301
1241.1007051467896,2.4584772667128654,1,5.881604276591616
1241.18053150177,2.445741054820008,1,5.888791376272401
1241.257436990738,2.4635717514700097,1,5.878729436719301
1241.3359763622284,2.461024509091434,1,5.88016685665546
1241.4139156341553,2.4559300243342896,1,5.8830416965277745
1241.49089884758,2.4712134786057227,1,5.87441717691083
1241.568933725357,2.461024509091434,1,5.88016685665546
1241.6462755203247,2.4508355395771453,1,5.8859165364000905
1241.7233748435974,2.4661189938485784,1,5.877292016783144
1241.8173201084137,2.4482882971985767,1,5.887353956336246
1241.895162820816,2.4584772667128654,1,5.881604276591616
1241.971620798111,2.453382781955721,1,5.884479116463931
1242.047517299652,2.453382781955721,1,5.884479116463931
1242.1563093662262,2.4559300243342896,1,5.8830416965277745
1242.2490594387054,2.4431938124414323,1,5.890228796208561
1242.3268563747406,2.453382781955721,1,5.884479116463931
1242.404268026352,2.453382781955721,1,5.884479116463931
1242.4807476997375,2.453382781955721,1,5.884479116463931
1242.5595371723175,2.4635717514700097,1,5.878729436719301
1242.6383228302002,2.468666236227154,1,5.8758545968469855
1242.715870141983,2.4584772667128654,1,5.881604276591616
1242.7948589324951,2.453382781955721,1,5.884479116463931
1242.8719773292542,2.453382781955721,1,5.884479116463931
1242.9499843120575,2.461024509091434,1,5.88016685665546
1243.0275099277496,2.4482882971985767,1,5.887353956336246
1243.1040489673615,2.4508355395771453,1,5.8859165364000905
1243.1966404914856,2.4431938124414323,1,5.890228796208561
1243.2754302024841,2.453382781955721,1,5.884479116463931
1243.3532223701477,2.468666236227154,1,5.8758545968469855
1243.4303126335144,2.4431938124414323,1,5.890228796208561
1243.5076723098755,2.4559300243342896,1,5.8830416965277745
1243.5863633155823,2.4482882971985767,1,5.887353956336246
1243.6633145809174,2.453382781955721,1,5.884479116463931
1243.7570068836212,2.4482882971985767,1,5.887353956336246
1243.8350098133087,2.461024509091434,1,5.88016685665546
1243.9112620353699,2.4508355395771453,1,5.8859165364000905
1243.9907586574554,2.4508355395771453,1,5.8859165364000905
1244.06915807724,2.4559300243342896,1,5.8830416965277745
1244.1641943454742,2.453382781955721,1,5.884479116463931
1244.2417118549347,2.4559300243342896,1,5.8830416965277745
1244.3192009925842,2.461024509091434,1,5.88016685665546
1244.3979334831238,2.461024509091434,1,5.88016685665546
1244.4753279685974,2.4559300243342896,1,5.8830416965277745
1244.5521631240845,2.461024509091434,1,5.88016685665546
1244.629674911499,2.4635717514700097,1,5.878729436719301
1244.7088243961334,2.4431938124414323,1,5.890228796208561
1244.785312652588,2.4635717514700097,1,5.878729436719301
1244.8627426624298,2.4559300243342896,1,5.8830416965277745
1244.941189289093,2.4584772667128654,1,5.881604276591616
1245.0177156925201,2.453382781955721,1,5.884479116463931
1245.0952441692352,2.445741054820008,1,5.888791376272401
1245.1744537353516,2.4584772667128654,1,5.881604276591616
1245.2514426708221,2.453382781955721,1,5.884479116463931
1245.3453886508942,2.453382781955721,1,5.884479116463931
1245.4234855175018,2.4661189938485784,1,5.877292016783144
1245.5007317066193,2.4635717514700097,1,5.878729436719301
1245.5784046649933,2.461024509091434,1,5.88016685665546
1245.656179189682,2.461024509091434,1,5.88016685665546
1245.7502102851868,2.4482882971985767,1,5.887353956336246
1245.87509059906,2.4508355395771453,1,5.8859165364000905
1245.9517271518707,2.4559300243342896,1,5.8830416965277745
1246.0310068130493,2.4559300243342896,1,5.8830416965277745
1246.1090557575226,2.453382781955721,1,5.884479116463931
1246.1848676204681,2.461024509091434,1,5.88016685665546
1246.2631192207336,2.461024509091434,1,5.88016685665546
1246.3420672416687,2.4406465700628637,1,5.891666216144716
1246.417136669159,2.4635717514700097,1,5.878729436719301
1246.4958879947662,2.4431938124414323,1,5.890228796208561
1246.5731089115143,2.4559300243342896,1,5.8830416965277745
1246.6509292125702,2.4482882971985767,1,5.887353956336246
1246.7282419204712,2.4559300243342896,1,5.8830416965277745
1246.8069932460785,2.4482882971985767,1,5.887353956336246
1246.8852779865265,2.4661189938485784,1,5.877292016783144
1246.98024892807,2.4559300243342896,1,5.8830416965277745
1247.057601928711,2.4431938124414323,1,5.890228796208561
1247.134311914444,2.461024509091434,1,5.88016685665546
1247.211986541748,2.4635717514700097,1,5.878729436719301
1247.2894299030304,2.4508355395771453,1,5.8859165364000905
1247.3671596050262,2.4712134786057227,1,5.87441717691083
1247.4445223808289,2.4559300243342896,1,5.8830416965277745
1247.5233569145203,2.461024509091434,1,5.88016685665546
1247.6002452373505,2.4635717514700097,1,5.878729436719301
1247.6785209178925,2.4559300243342896,1,5.8830416965277745
1247.7565717697144,2.453382781955721,1,5.884479116463931
1247.833060503006,2.4661189938485784,1,5.877292016783144
1247.9129016399384,2.445741054820008,1,5.888791376272401
1247.9897356033325,2.445741054820008,1,5.888791376272401
1248.0667810440063,2.461024509091434,1,5.88016685665546
1248.146742105484,2.453382781955721,1,5.884479116463931
1248.2254254817963,2.4635717514700097,1,5.878729436719301
1248.3019714355469,2.4661189938485784,1,5.877292016783144
1248.3801984786987,2.4508355395771453,1,5.8859165364000905
1248.4597549438477,2.4482882971985767,1,5.887353956336246
1248.5533385276794,2.453382781955721,1,5.884479116463931
1248.6326487064362,2.453382781955721,1,5.884479116463931
1248.710652589798,2.453382781955721,1,5.884479116463931
1248.7877950668335,2.461024509091434,1,5.88016685665546
1248.867746591568,2.468666236227154,1,5.8758545968469855
1248.946539402008,2.4482882971985767,1,5.887353956336246
1249.0244615077972,2.4508355395771453,1,5.8859165364000905
1249.1034977436066,2.4508355395771453,1,5.8859165364000905
1249.1824305057526,2.4559300243342896,1,5.8830416965277745
1249.2595419883728,2.4559300243342896,1,5.8830416965277745
1249.3375718593597,2.4508355395771453,1,5.8859165364000905
1249.4153099060059,2.4814024481200114,1,5.8686674971662
1249.4917929172516,2.4661189938485784,1,5.877292016783144
1249.568431377411,2.468666236227154,1,5.8758545968469855
1249.645498752594,2.4635717514700097,1,5.878729436719301
1249.7210245132446,2.4635717514700097,1,5.878729436719301
1249.8010084629059,2.468666236227154,1,5.8758545968469855
1249.8798310756683,2.4559300243342896,1,5.8830416965277745
1249.9566187858582,2.453382781955721,1,5.884479116463931
1250.0333590507507,2.4584772667128654,1,5.881604276591616
1250.125299692154,2.468666236227154,1,5.8758545968469855
1250.203158378601,2.461024509091434,1,5.88016685665546
1250.2812011241913,2.4508355395771453,1,5.8859165364000905
1250.3599743843079,2.4559300243342896,1,5.8830416965277745
1250.4367825984955,2.468666236227154,1,5.8758545968469855
1250.5147693157196,2.468666236227154,1,5.8758545968469855
1250.5929749011993,2.4635717514700097,1,5.878729436719301
1250.6858656406403,2.4661189938485784,1,5.877292016783144
1250.7631425857544,2.4482882971985767,1,5.887353956336246
1250.8430359363556,2.468666236227154,1,5.8758545968469855
1250.9342148303986,2.461024509091434,1,5.88016685665546
1251.0130002498627,2.4635717514700097,1,5.878729436719301
1251.1061935424805,2.461024509091434,1,5.88016685665546
1251.1859662532806,2.4737607209842984,1,5.8729797569746705
1251.2652428150177,2.4584772667128654,1,5.881604276591616
1251.3430452346802,2.453382781955721,1,5.884479116463931
1251.4229972362518,2.4584772667128654,1,5.881604276591616
1251.5016102790833,2.4712134786057227,1,5.87441717691083
1251.5784051418304,2.461024509091434,1,5.88016685665546
1251.656893491745,2.4635717514700097,1,5.878729436719301
1251.7516372203827,2.4635717514700097,1,5.878729436719301
1251.8289105892181,2.453382781955721,1,5.884479116463931
1251.9063799381256,2.453382781955721,1,5.884479116463931
1251.9857456684113,2.4635717514700097,1,5.878729436719301
1252.061934709549,2.4635717514700097,1,5.878729436719301
1252.1410579681396,2.4584772667128654,1,5.881604276591616
1252.232919216156,2.4737607209842984,1,5.8729797569746705
1252.310727596283,2.4635717514700097,1,5.878729436719301
1252.3896951675415,2.453382781955721,1,5.884479116463931
1252.466003894806,2.468666236227154,1,5.8758545968469855
1252.5597479343414,2.468666236227154,1,5.8758545968469855
1252.6388652324677,2.4661189938485784,1,5.877292016783144
1252.7173836231232,2.4635717514700097,1,5.878729436719301
1252.795162677765,2.4559300243342896,1,5.8830416965277745
1252.8751912117004,2.4482882971985767,1,5.887353956336246
1252.9540495872498,2.4584772667128654,1,5.881604276591616
1253.030924320221,2.461024509091434,1,5.88016685665546
1253.1105971336365,2.4661189938485784,1,5.877292016783144
1253.188438653946,2.4508355395771453,1,5.8859165364000905
1253.2651693820953,2.4661189938485784,1,5.877292016783144
1253.3610396385193,2.4559300243342896,1,5.8830416965277745
1253.437569618225,2.468666236227154,1,5.8758545968469855
1253.5163588523865,2.4737607209842984,1,5.8729797569746705
1253.59415102005,2.468666236227154,1,5.8758545968469855
1253.6869022846222,2.4712134786057227,1,5.87441717691083
1253.7798328399658,2.4635717514700097,1,5.878729436719301
1253.87166929245,2.4635717514700097,1,5.878729436719301
1253.962424993515,2.4737607209842984,1,5.8729797569746705
1254.04048371315,2.4559300243342896,1,5.8830416965277745
1254.1192166805267,2.461024509091434,1,5.88016685665546
1254.1948444843292,2.4559300243342896,1,5.8830416965277745
1254.2742881774902,2.468666236227154,1,5.8758545968469855
1254.3533101081848,2.468666236227154,1,5.8758545968469855
1254.4299602508545,2.4661189938485784,1,5.877292016783144
1254.5094347000122,2.4559300243342896,1,5.8830416965277745
1254.5877759456635,2.4482882971985767,1,5.887353956336246
1254.6654937267303,2.4737607209842984,1,5.8729797569746705
1254.744752407074,2.4635717514700097,1,5.878729436719301
1254.823525428772,2.468666236227154,1,5.8758545968469855
1254.9009861946106,2.4635717514700097,1,5.878729436719301
1254.9964611530304,2.461024509091434,1,5.88016685665546
1255.0741753578186,2.461024509091434,1,5.88016685665546
1255.1520268917084,2.4712134786057227,1,5.87441717691083
1255.230628490448,2.4712134786057227,1,5.87441717691083
1255.3106272220612,2.4635717514700097,1,5.878729436719301
1255.3881196975708,2.4508355395771453,1,5.8859165364000905
1255.4664072990417,2.4737607209842984,1,5.8729797569746705
1255.5444095134735,2.4635717514700097,1,5.878729436719301
1255.620139837265,2.4584772667128654,1,5.881604276591616
1255.6993970870972,2.4737607209842984,1,5.8729797569746705
1255.7769691944122,2.4559300243342896,1,5.8830416965277745
1255.8532309532166,2.468666236227154,1,5.8758545968469855
1255.930146932602,2.4661189938485784,1,5.877292016783144
1256.0253539085388,2.4712134786057227,1,5.87441717691083
1256.1033401489258,2.4814024481200114,1,5.8686674971662
1256.1821074485779,2.461024509091434,1,5.88016685665546
1256.260390996933,2.461024509091434,1,5.88016685665546
1256.3375844955444,2.4584772667128654,1,5.881604276591616
1256.4164671897888,2.476307963362867,1,5.871542337038514
1256.494618654251,2.461024509091434,1,5.88016685665546
1256.587718963623,2.468666236227154,1,5.8758545968469855
1256.6654644012451,2.4737607209842984,1,5.8729797569746705
1256.7423305511475,2.4635717514700097,1,5.878729436719301
1256.8202629089355,2.4635717514700097,1,5.878729436719301
1256.899374961853,2.4737607209842984,1,5.8729797569746705
1256.9765343666077,2.4559300243342896,1,5.8830416965277745
1257.0549821853638,2.4635717514700097,1,5.878729436719301
1257.14768075943,2.4584772667128654,1,5.881604276591616
1257.2244017124176,2.4661189938485784,1,5.877292016783144
1257.3023974895477,2.4737607209842984,1,5.8729797569746705
1257.3798134326935,2.4635717514700097,1,5.878729436719301
1257.45685338974,2.4584772667128654,1,5.881604276591616
1257.5496199131012,2.468666236227154,1,5.8758545968469855
1257.6254444122314,2.4661189938485784,1,5.877292016783144
1257.7030255794525,2.4712134786057227,1,5.87441717691083
1257.781851530075,2.4712134786057227,1,5.87441717691083
1257.8604876995087,2.4737607209842984,1,5.8729797569746705
1257.937462568283,2.4661189938485784,1,5.877292016783144
1258.0148723125458,2.48394969049858,1,5.867230077230044
1258.0920581817627,2.445741054820008,1,5.888791376272401
1258.1833791732788,2.4788552057414357,1,5.870104917102359
1258.2776789665222,2.461024509091434,1,5.88016685665546
1258.3557386398315,2.453382781955721,1,5.884479116463931
1258.4342584609985,2.461024509091434,1,5.88016685665546
1258.513013124466,2.4788552057414357,1,5.870104917102359
1258.591732263565,2.4635717514700097,1,5.878729436719301
1258.669584274292,2.476307963362867,1,5.871542337038514
1258.7480957508087,2.476307963362867,1,5.871542337038514
1258.823745250702,2.4584772667128654,1,5.881604276591616
1258.9020822048187,2.461024509091434,1,5.88016685665546
1258.979362487793,2.4712134786057227,1,5.87441717691083
1259.0582168102264,2.4584772667128654,1,5.881604276591616
1259.1362521648407,2.4737607209842984,1,5.8729797569746705
1259.2145519256592,2.4661189938485784,1,5.877292016783144
1259.293511390686,2.4661189938485784,1,5.877292016783144
1259.3713109493256,2.4508355395771453,1,5.8859165364000905
1259.464033126831,2.4635717514700097,1,5.878729436719301
1259.5542936325073,2.453382781955721,1,5.884479116463931
1259.6341269016266,2.468666236227154,1,5.8758545968469855
1259.7139508724213,2.461024509091434,1,5.88016685665546
1259.8077626228333,2.4584772667128654,1,5.881604276591616
1259.8862299919128,2.461024509091434,1,5.88016685665546
1259.9629883766174,2.468666236227154,1,5.8758545968469855
1260.0404438972473,2.4584772667128654,1,5.881604276591616
1260.1193931102753,2.4635717514700097,1,5.878729436719301
1260.1978645324707,2.4661189938485784,1,5.877292016783144
1260.27476811409,2.4737607209842984,1,5.8729797569746705
1260.3518044948578,2.468666236227154,1,5.8758545968469855
1260.430543422699,2.4584772667128654,1,5.881604276591616
1260.5065703392029,2.4661189938485784,1,5.877292016783144
1260.5992894172668,2.4584772667128654,1,5.881604276591616
1260.6792347431183,2.4788552057414357,1,5.870104917102359
1260.756318807602,2.4635717514700097,1,5.878729436719301
1260.8340811729431,2.4559300243342896,1,5.8830416965277745
1260.9137604236603,2.4635717514700097,1,5.878729436719301
1261.0076072216034,2.4508355395771453,1,5.8859165364000905
1261.1016438007355,2.4661189938485784,1,5.877292016783144
1261.1784839630127,2.4712134786057227,1,5.87441717691083
1261.2576580047607,2.4584772667128654,1,5.881604276591616
1261.336015701294,2.461024509091434,1,5.88016685665546
1261.4457890987396,2.4635717514700097,1,5.878729436719301
1261.525119304657,2.4661189938485784,1,5.877292016783144
1261.6028304100037,2.4584772667128654,1,5.881604276591616
1261.6801323890686,2.468666236227154,1,5.8758545968469855
1261.7562367916107,2.453382781955721,1,5.884479116463931
1261.8332960605621,2.4635717514700097,1,5.878729436719301
1261.9103887081146,2.4737607209842984,1,5.8729797569746705
1261.9882984161377,2.4584772667128654,1,5.881604276591616
1262.0649359226227,2.468666236227154,1,5.8758545968469855
1262.1409916877747,2.453382781955721,1,5.884479116463931
1262.218755722046,2.468666236227154,1,5.8758545968469855
1262.2984097003937,2.4661189938485784,1,5.877292016783144
1262.3753459453583,2.461024509091434,1,5.88016685665546
1262.454313993454,2.4661189938485784,1,5.877292016783144
1262.5333399772644,2.4661189938485784,1,5.877292016783144
1262.6107337474823,2.461024509091434,1,5.88016685665546
1262.68945479393,2.461024509091434,1,5.88016685665546
1262.7670888900757,2.468666236227154,1,5.8758545968469855
1262.8448753356934,2.4712134786057227,1,5.87441717691083
1262.9240205287933,2.4584772667128654,1,5.881604276591616
1263.030865430832,2.476307963362867,1,5.871542337038514
1263.1081755161285,2.4584772667128654,1,5.881604276591616
1263.1859617233276,2.4661189938485784,1,5.877292016783144
1263.2640662193298,2.4814024481200114,1,5.8686674971662
1263.3417267799377,2.4737607209842984,1,5.8729797569746705
1263.4190349578857,2.461024509091434,1,5.88016685665546
1263.4980504512787,2.4712134786057227,1,5.87441717691083
1263.5761013031006,2.468666236227154,1,5.8758545968469855
1263.6529879570007,2.4635717514700097,1,5.878729436719301
1263.7299811840057,2.476307963362867,1,5.871542337038514
1263.8089606761932,2.4788552057414357,1,5.870104917102359
1263.8870115280151,2.4712134786057227,1,5.87441717691083
1263.9658517837524,2.4737607209842984,1,5.8729797569746705
1264.059727191925,2.4635717514700097,1,5.878729436719301
1264.137045621872,2.430457600548575,1,5.897415895889346
1264.2127430438995,2.4584772667128654,1,5.881604276591616
1264.290623664856,2.468666236227154,1,5.8758545968469855
1264.3670191764832,2.4737607209842984,1,5.8729797569746705
1264.444152355194,2.4814024481200114,1,5.8686674971662
1264.522019147873,2.461024509091434,1,5.88016685665546
1264.6150543689728,2.4737607209842984,1,5.8729797569746705
1264.6930587291718,2.468666236227154,1,5.8758545968469855
1264.7709848880768,2.4584772667128654,1,5.881604276591616
1264.8473620414734,2.4661189938485784,1,5.877292016783144
1264.92480301857,2.4737607209842984,1,5.8729797569746705
1265.0020558834076,2.486496932877156,1,5.865792657293884
1265.080673456192,2.4788552057414357,1,5.870104917102359
1265.1582357883453,2.4635717514700097,1,5.878729436719301
1265.235247850418,2.4635717514700097,1,5.878729436719301
1265.3131520748138,2.4584772667128654,1,5.881604276591616
1265.3900804519653,2.4635717514700097,1,5.878729436719301
1265.4688143730164,2.461024509091434,1,5.88016685665546
1265.5625593662262,2.468666236227154,1,5.8758545968469855
1265.6393580436707,2.4737607209842984,1,5.8729797569746705
1265.716872215271,2.468666236227154,1,5.8758545968469855
1265.7946963310242,2.476307963362867,1,5.871542337038514
1265.8719699382782,2.461024509091434,1,5.88016685665546
1265.9497907161713,2.476307963362867,1,5.871542337038514
1266.0297493934631,2.468666236227154,1,5.8758545968469855
1266.1208658218384,2.4584772667128654,1,5.881604276591616
1266.2154018878937,2.468666236227154,1,5.8758545968469855
1266.293879032135,2.4712134786057227,1,5.87441717691083
1266.3712682724,2.4584772667128654,1,5.881604276591616
1266.450654745102,2.476307963362867,1,5.871542337038514
1266.5283739566803,2.476307963362867,1,5.871542337038514
1266.6057314872742,2.476307963362867,1,5.871542337038514
1266.6833181381226,2.468666236227154,1,5.8758545968469855
1266.7613899707794,2.4814024481200114,1,5.8686674971662
1266.838969707489,2.4584772667128654,1,5.881604276591616
1266.916314125061,2.4584772667128654,1,5.881604276591616
1266.994665145874,2.4712134786057227,1,5.87441717691083
1267.0720853805542,2.4584772667128654,1,5.881604276591616
1267.1520373821259,2.4635717514700097,1,5.878729436719301
1267.230404138565,2.4737607209842984,1,5.8729797569746705
1267.3092439174652,2.476307963362867,1,5.871542337038514
1267.3876767158508,2.4712134786057227,1,5.87441717691083
1267.4812939167023,2.4788552057414357,1,5.870104917102359
1267.5612785816193,2.4737607209842984,1,5.8729797569746705
1267.6391570568085,2.48394969049858,1,5.867230077230044
1267.7175455093384,2.468666236227154,1,5.8758545968469855
1267.8127982616425,2.468666236227154,1,5.8758545968469855
1267.8903937339783,2.4737607209842984,1,5.8729797569746705
1267.9660947322845,2.4737607209842984,1,5.8729797569746705
1268.0456655025482,2.4788552057414357,1,5.870104917102359
1268.1244938373566,2.461024509091434,1,5.88016685665546
1268.1994671821594,2.461024509091434,1,5.88016685665546
1268.2766556739807,2.4788552057414357,1,5.870104917102359
1268.356008529663,2.4559300243342896,1,5.8830416965277745
1268.4333245754242,2.4788552057414357,1,5.870104917102359
1268.5105111598969,2.4635717514700097,1,5.878729436719301
1268.589555978775,2.4635717514700097,1,5.878729436719301
1268.6829643249512,2.476307963362867,1,5.871542337038514
1268.7626190185547,2.4737607209842984,1,5.8729797569746705
1268.8396770954132,2.4661189938485784,1,5.877292016783144
1268.9166400432587,2.468666236227154,1,5.8758545968469855
1268.9955613613129,2.4737607209842984,1,5.8729797569746705
1269.0750453472137,2.468666236227154,1,5.8758545968469855
1269.165857553482,2.4814024481200114,1,5.8686674971662
1269.2437508106232,2.4712134786057227,1,5.87441717691083
1269.32306432724,2.468666236227154,1,5.8758545968469855
1269.415476322174,2.48394969049858,1,5.867230077230044
1269.4948692321777,2.48394969049858,1,5.867230077230044
1269.5729513168335,2.4661189938485784,1,5.877292016783144
1269.6508221626282,2.486496932877156,1,5.865792657293884
1269.73033618927,2.4737607209842984,1,5.8729797569746705
1269.8240859508514,2.4661189938485784,1,5.877292016783144
1269.9195411205292,2.4584772667128654,1,5.881604276591616
1270.0133109092712,2.476307963362867,1,5.871542337038514
1270.105064868927,2.476307963362867,1,5.871542337038514
1270.198326587677,2.499233144770013,1,5.858605557613099
1270.291687965393,2.4737607209842984,1,5.8729797569746705
1270.383452653885,2.476307963362867,1,5.871542337038514
1270.5066847801208,2.4635717514700097,1,5.878729436719301
1270.6114056110382,2.468666236227154,1,5.8758545968469855
1270.7186279296875,2.4712134786057227,1,5.87441717691083
1270.809383392334,2.4661189938485784,1,5.877292016783144
1270.9041349887848,2.4635717514700097,1,5.878729436719301
1271.0100688934326,2.4890441752557244,1,5.864355237357729
1271.104816198349,2.4788552057414357,1,5.870104917102359
1271.183606147766,2.4737607209842984,1,5.8729797569746705
1271.3072865009308,2.4788552057414357,1,5.870104917102359
1271.4000272750854,2.476307963362867,1,5.871542337038514
1271.4917838573456,2.4737607209842984,1,5.8729797569746705
1271.5855317115784,2.4635717514700097,1,5.878729436719301
1271.6802775859833,2.48394969049858,1,5.867230077230044
1271.7730298042297,2.4712134786057227,1,5.87441717691083
1271.8667793273926,2.48394969049858,1,5.867230077230044
1271.958536863327,2.476307963362867,1,5.871542337038514
1272.0502910614014,2.4737607209842984,1,5.8729797569746705
1272.1572334766388,2.4712134786057227,1,5.87441717691083
1272.2498347759247,2.476307963362867,1,5.871542337038514
1272.3422968387604,2.476307963362867,1,5.871542337038514
1272.4340736865997,2.486496932877156,1,5.865792657293884
1272.5278222560883,2.4814024481200114,1,5.8686674971662
1272.6235666275024,2.4635717514700097,1,5.878729436719301
1272.7173166275024,2.4712134786057227,1,5.87441717691083
1272.8120622634888,2.4788552057414357,1,5.870104917102359
1272.9045188426971,2.4788552057414357,1,5.870104917102359
1272.9832789897919,2.468666236227154,1,5.8758545968469855
1273.0610699653625,2.486496932877156,1,5.865792657293884
1273.186734676361,2.4788552057414357,1,5.870104917102359
1273.2794902324677,2.4788552057414357,1,5.870104917102359
1273.3712413311005,2.48394969049858,1,5.867230077230044
1273.4652290344238,2.48394969049858,1,5.867230077230044
1273.5590043067932,2.4712134786057227,1,5.87441717691083
1273.6511051654816,2.4814024481200114,1,5.8686674971662
1273.743854045868,2.468666236227154,1,5.8758545968469855
1273.8376014232635,2.4737607209842984,1,5.8729797569746705
1273.933349609375,2.476307963362867,1,5.871542337038514
1274.011140346527,2.476307963362867,1,5.871542337038514
1274.0869374275208,2.486496932877156,1,5.865792657293884
1274.16672706604,2.4814024481200114,1,5.8686674971662
1274.2624690532684,2.4788552057414357,1,5.870104917102359
1274.3701927661896,2.4788552057414357,1,5.870104917102359
1274.4486196041107,2.4915914176343,1,5.86291781742157
1274.5251471996307,2.4814024481200114,1,5.8686674971662
1274.6018302440643,2.4661189938485784,1,5.877292016783144
1274.679006576538,2.48394969049858,1,5.867230077230044
1274.7571070194244,2.476307963362867,1,5.871542337038514
1274.8350205421448,2.48394969049858,1,5.867230077230044
1274.9288685321808,2.48394969049858,1,5.867230077230044
1275.0068113803864,2.4788552057414357,1,5.870104917102359
1275.0867199897766,2.4635717514700097,1,5.878729436719301
1275.164161682129,2.48394969049858,1,5.867230077230044
1275.2396564483643,2.468666236227154,1,5.8758545968469855
1275.3177273273468,2.468666236227154,1,5.8758545968469855
1275.394600391388,2.486496932877156,1,5.865792657293884
1275.4705307483673,2.4814024481200114,1,5.8686674971662
1275.562284231186,2.4814024481200114,1,5.8686674971662
1275.6401281356812,2.486496932877156,1,5.865792657293884
1275.7178308963776,2.4890441752557244,1,5.864355237357729
1275.796614408493,2.486496932877156,1,5.865792657293884
1275.8754048347473,2.486496932877156,1,5.865792657293884
1275.9517850875854,2.4737607209842984,1,5.8729797569746705
1276.02983212471,2.48394969049858,1,5.867230077230044
1276.1097178459167,2.486496932877156,1,5.865792657293884
1276.2022964954376,2.48394969049858,1,5.867230077230044
1276.2960398197174,2.4814024481200114,1,5.8686674971662
1276.3884065151215,2.4712134786057227,1,5.87441717691083
1276.4814176559448,2.4788552057414357,1,5.870104917102359
1276.5906338691711,2.4788552057414357,1,5.870104917102359
1276.6816546916962,2.4712134786057227,1,5.87441717691083
1276.774893283844,2.4737607209842984,1,5.8729797569746705
1276.8676445484161,2.4737607209842984,1,5.8729797569746705
1276.961395740509,2.4814024481200114,1,5.8686674971662
1277.070102930069,2.476307963362867,1,5.871542337038514
1277.1628546714783,2.4788552057414357,1,5.870104917102359
1277.2586002349854,2.4788552057414357,1,5.870104917102359
1277.3663215637207,2.4737607209842984,1,5.8729797569746705
1277.4580686092377,2.4915914176343,1,5.86291781742157
1277.549830198288,2.48394969049858,1,5.867230077230044
1277.6259124279022,2.4915914176343,1,5.86291781742157
1277.7029662132263,2.476307963362867,1,5.871542337038514
1277.7800776958466,2.4941386600128688,1,5.861480397485414
1277.8578696250916,2.501780387148589,1,5.85716813767694
1277.936766386032,2.4814024481200114,1,5.8686674971662
1278.0141005516052,2.4941386600128688,1,5.861480397485414
1278.0905544757843,2.48394969049858,1,5.867230077230044
1278.1689672470093,2.4890441752557244,1,5.864355237357729
1278.2476789951324,2.486496932877156,1,5.865792657293884
1278.356210231781,2.499233144770013,1,5.858605557613099
1278.4355928897858,2.4814024481200114,1,5.8686674971662
1278.5126068592072,2.4890441752557244,1,5.864355237357729
1278.5905485153198,2.4814024481200114,1,5.8686674971662
1278.6704816818237,2.48394969049858,1,5.867230077230044
1278.7484645843506,2.4814024481200114,1,5.8686674971662
1278.8284158706665,2.4814024481200114,1,5.8686674971662
1278.9062669277191,2.4890441752557244,1,5.864355237357729
1278.9980037212372,2.48394969049858,1,5.867230077230044
1279.075345993042,2.4737607209842984,1,5.8729797569746705
1279.1689946651459,2.48394969049858,1,5.867230077230044
1279.244865179062,2.4890441752557244,1,5.864355237357729
1279.3241217136383,2.486496932877156,1,5.865792657293884
1279.4029369354248,2.4814024481200114,1,5.8686674971662
1279.4791691303253,2.486496932877156,1,5.865792657293884
1279.5560290813446,2.486496932877156,1,5.865792657293884
1279.6356856822968,2.486496932877156,1,5.865792657293884
1279.713119983673,2.48394969049858,1,5.867230077230044
1279.7916440963745,2.486496932877156,1,5.865792657293884
1279.8686356544495,2.4712134786057227,1,5.87441717691083
1279.976809978485,2.48394969049858,1,5.867230077230044
1280.0532956123352,2.4737607209842984,1,5.8729797569746705
1280.1430163383484,2.4941386600128688,1,5.861480397485414
1280.21914768219,2.4712134786057227,1,5.87441717691083
1280.2947719097137,2.48394969049858,1,5.867230077230044
1280.3713245391846,2.4737607209842984,1,5.8729797569746705
1280.4474976062775,2.4941386600128688,1,5.861480397485414
1280.5271410942078,2.4941386600128688,1,5.861480397485414
1280.6029424667358,2.4890441752557244,1,5.864355237357729
1280.6814756393433,2.48394969049858,1,5.867230077230044
1280.7583391666412,2.4915914176343,1,5.86291781742157
1280.8355286121368,2.48394969049858,1,5.867230077230044
1280.9135494232178,2.486496932877156,1,5.865792657293884
1280.9908602237701,2.4890441752557244,1,5.864355237357729
1281.067902803421,2.4788552057414357,1,5.870104917102359
1281.1450805664062,2.4915914176343,1,5.86291781742157
1281.2391591072083,2.506874871905733,1,5.854293297804624
1281.3288712501526,2.4941386600128688,1,5.861480397485414
1281.406175851822,2.4966859023914445,1,5.860042977549254
1281.485597372055,2.4712134786057227,1,5.87441717691083
1281.5927522182465,2.499233144770013,1,5.858605557613099
1281.6696400642395,2.4788552057414357,1,5.870104917102359
1281.7465345859528,2.4814024481200114,1,5.8686674971662
1281.8227479457855,2.4941386600128688,1,5.861480397485414
1281.9015998840332,2.476307963362867,1,5.871542337038514
1281.9795639514923,2.4966859023914445,1,5.860042977549254
1282.057380437851,2.4915914176343,1,5.86291781742157
1282.1357822418213,2.48394969049858,1,5.867230077230044
1282.2156755924225,2.48394969049858,1,5.867230077230044
1282.2914559841156,2.48394969049858,1,5.867230077230044
1282.3686249256134,2.48394969049858,1,5.867230077230044
1282.448572397232,2.4890441752557244,1,5.864355237357729
1282.5261523723602,2.4890441752557244,1,5.864355237357729
1282.6029360294342,2.4788552057414357,1,5.870104917102359
1282.6822636127472,2.48394969049858,1,5.867230077230044
1282.7593524456024,2.4915914176343,1,5.86291781742157
1282.8351712226868,2.4814024481200114,1,5.8686674971662
1282.9145603179932,2.4915914176343,1,5.86291781742157
1282.991834640503,2.4941386600128688,1,5.861480397485414
1283.0708017349243,2.4915914176343,1,5.86291781742157
1283.178076505661,2.501780387148589,1,5.85716813767694
1283.2569947242737,2.4915914176343,1,5.86291781742157
1283.3347914218903,2.4890441752557244,1,5.864355237357729
1283.4111633300781,2.4941386600128688,1,5.861480397485414
1283.48752951622,2.4890441752557244,1,5.864355237357729
1283.5772938728333,2.499233144770013,1,5.858605557613099
1283.6557879447937,2.509422114284302,1,5.8528558778684685
1283.732984304428,2.4890441752557244,1,5.864355237357729
1283.8101437091827,2.5043276295271575,1,5.855730717740784
1283.8881769180298,2.501780387148589,1,5.85716813767694
1283.965759754181,2.4915914176343,1,5.86291781742157
1284.0429310798645,2.4941386600128688,1,5.861480397485414
1284.119132757187,2.48394969049858,1,5.867230077230044
1284.197823524475,2.4890441752557244,1,5.864355237357729
1284.2766580581665,2.4966859023914445,1,5.860042977549254
1284.3548648357391,2.4941386600128688,1,5.861480397485414
1284.4328334331512,2.4941386600128688,1,5.861480397485414
1284.5113060474396,2.501780387148589,1,5.85716813767694
1284.5888133049011,2.501780387148589,1,5.85716813767694
1284.68079829216,2.4915914176343,1,5.86291781742157
1284.7900865077972,2.5043276295271575,1,5.855730717740784
1284.8675298690796,2.4966859023914445,1,5.860042977549254
1284.9458320140839,2.499233144770013,1,5.858605557613099
1285.0237917900085,2.4915914176343,1,5.86291781742157
1285.1005861759186,2.4915914176343,1,5.86291781742157
1285.1793756484985,2.499233144770013,1,5.858605557613099
1285.2574226856232,2.499233144770013,1,5.858605557613099
1285.3334965705872,2.4941386600128688,1,5.861480397485414
1285.4129831790924,2.4941386600128688,1,5.861480397485414
1285.489892244339,2.4941386600128688,1,5.861480397485414
1285.567189693451,2.4941386600128688,1,5.861480397485414
1285.6466088294983,2.509422114284302,1,5.8528558778684685
1285.7249293327332,2.5043276295271575,1,5.855730717740784
1285.8012895584106,2.4941386600128688,1,5.861480397485414
1285.8927085399628,2.5043276295271575,1,5.855730717740784
1285.9699220657349,2.4966859023914445,1,5.860042977549254
1286.0459141731262,2.4941386600128688,1,5.861480397485414
1286.1229548454285,2.509422114284302,1,5.8528558778684685
1286.202442407608,2.48394969049858,1,5.867230077230044
1286.2782707214355,2.506874871905733,1,5.854293297804624
1286.3852066993713,2.4890441752557244,1,5.864355237357729
1286.463122367859,2.4915914176343,1,5.86291781742157
1286.5406501293182,2.499233144770013,1,5.858605557613099
1286.6196415424347,2.4890441752557244,1,5.864355237357729
1286.6979296207428,2.4890441752557244,1,5.864355237357729
1286.7728643417358,2.501780387148589,1,5.85716813767694
1286.849445104599,2.4966859023914445,1,5.860042977549254
1286.9275572299957,2.5043276295271575,1,5.855730717740784
1287.0023868083954,2.514516599041446,1,5.849981037996153
1287.07838845253,2.514516599041446,1,5.849981037996153
1287.1568143367767,2.4966859023914445,1,5.860042977549254
1287.2328298091888,2.4966859023914445,1,5.860042977549254
1287.3276896476746,2.506874871905733,1,5.854293297804624
1287.4046788215637,2.509422114284302,1,5.8528558778684685
1287.4822099208832,2.4941386600128688,1,5.861480397485414
1287.5609049797058,2.499233144770013,1,5.858605557613099
1287.6536583900452,2.5043276295271575,1,5.855730717740784
1287.7612655162811,2.501780387148589,1,5.85716813767694
1287.8701226711273,2.501780387148589,1,5.85716813767694
1287.9788098335266,2.5043276295271575,1,5.855730717740784
1288.1481890678406,2.4915914176343,1,5.86291781742157
1288.2433948516846,2.501780387148589,1,5.85716813767694
1288.3374252319336,2.5043276295271575,1,5.855730717740784
1288.4287123680115,2.48394969049858,1,5.867230077230044
1288.5220263004303,2.506874871905733,1,5.854293297804624
1288.612524986267,2.4915914176343,1,5.86291781742157
1288.7052147388458,2.4941386600128688,1,5.861480397485414
1288.798049211502,2.486496932877156,1,5.865792657293884
1288.891319990158,2.4941386600128688,1,5.861480397485414
1289.00137591362,2.501780387148589,1,5.85716813767694
1289.0939989089966,2.4941386600128688,1,5.861480397485414
1289.173323392868,2.506874871905733,1,5.854293297804624
1289.264490365982,2.4890441752557244,1,5.864355237357729
1289.3572731018066,2.499233144770013,1,5.858605557613099
1289.4509942531586,2.4890441752557244,1,5.864355237357729
1289.5457413196564,2.4941386600128688,1,5.861480397485414
1289.6540939807892,2.499233144770013,1,5.858605557613099
1289.7628018856049,2.4941386600128688,1,5.861480397485414
1289.8555541038513,2.499233144770013,1,5.858605557613099
1289.947065114975,2.5043276295271575,1,5.855730717740784
1290.0747213363647,2.501780387148589,1,5.85716813767694
1290.166479587555,2.4941386600128688,1,5.861480397485414
1290.2582318782806,2.501780387148589,1,5.85716813767694
1290.3499863147736,2.514516599041446,1,5.849981037996153
1290.4447329044342,2.4890441752557244,1,5.864355237357729
1290.5245189666748,2.5043276295271575,1,5.855730717740784
1290.6013457775116,2.4941386600128688,1,5.861480397485414
1290.6930713653564,2.499233144770013,1,5.858605557613099
1290.7858209609985,2.501780387148589,1,5.85716813767694
1290.8938093185425,2.5043276295271575,1,5.855730717740784
1290.9711232185364,2.4941386600128688,1,5.861480397485414
1291.0628774166107,2.4915914176343,1,5.86291781742157
1291.1411759853363,2.514516599041446,1,5.849981037996153
1291.2318978309631,2.486496932877156,1,5.865792657293884
1291.3236196041107,2.501780387148589,1,5.85716813767694
1291.4193692207336,2.5119693566628705,1,5.851418457932313
1291.5113415718079,2.4890441752557244,1,5.864355237357729
1291.6031007766724,2.4890441752557244,1,5.864355237357729
1291.7138166427612,2.499233144770013,1,5.858605557613099
1291.7892351150513,2.501780387148589,1,5.85716813767694
1291.9149267673492,2.4890441752557244,1,5.864355237357729
1291.991724729538,2.499233144770013,1,5.858605557613099
1292.0695991516113,2.5043276295271575,1,5.855730717740784
1292.1482374668121,2.4941386600128688,1,5.861480397485414
1292.225175857544,2.4966859023914445,1,5.860042977549254
1292.3189215660095,2.509422114284302,1,5.8528558778684685
1292.4136686325073,2.4941386600128688,1,5.861480397485414
1292.5183899402618,2.5043276295271575,1,5.855730717740784
1292.624921321869,2.4966859023914445,1,5.860042977549254
1292.7176728248596,2.514516599041446,1,5.849981037996153
1292.8114259243011,2.4966859023914445,1,5.860042977549254
1292.9056322574615,2.501780387148589,1,5.85716813767694
1293.012351512909,2.499233144770013,1,5.858605557613099
1293.1230552196503,2.509422114284302,1,5.8528558778684685
1293.2308082580566,2.486496932877156,1,5.865792657293884
1293.3104436397552,2.4941386600128688,1,5.861480397485414
1293.3863606452942,2.4966859023914445,1,5.860042977549254
1293.4641542434692,2.499233144770013,1,5.858605557613099
1293.5570652484894,2.501780387148589,1,5.85716813767694
1293.634043931961,2.506874871905733,1,5.854293297804624
1293.7289736270905,2.4941386600128688,1,5.861480397485414
1293.8081912994385,2.5043276295271575,1,5.855730717740784
1293.8840506076813,2.499233144770013,1,5.858605557613099
1293.9613382816315,2.4966859023914445,1,5.860042977549254
1294.0389850139618,2.501780387148589,1,5.85716813767694
1294.1317360401154,2.499233144770013,1,5.858605557613099
1294.2116119861603,2.4966859023914445,1,5.860042977549254
1294.2906429767609,2.4941386600128688,1,5.861480397485414
1294.3664696216583,2.499233144770013,1,5.858605557613099
1294.4449064731598,2.486496932877156,1,5.865792657293884
1294.523108959198,2.501780387148589,1,5.85716813767694
1294.5996298789978,2.514516599041446,1,5.849981037996153
1294.6774780750275,2.4890441752557244,1,5.864355237357729
1294.757344007492,2.499233144770013,1,5.858605557613099
1294.8334040641785,2.509422114284302,1,5.8528558778684685
1294.910566329956,2.5043276295271575,1,5.855730717740784
1295.0185008049011,2.509422114284302,1,5.8528558778684685
1295.0950260162354,2.5119693566628705,1,5.851418457932313
1295.220989704132,2.509422114284302,1,5.8528558778684685
1295.297751903534,2.4915914176343,1,5.86291781742157
1295.4070546627045,2.5043276295271575,1,5.855730717740784
1295.4839928150177,2.5043276295271575,1,5.855730717740784
1295.561795949936,2.506874871905733,1,5.854293297804624
1295.639820098877,2.509422114284302,1,5.8528558778684685
1295.7165818214417,2.506874871905733,1,5.854293297804624
1295.8112182617188,2.499233144770013,1,5.858605557613099
1295.889996767044,2.5043276295271575,1,5.855730717740784
1295.9666018486023,2.4966859023914445,1,5.860042977549254
1296.0435507297516,2.4941386600128688,1,5.861480397485414
1296.1379277706146,2.4890441752557244,1,5.864355237357729
1296.2296433448792,2.501780387148589,1,5.85716813767694
1296.3254721164703,2.501780387148589,1,5.85716813767694
1296.4040670394897,2.5043276295271575,1,5.855730717740784
1296.482011795044,2.5043276295271575,1,5.855730717740784
1296.560908317566,2.501780387148589,1,5.85716813767694
1296.6381514072418,2.4966859023914445,1,5.860042977549254
1296.715062379837,2.499233144770013,1,5.858605557613099
1296.7939188480377,2.5043276295271575,1,5.855730717740784
1296.887442111969,2.522158326177159,1,5.845668778187683
1296.9812092781067,2.506874871905733,1,5.854293297804624
1297.1054770946503,2.514516599041446,1,5.849981037996153
1297.1812751293182,2.517063841420015,1,5.848543618059998
1297.2881619930267,2.5119693566628705,1,5.851418457932313
1297.3930685520172,2.4966859023914445,1,5.860042977549254
1297.482828617096,2.506874871905733,1,5.854293297804624
1297.5745844841003,2.5043276295271575,1,5.855730717740784
1297.6671667099,2.506874871905733,1,5.854293297804624
1297.7443163394928,2.5043276295271575,1,5.855730717740784
1297.8219883441925,2.517063841420015,1,5.848543618059998
1297.899806022644,2.506874871905733,1,5.854293297804624
1297.9776737689972,2.5043276295271575,1,5.855730717740784
1298.0564632415771,2.499233144770013,1,5.858605557613099
1298.1330111026764,2.514516599041446,1,5.849981037996153
1298.210616350174,2.499233144770013,1,5.858605557613099
1298.288701057434,2.509422114284302,1,5.8528558778684685
1298.3653361797333,2.5043276295271575,1,5.855730717740784
1298.4592952728271,2.509422114284302,1,5.8528558778684685
1298.5375063419342,2.506874871905733,1,5.854293297804624
1298.614171743393,2.517063841420015,1,5.848543618059998
1298.694041967392,2.4966859023914445,1,5.860042977549254
1298.8019697666168,2.509422114284302,1,5.8528558778684685
1298.8803055286407,2.509422114284302,1,5.8528558778684685
1298.957449913025,2.514516599041446,1,5.849981037996153
1299.0330102443695,2.5043276295271575,1,5.855730717740784
1299.111983537674,2.5043276295271575,1,5.855730717740784
1299.1890561580658,2.514516599041446,1,5.849981037996153
1299.2646584510803,2.509422114284302,1,5.8528558778684685
1299.342567205429,2.4966859023914445,1,5.860042977549254
1299.4382750988007,2.5043276295271575,1,5.855730717740784
1299.5290324687958,2.4941386600128688,1,5.861480397485414
1299.606833934784,2.506874871905733,1,5.854293297804624
1299.685674905777,2.522158326177159,1,5.845668778187683
1299.7614896297455,2.4966859023914445,1,5.860042977549254
1299.840281009674,2.499233144770013,1,5.858605557613099
1299.9183275699615,2.509422114284302,1,5.8528558778684685
1299.995688676834,2.4788552057414357,1,5.870104917102359
1300.0749351978302,2.5043276295271575,1,5.855730717740784
1300.1655576229095,2.509422114284302,1,5.8528558778684685
1300.244076013565,2.514516599041446,1,5.849981037996153
1300.3216557502747,2.514516599041446,1,5.849981037996153
1300.4299263954163,2.509422114284302,1,5.8528558778684685
1300.5070111751556,2.5043276295271575,1,5.855730717740784
1300.5838868618011,2.5043276295271575,1,5.855730717740784
1300.6599760055542,2.5043276295271575,1,5.855730717740784
1300.7397570610046,2.499233144770013,1,5.858605557613099
1300.8187696933746,2.506874871905733,1,5.854293297804624
1300.8936231136322,2.4941386600128688,1,5.861480397485414
1300.9723284244537,2.4941386600128688,1,5.861480397485414
1301.0493125915527,2.5043276295271575,1,5.855730717740784
1301.1243855953217,2.5119693566628705,1,5.851418457932313
1301.2031619548798,2.5043276295271575,1,5.855730717740784
1301.2816951274872,2.509422114284302,1,5.8528558778684685
1301.3580832481384,2.499233144770013,1,5.858605557613099
1301.4361402988434,2.509422114284302,1,5.8528558778684685
1301.515575170517,2.4941386600128688,1,5.861480397485414
1301.609075307846,2.506874871905733,1,5.854293297804624
1301.6869704723358,2.514516599041446,1,5.849981037996153
1301.7640662193298,2.5119693566628705,1,5.851418457932313
1301.840674161911,2.5043276295271575,1,5.855730717740784
1301.920601606369,2.506874871905733,1,5.854293297804624
1302.0277152061462,2.499233144770013,1,5.858605557613099
1302.104868888855,2.501780387148589,1,5.85716813767694
1302.1809403896332,2.514516599041446,1,5.849981037996153
1302.2577390670776,2.5196110837985906,1,5.847106198123838
1302.3349862098694,2.506874871905733,1,5.854293297804624
1302.4126505851746,2.517063841420015,1,5.848543618059998
1302.490475177765,2.522158326177159,1,5.845668778187683
1302.567713022232,2.514516599041446,1,5.849981037996153
1302.6459522247314,2.522158326177159,1,5.845668778187683
1302.7240726947784,2.5043276295271575,1,5.855730717740784
1302.8016743659973,2.509422114284302,1,5.8528558778684685
1302.8810303211212,2.517063841420015,1,5.848543618059998
1302.9591882228851,2.509422114284302,1,5.8528558778684685
1303.0380461215973,2.5043276295271575,1,5.855730717740784
1303.116531610489,2.5196110837985906,1,5.847106198123838
1303.1942253112793,2.501780387148589,1,5.85716813767694
1303.2708885669708,2.501780387148589,1,5.85716813767694
1303.3500933647156,2.506874871905733,1,5.854293297804624
1303.4259130954742,2.517063841420015,1,5.848543618059998
1303.5178020000458,2.5196110837985906,1,5.847106198123838
1303.625611782074,2.506874871905733,1,5.854293297804624
1303.701613664627,2.501780387148589,1,5.85716813767694
1303.7787992954254,2.517063841420015,1,5.848543618059998
1303.8568534851074,2.5043276295271575,1,5.855730717740784
1303.9319784641266,2.509422114284302,1,5.8528558778684685
1304.0116641521454,2.517063841420015,1,5.848543618059998
1304.0891768932343,2.514516599041446,1,5.849981037996153
1304.1814196109772,2.517063841420015,1,5.848543618059998
1304.2576251029968,2.506874871905733,1,5.854293297804624
1304.3524105548859,2.501780387148589,1,5.85716813767694
1304.4298634529114,2.5119693566628705,1,5.851418457932313
1304.5096423625946,2.5043276295271575,1,5.855730717740784
1304.5881633758545,2.517063841420015,1,5.848543618059998
1304.666023492813,2.5119693566628705,1,5.851418457932313
1304.7445435523987,2.517063841420015,1,5.848543618059998
1304.823091506958,2.506874871905733,1,5.854293297804624
1304.8992726802826,2.506874871905733,1,5.854293297804624
1304.977709054947,2.5119693566628705,1,5.851418457932313
1305.0560145378113,2.506874871905733,1,5.854293297804624
1305.132996082306,2.509422114284302,1,5.8528558778684685
1305.241670846939,2.5043276295271575,1,5.855730717740784
1305.3329377174377,2.514516599041446,1,5.849981037996153
1305.4267101287842,2.514516599041446,1,5.849981037996153
1305.5184993743896,2.5196110837985906,1,5.847106198123838
1305.5933775901794,2.514516599041446,1,5.849981037996153
1305.67236161232,2.5043276295271575,1,5.855730717740784
1305.749482870102,2.5119693566628705,1,5.851418457932313
1305.8263773918152,2.5043276295271575,1,5.855730717740784
1305.9063611030579,2.4966859023914445,1,5.860042977549254
1305.9848220348358,2.514516599041446,1,5.849981037996153
1306.0617260932922,2.522158326177159,1,5.845668778187683
1306.139146566391,2.5043276295271575,1,5.855730717740784
1306.2156903743744,2.514516599041446,1,5.849981037996153
1306.2930924892426,2.514516599041446,1,5.849981037996153
1306.384842157364,2.514516599041446,1,5.849981037996153
1306.4606788158417,2.514516599041446,1,5.849981037996153
1306.5537972450256,2.5043276295271575,1,5.855730717740784
1306.633061170578,2.522158326177159,1,5.845668778187683
1306.7108483314514,2.5119693566628705,1,5.851418457932313
1306.7882282733917,2.501780387148589,1,5.85716813767694
1306.8821413516998,2.509422114284302,1,5.8528558778684685
1306.959553718567,2.5043276295271575,1,5.855730717740784
1307.0394055843353,2.509422114284302,1,5.8528558778684685
1307.1174626350403,2.517063841420015,1,5.848543618059998
1307.1929352283478,2.506874871905733,1,5.854293297804624
1307.2716417312622,2.501780387148589,1,5.85716813767694
1307.3506829738617,2.514516599041446,1,5.849981037996153
1307.4259121418,2.5043276295271575,1,5.855730717740784
1307.5052139759064,2.514516599041446,1,5.849981037996153
1307.599184513092,2.514516599041446,1,5.849981037996153
1307.676684141159,2.501780387148589,1,5.85716813767694
1307.7537455558777,2.506874871905733,1,5.854293297804624
1307.8326213359833,2.514516599041446,1,5.849981037996153
1307.9243075847626,2.499233144770013,1,5.858605557613099
1308.0169565677643,2.514516599041446,1,5.849981037996153
1308.1106832027435,2.5043276295271575,1,5.855730717740784
1308.1867280006409,2.506874871905733,1,5.854293297804624
1308.2661049365997,2.509422114284302,1,5.8528558778684685
1308.3430705070496,2.514516599041446,1,5.849981037996153
1308.4190561771393,2.514516599041446,1,5.849981037996153
1308.5145218372345,2.5119693566628705,1,5.851418457932313
1308.5914855003357,2.524705568555735,1,5.844231358251523
1308.6704847812653,2.5043276295271575,1,5.855730717740784
1308.7496774196625,2.506874871905733,1,5.854293297804624
1308.8250634670258,2.501780387148589,1,5.85716813767694
1308.9041180610657,2.509422114284302,1,5.8528558778684685
1308.9807662963867,2.506874871905733,1,5.854293297804624
1309.0584404468536,2.517063841420015,1,5.848543618059998
1309.136637210846,2.5119693566628705,1,5.851418457932313
1309.21590924263,2.5043276295271575,1,5.855730717740784
1309.3087630271912,2.5196110837985906,1,5.847106198123838
1309.4022963047028,2.4966859023914445,1,5.860042977549254
1309.509614944458,2.514516599041446,1,5.849981037996153
1309.5879170894623,2.514516599041446,1,5.849981037996153
1309.66659450531,2.517063841420015,1,5.848543618059998
1309.744556427002,2.522158326177159,1,5.845668778187683
1309.8230681419373,2.514516599041446,1,5.849981037996153
1309.902856349945,2.5119693566628705,1,5.851418457932313
1309.9805798530579,2.5119693566628705,1,5.851418457932313
1310.0591404438019,2.522158326177159,1,5.845668778187683
1310.1540496349335,2.4941386600128688,1,5.861480397485414
1310.229965209961,2.524705568555735,1,5.844231358251523
1310.3081645965576,2.5119693566628705,1,5.851418457932313
1310.3859071731567,2.5196110837985906,1,5.847106198123838
1310.4629170894623,2.5298000533128793,1,5.841356518379208
1310.542762517929,2.509422114284302,1,5.8528558778684685
1310.6220314502716,2.514516599041446,1,5.849981037996153
1310.6981291770935,2.5119693566628705,1,5.851418457932313
1310.7771663665771,2.517063841420015,1,5.848543618059998
1310.8561685085297,2.5043276295271575,1,5.855730717740784
1310.9326577186584,2.5119693566628705,1,5.851418457932313
1311.0097959041595,2.517063841420015,1,5.848543618059998
1311.087839603424,2.509422114284302,1,5.8528558778684685
1311.164001941681,2.514516599041446,1,5.849981037996153
1311.2432401180267,2.5043276295271575,1,5.855730717740784
1311.3230426311493,2.517063841420015,1,5.848543618059998
1311.3984117507935,2.514516599041446,1,5.849981037996153
1311.4782497882843,2.517063841420015,1,5.848543618059998
1311.55819606781,2.514516599041446,1,5.849981037996153
1311.6340401172638,2.506874871905733,1,5.854293297804624
1311.7299482822418,2.514516599041446,1,5.849981037996153
1311.8069398403168,2.524705568555735,1,5.844231358251523
1311.8818747997284,2.5043276295271575,1,5.855730717740784
1311.959392786026,2.509422114284302,1,5.8528558778684685
1312.0384707450867,2.5043276295271575,1,5.855730717740784
1312.1142990589142,2.524705568555735,1,5.844231358251523
1312.1900997161865,2.5196110837985906,1,5.847106198123838
1312.2656333446503,2.514516599041446,1,5.849981037996153
1312.3427062034607,2.5196110837985906,1,5.847106198123838
1312.4219691753387,2.5043276295271575,1,5.855730717740784
1312.499992609024,2.5119693566628705,1,5.851418457932313
1312.5766484737396,2.524705568555735,1,5.844231358251523
1312.6551504135132,2.514516599041446,1,5.849981037996153
1312.734081029892,2.509422114284302,1,5.8528558778684685
1312.8102898597717,2.5196110837985906,1,5.847106198123838
1312.8882973194122,2.514516599041446,1,5.849981037996153
1312.964064836502,2.5119693566628705,1,5.851418457932313
1313.0398616790771,2.524705568555735,1,5.844231358251523
1313.1186821460724,2.514516599041446,1,5.849981037996153
1313.1984415054321,2.5119693566628705,1,5.851418457932313
1313.3216412067413,2.522158326177159,1,5.845668778187683
1313.4159145355225,2.5043276295271575,1,5.855730717740784
1313.4935739040375,2.5196110837985906,1,5.847106198123838
1313.5863704681396,2.5043276295271575,1,5.855730717740784
1313.6631665229797,2.517063841420015,1,5.848543618059998
1313.7549533843994,2.522158326177159,1,5.845668778187683
1313.8506979942322,2.514516599041446,1,5.849981037996153
1313.9613976478577,2.514516599041446,1,5.849981037996153
1314.0531554222107,2.514516599041446,1,5.849981037996153
1314.1315248012543,2.5196110837985906,1,5.847106198123838
1314.2093291282654,2.522158326177159,1,5.845668778187683
1314.287887096405,2.524705568555735,1,5.844231358251523
1314.3819661140442,2.5298000533128793,1,5.841356518379208
1314.4587631225586,2.5196110837985906,1,5.847106198123838
1314.535809993744,2.522158326177159,1,5.845668778187683
1314.6138818264008,2.514516599041446,1,5.849981037996153
1314.6907966136932,2.5119693566628705,1,5.851418457932313
1314.77015376091,2.5196110837985906,1,5.847106198123838
1314.8478252887726,2.5348945380700236,1,5.838481678506893
1314.923773765564,2.5196110837985906,1,5.847106198123838
1315.032989025116,2.514516599041446,1,5.849981037996153
1315.1096441745758,2.517063841420015,1,5.848543618059998
1315.1857976913452,2.5119693566628705,1,5.851418457932313
1315.2637903690338,2.5196110837985906,1,5.847106198123838
1315.3399558067322,2.517063841420015,1,5.848543618059998
1315.4169557094574,2.514516599041446,1,5.849981037996153
1315.4968395233154,2.522158326177159,1,5.845668778187683
1315.618350982666,2.5119693566628705,1,5.851418457932313
1315.6978242397308,2.522158326177159,1,5.845668778187683
1315.776691198349,2.5272528109343035,1,5.842793938315368
1315.8527455329895,2.5196110837985906,1,5.847106198123838
1315.9300408363342,2.5298000533128793,1,5.841356518379208
1316.0099251270294,2.5425362652057366,1,5.834169418698423
1316.10271525383,2.5298000533128793,1,5.841356518379208
1316.1956779956818,2.5196110837985906,1,5.847106198123838
1316.2721331119537,2.5374417804485923,1,5.837044258570738
1316.348962545395,2.5119693566628705,1,5.851418457932313
1316.4249296188354,2.5298000533128793,1,5.841356518379208
1316.5043075084686,2.524705568555735,1,5.844231358251523
1316.5807118415833,2.509422114284302,1,5.8528558778684685
1316.688753604889,2.5298000533128793,1,5.841356518379208
1316.77952170372,2.514516599041446,1,5.849981037996153
1316.855346441269,2.517063841420015,1,5.848543618059998
1316.9344353675842,2.5043276295271575,1,5.855730717740784
1317.0110912322998,2.522158326177159,1,5.845668778187683
1317.0900568962097,2.5196110837985906,1,5.847106198123838
1317.1691222190857,2.5196110837985906,1,5.847106198123838
1317.2455172538757,2.522158326177159,1,5.845668778187683
1317.3234145641327,2.509422114284302,1,5.8528558778684685
1317.4025688171387,2.514516599041446,1,5.849981037996153
1317.47851395607,2.5298000533128793,1,5.841356518379208
1317.5575585365295,2.517063841420015,1,5.848543618059998
1317.6343865394592,2.499233144770013,1,5.858605557613099
1317.7111265659332,2.5119693566628705,1,5.851418457932313
1317.7900142669678,2.522158326177159,1,5.845668778187683
1317.8827764987946,2.514516599041446,1,5.849981037996153
1317.9596803188324,2.517063841420015,1,5.848543618059998
1318.0360186100006,2.514516599041446,1,5.849981037996153
1318.1268470287323,2.5348945380700236,1,5.838481678506893
1318.2029328346252,2.5298000533128793,1,5.841356518379208
1318.3140816688538,2.5374417804485923,1,5.837044258570738
1318.3911247253418,2.517063841420015,1,5.848543618059998
1318.467247724533,2.5298000533128793,1,5.841356518379208
1318.544872045517,2.5119693566628705,1,5.851418457932313
1318.6214079856873,2.522158326177159,1,5.845668778187683
1318.6980757713318,2.514516599041446,1,5.849981037996153
1318.7758338451385,2.517063841420015,1,5.848543618059998
1318.8532893657684,2.524705568555735,1,5.844231358251523
1318.9295148849487,2.524705568555735,1,5.844231358251523
1319.0091834068298,2.5119693566628705,1,5.851418457932313
1319.088051557541,2.5196110837985906,1,5.847106198123838
1319.165055513382,2.524705568555735,1,5.844231358251523
1319.2430527210236,2.524705568555735,1,5.844231358251523
1319.3196878433228,2.5348945380700236,1,5.838481678506893
1319.3958961963654,2.509422114284302,1,5.8528558778684685
1319.4730834960938,2.524705568555735,1,5.844231358251523
1319.5518600940704,2.524705568555735,1,5.844231358251523
1319.6268923282623,2.514516599041446,1,5.849981037996153
1319.703714132309,2.5272528109343035,1,5.842793938315368
1319.7823708057404,2.5043276295271575,1,5.855730717740784
1319.890625,2.5196110837985906,1,5.847106198123838
1319.9704115390778,2.5298000533128793,1,5.841356518379208
1320.046174287796,2.522158326177159,1,5.845668778187683
1320.125961303711,2.522158326177159,1,5.845668778187683
1320.2024366855621,2.524705568555735,1,5.844231358251523
1320.2783398628235,2.514516599041446,1,5.849981037996153
1320.3577148914337,2.514516599041446,1,5.849981037996153
1320.4376902580261,2.5298000533128793,1,5.841356518379208
1320.513673067093,2.5196110837985906,1,5.847106198123838
1320.5930161476135,2.522158326177159,1,5.845668778187683
1320.6709847450256,2.5298000533128793,1,5.841356518379208
1320.7465057373047,2.5196110837985906,1,5.847106198123838
1320.8253135681152,2.5119693566628705,1,5.851418457932313
1320.9026534557343,2.5298000533128793,1,5.841356518379208
1320.9792230129242,2.514516599041446,1,5.849981037996153
1321.0559945106506,2.5374417804485923,1,5.837044258570738
1321.1348161697388,2.5272528109343035,1,5.842793938315368
1321.2120547294617,2.524705568555735,1,5.844231358251523
1321.3068399429321,2.522158326177159,1,5.845668778187683
1321.3852882385254,2.5272528109343035,1,5.842793938315368
1321.4920094013214,2.517063841420015,1,5.848543618059998
1321.5694029331207,2.5298000533128793,1,5.841356518379208
1321.6463732719421,2.5272528109343035,1,5.842793938315368
1321.7241067886353,2.524705568555735,1,5.844231358251523
1321.8023009300232,2.5272528109343035,1,5.842793938315368
1321.880853652954,2.5196110837985906,1,5.847106198123838
1321.9563522338867,2.524705568555735,1,5.844231358251523
1322.0340414047241,2.5298000533128793,1,5.841356518379208
1322.1119832992554,2.5298000533128793,1,5.841356518379208
1322.1878492832184,2.5298000533128793,1,5.841356518379208
1322.2667961120605,2.524705568555735,1,5.844231358251523
1322.34499168396,2.517063841420015,1,5.848543618059998
1322.4226727485657,2.5348945380700236,1,5.838481678506893
1322.4996495246887,2.5298000533128793,1,5.841356518379208
1322.5752227306366,2.524705568555735,1,5.844231358251523
1322.653056383133,2.514516599041446,1,5.849981037996153
1322.7309093475342,2.5272528109343035,1,5.842793938315368
1322.8093240261078,2.522158326177159,1,5.845668778187683
1322.8860228061676,2.532347295691448,1,5.839919098443053
1322.9659686088562,2.5272528109343035,1,5.842793938315368
1323.0598316192627,2.5196110837985906,1,5.847106198123838
1323.1372652053833,2.5272528109343035,1,5.842793938315368
1323.2145490646362,2.5298000533128793,1,5.841356518379208
1323.2911040782928,2.524705568555735,1,5.844231358251523
1323.3680918216705,2.5298000533128793,1,5.841356518379208
1323.4474647045135,2.524705568555735,1,5.844231358251523
1323.5247626304626,2.5272528109343035,1,5.842793938315368
1323.6171689033508,2.522158326177159,1,5.845668778187683
1323.6940517425537,2.5298000533128793,1,5.841356518379208
1323.7696783542633,2.539989022827161,1,5.8356068386345825
1323.847174167633,2.5348945380700236,1,5.838481678506893
1323.9240815639496,2.5348945380700236,1,5.838481678506893
1324.0006272792816,2.539989022827161,1,5.8356068386345825
1324.0799639225006,2.5298000533128793,1,5.841356518379208
1324.1590559482574,2.5272528109343035,1,5.842793938315368
1324.2368128299713,2.5196110837985906,1,5.847106198123838
1324.3307361602783,2.522158326177159,1,5.845668778187683
1324.4248249530792,2.524705568555735,1,5.844231358251523
1324.516860961914,2.532347295691448,1,5.839919098443053
1324.5930593013763,2.517063841420015,1,5.848543618059998
1324.716873884201,2.524705568555735,1,5.844231358251523
1324.8126864433289,2.524705568555735,1,5.844231358251523
1324.8906638622284,2.5374417804485923,1,5.837044258570738
1324.96763753891,2.5348945380700236,1,5.838481678506893
1325.0620222091675,2.517063841420015,1,5.848543618059998
1325.139930009842,2.522158326177159,1,5.845668778187683
1325.2151501178741,2.5196110837985906,1,5.847106198123838
1325.2944405078888,2.522158326177159,1,5.845668778187683
1325.3742225170135,2.5196110837985906,1,5.847106198123838
1325.4496848583221,2.5348945380700236,1,5.838481678506893
1325.542232990265,2.5348945380700236,1,5.838481678506893
1325.6194772720337,2.522158326177159,1,5.845668778187683
1325.697841644287,2.5196110837985906,1,5.847106198123838
1325.7776823043823,2.517063841420015,1,5.848543618059998
1325.8555228710175,2.514516599041446,1,5.849981037996153
1325.9477546215057,2.509422114284302,1,5.8528558778684685
1326.0271582603455,2.514516599041446,1,5.849981037996153
1326.1040451526642,2.5298000533128793,1,5.841356518379208
1326.1833431720734,2.539989022827161,1,5.8356068386345825
1326.2617177963257,2.517063841420015,1,5.848543618059998
1326.3700029850006,2.532347295691448,1,5.839919098443053
1326.4490530490875,2.532347295691448,1,5.839919098443053
1326.5442669391632,2.524705568555735,1,5.844231358251523
1326.622552394867,2.514516599041446,1,5.849981037996153
1326.7019143104553,2.522158326177159,1,5.845668778187683
1326.779661655426,2.517063841420015,1,5.848543618059998
1326.8562347888947,2.5298000533128793,1,5.841356518379208
1326.934736251831,2.524705568555735,1,5.844231358251523
1327.0142517089844,2.5348945380700236,1,5.838481678506893
1327.091637134552,2.524705568555735,1,5.844231358251523
1327.171088218689,2.522158326177159,1,5.845668778187683
1327.2478470802307,2.517063841420015,1,5.848543618059998
1327.3412778377533,2.5196110837985906,1,5.847106198123838
1327.4492819309235,2.524705568555735,1,5.844231358251523
1327.5261781215668,2.5374417804485923,1,5.837044258570738
1327.6041505336761,2.539989022827161,1,5.8356068386345825
1327.6802380084991,2.524705568555735,1,5.844231358251523
1327.75572514534,2.5272528109343035,1,5.842793938315368
1327.8349373340607,2.5374417804485923,1,5.837044258570738
1327.91353225708,2.5298000533128793,1,5.841356518379208
1328.0499720573425,2.522158326177159,1,5.845668778187683
1328.143905878067,2.5348945380700236,1,5.838481678506893
1328.2369520664215,2.5298000533128793,1,5.841356518379208
1328.3619759082794,2.522158326177159,1,5.845668778187683
1328.4403147697449,2.5272528109343035,1,5.842793938315368
1328.5172710418701,2.532347295691448,1,5.839919098443053
1328.5973484516144,2.532347295691448,1,5.839919098443053
1328.6749830245972,2.522158326177159,1,5.845668778187683
1328.7510361671448,2.5348945380700236,1,5.838481678506893
1328.8429396152496,2.517063841420015,1,5.848543618059998
1328.9203126430511,2.539989022827161,1,5.8356068386345825
1328.9979164600372,2.5298000533128793,1,5.841356518379208
1329.0739538669586,2.5196110837985906,1,5.847106198123838
1329.1518173217773,2.5348945380700236,1,5.838481678506893
1329.2308707237244,2.5196110837985906,1,5.847106198123838
1329.3105328083038,2.524705568555735,1,5.844231358251523
1329.40300822258,2.5348945380700236,1,5.838481678506893
1329.4819586277008,2.5272528109343035,1,5.842793938315368
1329.5610375404358,2.522158326177159,1,5.845668778187683
1329.6385278701782,2.5298000533128793,1,5.841356518379208
1329.7788217067719,2.5348945380700236,1,5.838481678506893
1329.856328010559,2.532347295691448,1,5.839919098443053
1329.9350228309631,2.539989022827161,1,5.8356068386345825
1330.01193857193,2.5348945380700236,1,5.838481678506893
1330.0896887779236,2.5272528109343035,1,5.842793938315368
1330.1665291786194,2.547630749962881,1,5.831294578826108
1330.261792421341,2.524705568555735,1,5.844231358251523
1330.3541049957275,2.5348945380700236,1,5.838481678506893
1330.446855545044,2.5348945380700236,1,5.838481678506893
1330.524002313614,2.5298000533128793,1,5.841356518379208
1330.5995416641235,2.539989022827161,1,5.8356068386345825
1330.6769976615906,2.5298000533128793,1,5.841356518379208
1330.7696413993835,2.5374417804485923,1,5.837044258570738
1330.8478350639343,2.532347295691448,1,5.839919098443053
1330.9253134727478,2.5272528109343035,1,5.842793938315368
1331.0016820430756,2.5272528109343035,1,5.842793938315368
1331.0944271087646,2.5196110837985906,1,5.847106198123838
1331.1701574325562,2.5272528109343035,1,5.842793938315368
1331.248111486435,2.5374417804485923,1,5.837044258570738
1331.3260362148285,2.514516599041446,1,5.849981037996153
1331.4340567588806,2.5298000533128793,1,5.841356518379208
1331.510895729065,2.5298000533128793,1,5.841356518379208
1331.5906774997711,2.522158326177159,1,5.845668778187683
1331.6703023910522,2.5450835075843052,1,5.8327319987622674
1331.748251914978,2.539989022827161,1,5.8356068386345825
1331.8277842998505,2.522158326177159,1,5.845668778187683
1331.9055576324463,2.514516599041446,1,5.849981037996153
1331.9833071231842,2.532347295691448,1,5.839919098443053
1332.0614032745361,2.532347295691448,1,5.839919098443053
1332.153793811798,2.5272528109343035,1,5.842793938315368
1332.2608706951141,2.5272528109343035,1,5.842793938315368
1332.3377373218536,2.5298000533128793,1,5.841356518379208
1332.4301118850708,2.532347295691448,1,5.839919098443053
1332.5230250358582,2.532347295691448,1,5.839919098443053
1332.6015169620514,2.5298000533128793,1,5.841356518379208
1332.6781871318817,2.522158326177159,1,5.845668778187683
1332.773445367813,2.5298000533128793,1,5.841356518379208
1332.8660514354706,2.524705568555735,1,5.844231358251523
1332.9434990882874,2.5272528109343035,1,5.842793938315368
1333.021389245987,2.532347295691448,1,5.839919098443053
1333.130033493042,2.5298000533128793,1,5.841356518379208
1333.2068841457367,2.524705568555735,1,5.844231358251523
1333.2849717140198,2.5425362652057366,1,5.834169418698423
1333.360802412033,2.5374417804485923,1,5.837044258570738
1333.4394516944885,2.5348945380700236,1,5.838481678506893
1333.5177147388458,2.5527252347200253,1,5.828419738953793
1333.5940129756927,2.5425362652057366,1,5.834169418698423
1333.673063993454,2.5196110837985906,1,5.847106198123838
1333.765495300293,2.5425362652057366,1,5.834169418698423
1333.8429613113403,2.532347295691448,1,5.839919098443053
1333.921746969223,2.5348945380700236,1,5.838481678506893
1334.0155284404755,2.5374417804485923,1,5.837044258570738
1334.093320608139,2.5425362652057366,1,5.834169418698423
1334.202887058258,2.5298000533128793,1,5.841356518379208
1334.2960200309753,2.5425362652057366,1,5.834169418698423
1334.3897697925568,2.532347295691448,1,5.839919098443053
1334.4840261936188,2.5348945380700236,1,5.838481678506893
1334.5767793655396,2.539989022827161,1,5.8356068386345825
1334.669287443161,2.5425362652057366,1,5.834169418698423
1334.7768771648407,2.5298000533128793,1,5.841356518379208
1334.8566312789917,2.539989022827161,1,5.8356068386345825
1334.934581041336,2.532347295691448,1,5.839919098443053
1335.012372493744,2.5374417804485923,1,5.837044258570738
1335.1076216697693,2.532347295691448,1,5.839919098443053
1335.200579404831,2.547630749962881,1,5.831294578826108
1335.295327425003,2.5348945380700236,1,5.838481678506893
1335.3910682201385,2.522158326177159,1,5.845668778187683
1335.498780488968,2.5374417804485923,1,5.837044258570738
1335.5945262908936,2.539989022827161,1,5.8356068386345825
1335.7032339572906,2.5348945380700236,1,5.838481678506893
1335.7969961166382,2.5374417804485923,1,5.837044258570738
1335.890732049942,2.5348945380700236,1,5.838481678506893
1335.9844815731049,2.547630749962881,1,5.831294578826108
1336.0792331695557,2.547630749962881,1,5.831294578826108
1336.1709830760956,2.539989022827161,1,5.8356068386345825
1336.2657296657562,2.5450835075843052,1,5.8327319987622674
1336.3600459098816,2.5501779923414496,1,5.829857158889952
1336.4679498672485,2.5348945380700236,1,5.838481678506893
1336.5471160411835,2.5348945380700236,1,5.838481678506893
1336.6393430233002,2.539989022827161,1,5.8356068386345825
1336.7182669639587,2.5348945380700236,1,5.838481678506893
1336.7947189807892,2.532347295691448,1,5.839919098443053
1336.9044253826141,2.5374417804485923,1,5.837044258570738
1337.0131998062134,2.5527252347200253,1,5.828419738953793
1337.1067805290222,2.524705568555735,1,5.844231358251523
1337.2006223201752,2.532347295691448,1,5.839919098443053
1337.2943787574768,2.5374417804485923,1,5.837044258570738
1337.3712856769562,2.5374417804485923,1,5.837044258570738
1337.4502840042114,2.5527252347200253,1,5.828419738953793
1337.5450313091278,2.5425362652057366,1,5.834169418698423
1337.6397790908813,2.5425362652057366,1,5.834169418698423
1337.7464940547943,2.5527252347200253,1,5.828419738953793
1337.8402416706085,2.5425362652057366,1,5.834169418698423
1337.9340085983276,2.5425362652057366,1,5.834169418698423
1338.02774143219,2.5425362652057366,1,5.834169418698423
1338.1683640480042,2.5348945380700236,1,5.838481678506893
1338.2769258022308,2.5374417804485923,1,5.837044258570738
1338.3728184700012,2.5348945380700236,1,5.838481678506893
1338.4825241565704,2.5578197194771697,1,5.8255448990814775
1338.5769724845886,2.5450835075843052,1,5.8327319987622674
1338.65513753891,2.5425362652057366,1,5.834169418698423
1338.7334475517273,2.532347295691448,1,5.839919098443053
1338.8128304481506,2.539989022827161,1,5.8356068386345825
1338.8887813091278,2.5374417804485923,1,5.837044258570738
1338.9659495353699,2.5298000533128793,1,5.841356518379208
1339.0432131290436,2.5450835075843052,1,5.8327319987622674
1339.1209716796875,2.5272528109343035,1,5.842793938315368
1339.2143201828003,2.532347295691448,1,5.839919098443053
1339.2923526763916,2.5374417804485923,1,5.837044258570738
1339.3866081237793,2.5272528109343035,1,5.842793938315368
1339.4773666858673,2.5348945380700236,1,5.838481678506893
1339.5692563056946,2.524705568555735,1,5.844231358251523
1339.6480021476746,2.5348945380700236,1,5.838481678506893
1339.7569971084595,2.532347295691448,1,5.839919098443053
1339.834059715271,2.5298000533128793,1,5.841356518379208
1339.912113904953,2.5298000533128793,1,5.841356518379208
1339.9916429519653,2.5425362652057366,1,5.834169418698423
1340.0679280757904,2.5348945380700236,1,5.838481678506893
1340.1453943252563,2.5501779923414496,1,5.829857158889952
1340.2219882011414,2.547630749962881,1,5.831294578826108
1340.2988243103027,2.5374417804485923,1,5.837044258570738
1340.3897414207458,2.532347295691448,1,5.839919098443053
1340.4685881137848,2.5272528109343035,1,5.842793938315368
1340.5475945472717,2.5298000533128793,1,5.841356518379208
1340.6230940818787,2.5348945380700236,1,5.838481678506893
1340.7009899616241,2.532347295691448,1,5.839919098443053
1340.7807450294495,2.5450835075843052,1,5.8327319987622674
1340.8592069149017,2.5374417804485923,1,5.837044258570738
1340.9377391338348,2.5348945380700236,1,5.838481678506893
1341.0158550739288,2.5374417804485923,1,5.837044258570738
1341.0920023918152,2.5348945380700236,1,5.838481678506893
1341.1706459522247,2.5272528109343035,1,5.842793938315368
1341.2807416915894,2.522158326177159,1,5.845668778187683
1341.373165845871,2.532347295691448,1,5.839919098443053
1341.4669156074524,2.524705568555735,1,5.844231358251523
1341.5612285137177,2.5425362652057366,1,5.834169418698423
1341.671961069107,2.524705568555735,1,5.844231358251523
1341.7647922039032,2.5450835075843052,1,5.8327319987622674
1341.8416984081268,2.547630749962881,1,5.831294578826108
1341.9215157032013,2.5527252347200253,1,5.828419738953793
1342.0013558864594,2.539989022827161,1,5.8356068386345825
1342.0794489383698,2.5374417804485923,1,5.837044258570738
1342.157241344452,2.539989022827161,1,5.8356068386345825
1342.236155986786,2.5348945380700236,1,5.838481678506893
1342.3129336833954,2.539989022827161,1,5.8356068386345825
1342.3907978534698,2.5450835075843052,1,5.8327319987622674
1342.4668896198273,2.524705568555735,1,5.844231358251523
1342.544738292694,2.5450835075843052,1,5.8327319987622674
1342.6241071224213,2.539989022827161,1,5.8356068386345825
1342.7013545036316,2.5272528109343035,1,5.842793938315368
1342.855295419693,2.547630749962881,1,5.831294578826108
1342.9625668525696,2.5348945380700236,1,5.838481678506893
1343.057681798935,2.5425362652057366,1,5.834169418698423
1343.1534247398376,2.5298000533128793,1,5.841356518379208
1343.2313616275787,2.547630749962881,1,5.831294578826108
1343.3092975616455,2.5272528109343035,1,5.842793938315368
1343.3866653442383,2.5272528109343035,1,5.842793938315368
1343.4793384075165,2.5348945380700236,1,5.838481678506893
1343.557935476303,2.539989022827161,1,5.8356068386345825
1343.635201215744,2.5425362652057366,1,5.834169418698423
1343.7109472751617,2.5348945380700236,1,5.838481678506893
1343.7903101444244,2.5374417804485923,1,5.837044258570738
1343.8694360256195,2.5450835075843052,1,5.8327319987622674
1343.9459936618805,2.5348945380700236,1,5.838481678506893
1344.0249350070953,2.547630749962881,1,5.831294578826108
1344.103202342987,2.5348945380700236,1,5.838481678506893
1344.181604385376,2.5374417804485923,1,5.837044258570738
1344.2767424583435,2.5450835075843052,1,5.8327319987622674
1344.3841829299927,2.5374417804485923,1,5.837044258570738
1344.463350534439,2.5374417804485923,1,5.837044258570738
1344.5412135124207,2.5603669618557383,1,5.824107479145322
1344.6174392700195,2.5425362652057366,1,5.834169418698423
1344.6969888210297,2.539989022827161,1,5.8356068386345825
1344.7749235630035,2.5425362652057366,1,5.834169418698423
1344.8520982265472,2.5450835075843052,1,5.8327319987622674
1344.9305713176727,2.5374417804485923,1,5.837044258570738
1345.0078961849213,2.5425362652057366,1,5.834169418698423
1345.0848853588104,2.5374417804485923,1,5.837044258570738
1345.1784598827362,2.5450835075843052,1,5.8327319987622674
1345.25657248497,2.5450835075843052,1,5.8327319987622674
1345.333925485611,2.532347295691448,1,5.839919098443053
1345.4133515357971,2.5425362652057366,1,5.834169418698423
1345.4931426048279,2.547630749962881,1,5.831294578826108
1345.5710203647614,2.5501779923414496,1,5.829857158889952
1345.6506810188293,2.5374417804485923,1,5.837044258570738
1345.7276260852814,2.547630749962881,1,5.831294578826108
1345.8353381156921,2.539989022827161,1,5.8356068386345825
1345.914154291153,2.5450835075843052,1,5.8327319987622674
1345.992957830429,2.547630749962881,1,5.831294578826108
1346.071698665619,2.555272477098594,1,5.826982319017637
1346.150561094284,2.5450835075843052,1,5.8327319987622674
1346.2294058799744,2.539989022827161,1,5.8356068386345825
1346.3083002567291,2.5450835075843052,1,5.8327319987622674
1346.3871352672577,2.547630749962881,1,5.831294578826108
1346.4788904190063,2.5272528109343035,1,5.842793938315368
1346.5708084106445,2.5603669618557383,1,5.824107479145322
1346.6652419567108,2.524705568555735,1,5.844231358251523
1346.757028579712,2.5527252347200253,1,5.828419738953793
1346.8357858657837,2.5450835075843052,1,5.8327319987622674
1346.913892507553,2.5374417804485923,1,5.837044258570738
1347.0218555927277,2.5450835075843052,1,5.8327319987622674
1347.1160035133362,2.5348945380700236,1,5.838481678506893
1347.1933603286743,2.5578197194771697,1,5.8255448990814775
1347.2861468791962,2.5603669618557383,1,5.824107479145322
1347.3629734516144,2.5450835075843052,1,5.8327319987622674
1347.5036056041718,2.5450835075843052,1,5.8327319987622674
1347.5963582992554,2.5527252347200253,1,5.828419738953793
1347.6902205944061,2.5578197194771697,1,5.8255448990814775
1347.7993876934052,2.547630749962881,1,5.831294578826108
1347.9076099395752,2.5425362652057366,1,5.834169418698423
1348.0017170906067,2.5501779923414496,1,5.829857158889952
1348.0958366394043,2.547630749962881,1,5.831294578826108
1348.1746249198914,2.5603669618557383,1,5.824107479145322
1348.2663795948029,2.532347295691448,1,5.839919098443053
1348.3441717624664,2.562914204234314,1,5.8226700592091625
1348.4359273910522,2.5527252347200253,1,5.828419738953793
1348.5316734313965,2.5348945380700236,1,5.838481678506893
1348.6254906654358,2.5501779923414496,1,5.829857158889952
1348.7190821170807,2.547630749962881,1,5.831294578826108
1348.7963070869446,2.5450835075843052,1,5.8327319987622674
1348.9048359394073,2.5425362652057366,1,5.834169418698423
1348.9817814826965,2.5527252347200253,1,5.828419738953793
1349.0578272342682,2.5450835075843052,1,5.8327319987622674
1349.1675536632538,2.5450835075843052,1,5.8327319987622674
1349.2474930286407,2.5450835075843052,1,5.8327319987622674
1349.3413681983948,2.5450835075843052,1,5.8327319987622674
1349.434121131897,2.5501779923414496,1,5.829857158889952
1349.5270030498505,2.5348945380700236,1,5.838481678506893
1349.604416847229,2.555272477098594,1,5.826982319017637
1349.6817693710327,2.5450835075843052,1,5.8327319987622674
1349.7581820487976,2.5425362652057366,1,5.834169418698423
1349.8372728824615,2.5450835075843052,1,5.8327319987622674
1349.916155576706,2.539989022827161,1,5.8356068386345825
1349.9939527511597,2.547630749962881,1,5.831294578826108
1350.0723395347595,2.5578197194771697,1,5.8255448990814775
1350.1513776779175,2.5527252347200253,1,5.828419738953793
1350.227549791336,2.555272477098594,1,5.826982319017637
1350.3047516345978,2.5425362652057366,1,5.834169418698423
1350.3817710876465,2.539989022827161,1,5.8356068386345825
1350.4594016075134,2.555272477098594,1,5.826982319017637
1350.5539796352386,2.5374417804485923,1,5.837044258570738
1350.6487083435059,2.5425362652057366,1,5.834169418698423
1350.7586405277252,2.5501779923414496,1,5.829857158889952
1350.8378837108612,2.555272477098594,1,5.826982319017637
1350.9160981178284,2.524705568555735,1,5.844231358251523
1350.9939095973969,2.532347295691448,1,5.839919098443053
1351.0709066390991,2.539989022827161,1,5.8356068386345825
1351.147697687149,2.539989022827161,1,5.8356068386345825
1351.2266840934753,2.5450835075843052,1,5.8327319987622674
1351.3047728538513,2.5374417804485923,1,5.837044258570738
1351.380481004715,2.532347295691448,1,5.839919098443053
1351.4568152427673,2.5527252347200253,1,5.828419738953793
1351.5354406833649,2.5425362652057366,1,5.834169418698423
1351.614099264145,2.555272477098594,1,5.826982319017637
1351.691852092743,2.5501779923414496,1,5.829857158889952
1351.7693223953247,2.5501779923414496,1,5.829857158889952
1351.860080242157,2.5501779923414496,1,5.829857158889952
1351.9398667812347,2.555272477098594,1,5.826982319017637
1352.0326182842255,2.539989022827161,1,5.8356068386345825
1352.10968875885,2.5527252347200253,1,5.828419738953793
1352.2197456359863,2.5501779923414496,1,5.829857158889952
1352.3124537467957,2.5527252347200253,1,5.828419738953793
1352.40727353096,2.5501779923414496,1,5.829857158889952
1352.4859142303467,2.547630749962881,1,5.831294578826108
1352.562737941742,2.539989022827161,1,5.8356068386345825
1352.6406779289246,2.5374417804485923,1,5.837044258570738
1352.71932721138,2.5425362652057366,1,5.834169418698423
1352.795850276947,2.539989022827161,1,5.8356068386345825
1352.87539935112,2.5425362652057366,1,5.834169418698423
1352.9542665481567,2.5450835075843052,1,5.8327319987622674
1353.0307157039642,2.539989022827161,1,5.8356068386345825
1353.1101217269897,2.532347295691448,1,5.839919098443053
1353.187907218933,2.5348945380700236,1,5.838481678506893
1353.2796244621277,2.5348945380700236,1,5.838481678506893
1353.3753986358643,2.5374417804485923,1,5.837044258570738
1353.4843740463257,2.5527252347200253,1,5.828419738953793
1353.5791201591492,2.547630749962881,1,5.831294578826108
1353.6729185581207,2.5450835075843052,1,5.8327319987622674
1353.7818610668182,2.547630749962881,1,5.831294578826108
1353.8598380088806,2.5348945380700236,1,5.838481678506893
1353.9379098415375,2.555272477098594,1,5.826982319017637
1354.0152773857117,2.539989022827161,1,5.8356068386345825
1354.0930705070496,2.524705568555735,1,5.844231358251523
1354.17196393013,2.5527252347200253,1,5.828419738953793
1354.250039100647,2.555272477098594,1,5.826982319017637
1354.3439338207245,2.5425362652057366,1,5.834169418698423
1354.4198415279388,2.547630749962881,1,5.831294578826108
1354.4976933002472,2.5501779923414496,1,5.829857158889952
1354.5762004852295,2.555272477098594,1,5.826982319017637
1354.6845090389252,2.555272477098594,1,5.826982319017637
1354.8080477714539,2.539989022827161,1,5.8356068386345825
1354.916080236435,2.5654614466128827,1,5.821232639273007
1355.0400638580322,2.5425362652057366,1,5.834169418698423
1355.1497719287872,2.5450835075843052,1,5.8327319987622674
1355.2602181434631,2.5450835075843052,1,5.8327319987622674
1355.3390135765076,2.547630749962881,1,5.831294578826108
1355.4490282535553,2.5654614466128827,1,5.821232639273007
1355.55664229393,2.5501779923414496,1,5.829857158889952
1355.666348695755,2.547630749962881,1,5.831294578826108
1355.7740836143494,2.539989022827161,1,5.8356068386345825
1355.8685855865479,2.562914204234314,1,5.8226700592091625
1355.9454879760742,2.5501779923414496,1,5.829857158889952
1356.0219118595123,2.5654614466128827,1,5.821232639273007
1356.1008579730988,2.5450835075843052,1,5.8327319987622674
1356.1807775497437,2.539989022827161,1,5.8356068386345825
1356.257602930069,2.5374417804485923,1,5.837044258570738
1356.336065530777,2.555272477098594,1,5.826982319017637
1356.4150083065033,2.5578197194771697,1,5.8255448990814775
1356.492526769638,2.555272477098594,1,5.826982319017637
1356.5724468231201,2.5680086889914513,1,5.819795219336852
1356.649852514267,2.5578197194771697,1,5.8255448990814775
1356.7276015281677,2.547630749962881,1,5.831294578826108
1356.8061978816986,2.5527252347200253,1,5.828419738953793
1356.884972333908,2.547630749962881,1,5.831294578826108
1356.9608798027039,2.539989022827161,1,5.8356068386345825
1357.0696113109589,2.5578197194771697,1,5.8255448990814775
1357.1459348201752,2.5450835075843052,1,5.8327319987622674
1357.2245571613312,2.5501779923414496,1,5.829857158889952
1357.316342830658,2.5501779923414496,1,5.829857158889952
1357.409654378891,2.5450835075843052,1,5.8327319987622674
1357.486783027649,2.555272477098594,1,5.826982319017637
1357.5646660327911,2.562914204234314,1,5.8226700592091625
1357.641666173935,2.5450835075843052,1,5.8327319987622674
1357.7215781211853,2.5425362652057366,1,5.834169418698423
1357.801453113556,2.5654614466128827,1,5.821232639273007
1357.8786036968231,2.5527252347200253,1,5.828419738953793
1357.9555342197418,2.547630749962881,1,5.831294578826108
1358.0345029830933,2.5603669618557383,1,5.824107479145322
1358.1123943328857,2.5425362652057366,1,5.834169418698423
1358.1894392967224,2.5450835075843052,1,5.8327319987622674
1358.2663123607635,2.5425362652057366,1,5.834169418698423
1358.3427095413208,2.539989022827161,1,5.8356068386345825
1358.4216439723969,2.5527252347200253,1,5.828419738953793
1358.5307734012604,2.555272477098594,1,5.826982319017637
1358.6096377372742,2.547630749962881,1,5.831294578826108
1358.687204837799,2.555272477098594,1,5.826982319017637
1358.765023469925,2.5527252347200253,1,5.828419738953793
1358.8436601161957,2.5450835075843052,1,5.8327319987622674
1358.9214897155762,2.5501779923414496,1,5.829857158889952
1358.999148607254,2.562914204234314,1,5.8226700592091625
1359.0766904354095,2.5425362652057366,1,5.834169418698423
1359.1565368175507,2.5501779923414496,1,5.829857158889952
1359.2331671714783,2.5654614466128827,1,5.821232639273007
1359.31147646904,2.5501779923414496,1,5.829857158889952
1359.3884460926056,2.5501779923414496,1,5.829857158889952
1359.4661390781403,2.5578197194771697,1,5.8255448990814775
1359.5446858406067,2.555272477098594,1,5.826982319017637
1359.6225402355194,2.547630749962881,1,5.831294578826108
1359.7005414962769,2.5450835075843052,1,5.8327319987622674
1359.7784759998322,2.5527252347200253,1,5.828419738953793
1359.8572945594788,2.5527252347200253,1,5.828419738953793
1359.9507579803467,2.5578197194771697,1,5.8255448990814775
1360.0286972522736,2.57819765850574,1,5.814045539592222
1360.1076078414917,2.5501779923414496,1,5.829857158889952
1360.1846272945404,2.5680086889914513,1,5.819795219336852
1360.2633848190308,2.5578197194771697,1,5.8255448990814775
1360.3421742916107,2.5527252347200253,1,5.828419738953793
1360.4180672168732,2.562914204234314,1,5.8226700592091625
1360.4958758354187,2.5527252347200253,1,5.828419738953793
1360.5740501880646,2.547630749962881,1,5.831294578826108
1360.6504266262054,2.562914204234314,1,5.8226700592091625
1360.7289893627167,2.5501779923414496,1,5.829857158889952
1360.808918952942,2.539989022827161,1,5.8356068386345825
1360.884975194931,2.5527252347200253,1,5.828419738953793
1360.9644129276276,2.562914204234314,1,5.8226700592091625
1361.0422053337097,2.5603669618557383,1,5.824107479145322
1361.119217157364,2.5527252347200253,1,5.828419738953793
1361.1971402168274,2.562914204234314,1,5.8226700592091625
1361.27596950531,2.555272477098594,1,5.826982319017637
1361.383873462677,2.5450835075843052,1,5.8327319987622674
1361.4624464511871,2.5603669618557383,1,5.824107479145322
1361.5424325466156,2.5527252347200253,1,5.828419738953793
1361.6186139583588,2.5578197194771697,1,5.8255448990814775
1361.698110818863,2.555272477098594,1,5.826982319017637
1361.7762169837952,2.5501779923414496,1,5.829857158889952
1361.8529617786407,2.547630749962881,1,5.831294578826108
1361.931970834732,2.5654614466128827,1,5.821232639273007
1362.0226452350616,2.5450835075843052,1,5.8327319987622674
1362.0992906093597,2.5527252347200253,1,5.828419738953793
1362.1783106327057,2.547630749962881,1,5.831294578826108
1362.2566463947296,2.5501779923414496,1,5.829857158889952
1362.334899187088,2.5527252347200253,1,5.828419738953793
1362.4131953716278,2.5603669618557383,1,5.824107479145322
1362.4920279979706,2.5425362652057366,1,5.834169418698423
1362.570778131485,2.5578197194771697,1,5.8255448990814775
1362.649568080902,2.547630749962881,1,5.831294578826108
1362.7273437976837,2.5527252347200253,1,5.828419738953793
1362.8052773475647,2.5450835075843052,1,5.8327319987622674
1362.914977312088,2.5501779923414496,1,5.829857158889952
1362.9919588565826,2.5425362652057366,1,5.834169418698423
1363.0691006183624,2.562914204234314,1,5.8226700592091625
1363.1461737155914,2.5578197194771697,1,5.8255448990814775
1363.2241191864014,2.5425362652057366,1,5.834169418698423
1363.3040618896484,2.5527252347200253,1,5.828419738953793
1363.3838763237,2.5654614466128827,1,5.821232639273007
1363.4616684913635,2.562914204234314,1,5.8226700592091625
1363.5399808883667,2.5527252347200253,1,5.828419738953793
1363.6193466186523,2.5756504161271714,1,5.815482959528377
1363.6961076259613,2.570555931370027,1,5.818357799400692
1363.7881574630737,2.5501779923414496,1,5.829857158889952
1363.8674874305725,2.5578197194771697,1,5.8255448990814775
1363.9450476169586,2.5527252347200253,1,5.828419738953793
1364.0232818126678,2.547630749962881,1,5.831294578826108
1364.0999388694763,2.5654614466128827,1,5.821232639273007
1364.178011417389,2.5680086889914513,1,5.819795219336852
1364.2551310062408,2.5527252347200253,1,5.828419738953793
1364.3648827075958,2.5654614466128827,1,5.821232639273007
1364.4417853355408,2.5603669618557383,1,5.824107479145322
1364.518387079239,2.5731031737485957,1,5.816920379464536
1364.5945365428925,2.570555931370027,1,5.818357799400692
1364.6718382835388,2.5501779923414496,1,5.829857158889952
1364.7496140003204,2.5603669618557383,1,5.824107479145322
1364.8342597484589,2.555272477098594,1,5.826982319017637
1364.9195024967194,2.555272477098594,1,5.826982319017637
1364.9973740577698,2.5654614466128827,1,5.821232639273007
1365.0745046138763,2.5603669618557383,1,5.824107479145322
1365.1516802310944,2.5654614466128827,1,5.821232639273007
1365.2306501865387,2.5654614466128827,1,5.821232639273007
1365.3074662685394,2.562914204234314,1,5.8226700592091625
1365.3842346668243,2.5680086889914513,1,5.819795219336852
1365.4640183448792,2.5603669618557383,1,5.824107479145322
1365.5431468486786,2.562914204234314,1,5.8226700592091625
1365.6190626621246,2.555272477098594,1,5.826982319017637
1365.697006225586,2.5731031737485957,1,5.816920379464536
1365.8049681186676,2.555272477098594,1,5.826982319017637
1365.8821222782135,2.5731031737485957,1,5.816920379464536
1365.9616303443909,2.5654614466128827,1,5.821232639273007
1366.0394315719604,2.5578197194771697,1,5.8255448990814775
1366.117523908615,2.5756504161271714,1,5.815482959528377
1366.19508934021,2.5654614466128827,1,5.821232639273007
1366.273009300232,2.555272477098594,1,5.826982319017637
1366.351024389267,2.570555931370027,1,5.818357799400692
1366.4274640083313,2.5756504161271714,1,5.815482959528377
1366.5049934387207,2.5654614466128827,1,5.821232639273007
1366.5800082683563,2.555272477098594,1,5.826982319017637
1366.6590492725372,2.5654614466128827,1,5.821232639273007
1366.7361795902252,2.5578197194771697,1,5.8255448990814775
1366.8141944408417,2.5680086889914513,1,5.819795219336852
1366.8929862976074,2.562914204234314,1,5.8226700592091625
1366.9711179733276,2.5527252347200253,1,5.828419738953793
1367.0499422550201,2.5680086889914513,1,5.819795219336852
1367.127781867981,2.570555931370027,1,5.818357799400692
1367.2370233535767,2.5680086889914513,1,5.819795219336852
1367.3142387866974,2.5654614466128827,1,5.821232639273007
1367.390724658966,2.539989022827161,1,5.8356068386345825
1367.4686439037323,2.5603669618557383,1,5.824107479145322
1367.5478253364563,2.5731031737485957,1,5.816920379464536
1367.6265306472778,2.570555931370027,1,5.818357799400692
1367.7043886184692,2.5527252347200253,1,5.828419738953793
1367.7825424671173,2.5756504161271714,1,5.815482959528377
1367.8606588840485,2.5603669618557383,1,5.824107479145322
1367.9385869503021,2.5603669618557383,1,5.824107479145322
1368.0176403522491,2.5527252347200253,1,5.828419738953793
1368.0963034629822,2.570555931370027,1,5.818357799400692
1368.188556432724,2.555272477098594,1,5.826982319017637
1368.2699439525604,2.5578197194771697,1,5.8255448990814775
1368.3603262901306,2.562914204234314,1,5.8226700592091625
1368.438176393509,2.5501779923414496,1,5.829857158889952
1368.5160274505615,2.5654614466128827,1,5.821232639273007
1368.5938339233398,2.570555931370027,1,5.818357799400692
1368.6717760562897,2.5578197194771697,1,5.8255448990814775
1368.781192779541,2.5654614466128827,1,5.821232639273007
1368.8582723140717,2.5680086889914513,1,5.819795219336852
1368.9353427886963,2.5654614466128827,1,5.821232639273007
1369.0138907432556,2.570555931370027,1,5.818357799400692
1369.0907332897186,2.5603669618557383,1,5.824107479145322
1369.1706686019897,2.5501779923414496,1,5.829857158889952
1369.2506091594696,2.562914204234314,1,5.8226700592091625
1369.327649116516,2.57819765850574,1,5.814045539592222
1369.4055120944977,2.5527252347200253,1,5.828419738953793
1369.500254869461,2.570555931370027,1,5.818357799400692
1369.5763471126556,2.5680086889914513,1,5.819795219336852
1369.6547484397888,2.5603669618557383,1,5.824107479145322
1369.7335340976715,2.5654614466128827,1,5.821232639273007
1369.8104984760284,2.5680086889914513,1,5.819795219336852
1369.890469789505,2.555272477098594,1,5.826982319017637
1369.9703345298767,2.562914204234314,1,5.8226700592091625
1370.048309803009,2.5603669618557383,1,5.824107479145322
1370.1277272701263,2.5680086889914513,1,5.819795219336852
1370.2384958267212,2.5654614466128827,1,5.821232639273007
1370.3143377304077,2.5680086889914513,1,5.819795219336852
1370.394035577774,2.570555931370027,1,5.818357799400692
1370.4710357189178,2.5578197194771697,1,5.8255448990814775
1370.547884464264,2.570555931370027,1,5.818357799400692
1370.6406314373016,2.5680086889914513,1,5.819795219336852
1370.7195377349854,2.555272477098594,1,5.826982319017637
1370.7973663806915,2.5832921432628844,1,5.811170699719906
1370.876205444336,2.58583938564146,1,5.809733279783747
1370.9520723819733,2.5501779923414496,1,5.829857158889952
1371.0279684066772,2.57819765850574,1,5.814045539592222
1371.10533618927,2.562914204234314,1,5.8226700592091625
1371.182267665863,2.5756504161271714,1,5.815482959528377
1371.2592086791992,2.5731031737485957,1,5.816920379464536
1371.3381097316742,2.5654614466128827,1,5.821232639273007
1371.4159915447235,2.5756504161271714,1,5.815482959528377
1371.4928181171417,2.5680086889914513,1,5.819795219336852
1371.5700821876526,2.5578197194771697,1,5.8255448990814775
1371.6771082878113,2.5654614466128827,1,5.821232639273007
1371.7565364837646,2.555272477098594,1,5.826982319017637
1371.8364033699036,2.555272477098594,1,5.826982319017637
1371.913165807724,2.5654614466128827,1,5.821232639273007
1371.9932978153229,2.5654614466128827,1,5.821232639273007
1372.0703094005585,2.555272477098594,1,5.826982319017637
1372.1460893154144,2.5501779923414496,1,5.829857158889952
1372.2215764522552,2.5731031737485957,1,5.816920379464536
1372.3007459640503,2.547630749962881,1,5.831294578826108
1372.377744436264,2.555272477098594,1,5.826982319017637
1372.4546530246735,2.5578197194771697,1,5.8255448990814775
1372.532739162445,2.5603669618557383,1,5.824107479145322
1372.609249830246,2.57819765850574,1,5.814045539592222
1372.688818693161,2.5603669618557383,1,5.824107479145322
1372.7679283618927,2.562914204234314,1,5.8226700592091625
1372.844762802124,2.570555931370027,1,5.818357799400692
1372.936128616333,2.555272477098594,1,5.826982319017637
1373.0149819850922,2.5654614466128827,1,5.821232639273007
1373.10826420784,2.5756504161271714,1,5.815482959528377
1373.1870810985565,2.5501779923414496,1,5.829857158889952
1373.2639434337616,2.5731031737485957,1,5.816920379464536
1373.3410291671753,2.5603669618557383,1,5.824107479145322
1373.419774055481,2.555272477098594,1,5.826982319017637
1373.499567747116,2.5578197194771697,1,5.8255448990814775
1373.5766115188599,2.57819765850574,1,5.814045539592222
1373.653484582901,2.5654614466128827,1,5.821232639273007
1373.7314367294312,2.5654614466128827,1,5.821232639273007
1373.8095242977142,2.5680086889914513,1,5.819795219336852
1373.8865826129913,2.5654614466128827,1,5.821232639273007
1373.9653804302216,2.555272477098594,1,5.826982319017637
1374.0445802211761,2.5832921432628844,1,5.811170699719906
1374.1216266155243,2.5680086889914513,1,5.819795219336852
1374.1994779109955,2.555272477098594,1,5.826982319017637
1374.2760236263275,2.5654614466128827,1,5.821232639273007
1374.3697488307953,2.570555931370027,1,5.818357799400692
1374.4468286037445,2.5756504161271714,1,5.815482959528377
1374.5250251293182,2.562914204234314,1,5.8226700592091625
1374.6329455375671,2.5731031737485957,1,5.816920379464536
1374.7097845077515,2.5603669618557383,1,5.824107479145322
1374.789710521698,2.562914204234314,1,5.8226700592091625
1374.8677299022675,2.555272477098594,1,5.826982319017637
1374.9450616836548,2.5807449008843157,1,5.812608119656062
1375.0236308574677,2.5603669618557383,1,5.824107479145322
1375.1019270420074,2.5578197194771697,1,5.8255448990814775
1375.1795444488525,2.5756504161271714,1,5.815482959528377
1375.258640050888,2.5756504161271714,1,5.815482959528377
1375.3358206748962,2.5527252347200253,1,5.828419738953793
1375.411938905716,2.5654614466128827,1,5.821232639273007
1375.4899189472198,2.5578197194771697,1,5.8255448990814775
1375.5690541267395,2.5527252347200253,1,5.828419738953793
1375.64692902565,2.5680086889914513,1,5.819795219336852
1375.7261345386505,2.5680086889914513,1,5.819795219336852
1375.8060686588287,2.555272477098594,1,5.826982319017637
1375.8830959796906,2.5578197194771697,1,5.8255448990814775
1375.9622716903687,2.5680086889914513,1,5.819795219336852
1376.0726730823517,2.5578197194771697,1,5.8255448990814775
1376.149044752121,2.5603669618557383,1,5.824107479145322
1376.228040933609,2.5680086889914513,1,5.819795219336852
1376.3052115440369,2.570555931370027,1,5.818357799400692
1376.3836483955383,2.562914204234314,1,5.8226700592091625
1376.4631617069244,2.562914204234314,1,5.8226700592091625
1376.5421466827393,2.5756504161271714,1,5.815482959528377
1376.6184103488922,2.562914204234314,1,5.8226700592091625
1376.6969676017761,2.57819765850574,1,5.814045539592222
1376.7740111351013,2.5654614466128827,1,5.821232639273007
1376.8508598804474,2.5578197194771697,1,5.8255448990814775
1376.928927898407,2.5578197194771697,1,5.8255448990814775
1377.006074666977,2.562914204234314,1,5.8226700592091625
1377.081885099411,2.5578197194771697,1,5.8255448990814775
1377.1600465774536,2.5578197194771697,1,5.8255448990814775
1377.2402687072754,2.570555931370027,1,5.818357799400692
1377.3171555995941,2.5603669618557383,1,5.824107479145322
1377.3943269252777,2.5680086889914513,1,5.819795219336852
1377.5028400421143,2.570555931370027,1,5.818357799400692
1377.580949306488,2.562914204234314,1,5.8226700592091625
1377.6600253582,2.570555931370027,1,5.818357799400692
1377.7369482517242,2.5527252347200253,1,5.828419738953793
1377.816176891327,2.570555931370027,1,5.818357799400692
1377.8944013118744,2.5756504161271714,1,5.815482959528377
1377.9723899364471,2.5680086889914513,1,5.819795219336852
1378.0495557785034,2.562914204234314,1,5.8226700592091625
1378.12743806839,2.555272477098594,1,5.826982319017637
1378.2041919231415,2.555272477098594,1,5.826982319017637
1378.2813003063202,2.570555931370027,1,5.818357799400692
1378.3594026565552,2.5603669618557383,1,5.824107479145322
1378.43634390831,2.562914204234314,1,5.8226700592091625
1378.5162723064423,2.5578197194771697,1,5.8255448990814775
1378.5953962802887,2.5756504161271714,1,5.815482959528377
1378.6880102157593,2.5527252347200253,1,5.828419738953793
1378.767441034317,2.562914204234314,1,5.8226700592091625
1378.845046043396,2.5756504161271714,1,5.815482959528377
1378.9511840343475,2.5578197194771697,1,5.8255448990814775
1379.0281839370728,2.5807449008843157,1,5.812608119656062
1379.106699705124,2.5731031737485957,1,5.816920379464536
1379.1838176250458,2.562914204234314,1,5.8226700592091625
1379.261045217514,2.58583938564146,1,5.809733279783747
1379.3382422924042,2.5731031737485957,1,5.816920379464536
1379.4161221981049,2.5680086889914513,1,5.819795219336852
1379.492930650711,2.5680086889914513,1,5.819795219336852
1379.5709702968597,2.562914204234314,1,5.8226700592091625
1379.6478476524353,2.570555931370027,1,5.818357799400692
1379.7276649475098,2.58583938564146,1,5.809733279783747
1379.8214571475983,2.555272477098594,1,5.826982319017637
1379.8997225761414,2.5680086889914513,1,5.819795219336852
1379.977646112442,2.5731031737485957,1,5.816920379464536
1380.0568225383759,2.5680086889914513,1,5.819795219336852
1380.1338522434235,2.5654614466128827,1,5.821232639273007
1380.211873292923,2.5731031737485957,1,5.816920379464536
1380.2907140254974,2.5807449008843157,1,5.812608119656062
1380.3674376010895,2.5578197194771697,1,5.8255448990814775
1380.4785623550415,2.5756504161271714,1,5.815482959528377
1380.5563864707947,2.57819765850574,1,5.814045539592222
1380.6340746879578,2.5501779923414496,1,5.829857158889952
1380.7120306491852,2.57819765850574,1,5.814045539592222
1380.7894294261932,2.5680086889914513,1,5.819795219336852
1380.868290424347,2.5680086889914513,1,5.819795219336852
1380.9465272426605,2.5731031737485957,1,5.816920379464536
1381.022997379303,2.5731031737485957,1,5.816920379464536
1381.102053642273,2.570555931370027,1,5.818357799400692
1381.1808989048004,2.5756504161271714,1,5.815482959528377
1381.257619380951,2.57819765850574,1,5.814045539592222
1381.3357946872711,2.5680086889914513,1,5.819795219336852
1381.4135143756866,2.570555931370027,1,5.818357799400692
1381.4893503189087,2.5807449008843157,1,5.812608119656062
1381.565113544464,2.5680086889914513,1,5.819795219336852
1381.6444051265717,2.5756504161271714,1,5.815482959528377
1381.7211997509003,2.5756504161271714,1,5.815482959528377
1381.799043416977,2.5807449008843157,1,5.812608119656062
1381.9093980789185,2.5731031737485957,1,5.816920379464536
1382.0013659000397,2.57819765850574,1,5.814045539592222
1382.0945115089417,2.5909338703986045,1,5.806858439911432
1382.1717295646667,2.5883866280200287,1,5.808295859847592
1382.2500364780426,2.5807449008843157,1,5.812608119656062
1382.329097032547,2.5756504161271714,1,5.815482959528377
1382.4066224098206,2.5756504161271714,1,5.815482959528377
1382.4853415489197,2.570555931370027,1,5.818357799400692
1382.562941789627,2.5756504161271714,1,5.815482959528377
1382.6391775608063,2.57819765850574,1,5.814045539592222
1382.7174909114838,2.5731031737485957,1,5.816920379464536
1382.7965025901794,2.5883866280200287,1,5.808295859847592
1382.874166727066,2.5731031737485957,1,5.816920379464536
1382.9533298015594,2.5756504161271714,1,5.815482959528377
1383.0309529304504,2.5654614466128827,1,5.821232639273007
1383.1080465316772,2.5756504161271714,1,5.815482959528377
1383.1858513355255,2.5807449008843157,1,5.812608119656062
1383.2646930217743,2.5731031737485957,1,5.816920379464536
1383.357495546341,2.5756504161271714,1,5.815482959528377
1383.4372131824493,2.5654614466128827,1,5.821232639273007
1383.5151703357697,2.570555931370027,1,5.818357799400692
1383.5922536849976,2.57819765850574,1,5.814045539592222
1383.6708178520203,2.5731031737485957,1,5.816920379464536
1383.7478032112122,2.5756504161271714,1,5.815482959528377
1383.825385093689,2.57819765850574,1,5.814045539592222
1383.904494524002,2.5654614466128827,1,5.821232639273007
1383.9834990501404,2.570555931370027,1,5.818357799400692
1384.0601444244385,2.5883866280200287,1,5.808295859847592
1384.1380069255829,2.58583938564146,1,5.809733279783747
1384.2174260616302,2.5756504161271714,1,5.815482959528377
1384.2944622039795,2.58583938564146,1,5.809733279783747
1384.3712565898895,2.5960283551557417,1,5.803983600039121
1384.4475901126862,2.5731031737485957,1,5.816920379464536
1384.5226757526398,2.5909338703986045,1,5.806858439911432
1384.5992953777313,2.539989022827161,1,5.8356068386345825
1384.676237821579,2.58583938564146,1,5.809733279783747
1384.7842807769775,2.5832921432628844,1,5.811170699719906
1384.864265203476,2.6062173246700304,1,5.798233920294491
1384.9432108402252,2.57819765850574,1,5.814045539592222
1385.0208168029785,2.57819765850574,1,5.814045539592222
1385.097821712494,2.5654614466128827,1,5.821232639273007
1385.1749188899994,2.58583938564146,1,5.809733279783747
1385.2499585151672,2.5680086889914513,1,5.819795219336852
1385.328628540039,2.57819765850574,1,5.814045539592222
1385.4074401855469,2.5731031737485957,1,5.816920379464536
1385.5151903629303,2.5680086889914513,1,5.819795219336852
1385.5929820537567,2.5832921432628844,1,5.811170699719906
1385.6718673706055,2.5756504161271714,1,5.815482959528377
1385.7506635189056,2.5654614466128827,1,5.821232639273007
1385.828574180603,2.5883866280200287,1,5.808295859847592
1385.9064033031464,2.5731031737485957,1,5.816920379464536
1385.9843475818634,2.5578197194771697,1,5.8255448990814775
1386.061490535736,2.57819765850574,1,5.814045539592222
1386.1386284828186,2.5731031737485957,1,5.816920379464536
1386.217482328415,2.555272477098594,1,5.826982319017637
1386.3116919994354,2.570555931370027,1,5.818357799400692
1386.3898391723633,2.5960283551557417,1,5.803983600039121
1386.4686155319214,2.5680086889914513,1,5.819795219336852
1386.5472226142883,2.5756504161271714,1,5.815482959528377
1386.6244237422943,2.570555931370027,1,5.818357799400692
1386.7019827365875,2.5654614466128827,1,5.821232639273007
1386.779857158661,2.5807449008843157,1,5.812608119656062
1386.85800075531,2.593481112777173,1,5.8054210199752765
1386.9377267360687,2.5807449008843157,1,5.812608119656062
1387.0145335197449,2.5680086889914513,1,5.819795219336852
1387.091332435608,2.5756504161271714,1,5.815482959528377
1387.1710805892944,2.57819765850574,1,5.814045539592222
1387.250078201294,2.5654614466128827,1,5.821232639273007
1387.3273763656616,2.58583938564146,1,5.809733279783747
1387.4070255756378,2.5883866280200287,1,5.808295859847592
1387.484177350998,2.570555931370027,1,5.818357799400692
1387.560297012329,2.5832921432628844,1,5.811170699719906
1387.6395690441132,2.5832921432628844,1,5.811170699719906
1387.7505073547363,2.570555931370027,1,5.818357799400692
1387.826967716217,2.57819765850574,1,5.814045539592222
1387.9052848815918,2.58583938564146,1,5.809733279783747
1387.9843816757202,2.5654614466128827,1,5.821232639273007
1388.0609831809998,2.5680086889914513,1,5.819795219336852
1388.1390182971954,2.5756504161271714,1,5.815482959528377
1388.2171380519867,2.570555931370027,1,5.818357799400692
1388.294142484665,2.5731031737485957,1,5.816920379464536
1388.3729767799377,2.58583938564146,1,5.809733279783747
1388.4504327774048,2.57819765850574,1,5.814045539592222
1388.528192281723,2.5883866280200287,1,5.808295859847592
1388.6070039272308,2.5731031737485957,1,5.816920379464536
1388.6849195957184,2.570555931370027,1,5.818357799400692
1388.7618176937103,2.5807449008843157,1,5.812608119656062
1388.840476512909,2.5807449008843157,1,5.812608119656062
1388.9173021316528,2.5832921432628844,1,5.811170699719906
1388.99489235878,2.5756504161271714,1,5.815482959528377
1389.073802471161,2.5909338703986045,1,5.806858439911432
1389.168637752533,2.58583938564146,1,5.809733279783747
1389.2466061115265,2.5756504161271714,1,5.815482959528377
1389.325801372528,2.5960283551557417,1,5.803983600039121
1389.4057366847992,2.5807449008843157,1,5.812608119656062
1389.4836316108704,2.5832921432628844,1,5.811170699719906
1389.561582326889,2.5756504161271714,1,5.815482959528377
1389.640681028366,2.5883866280200287,1,5.808295859847592
1389.7171914577484,2.58583938564146,1,5.809733279783747
1389.795946598053,2.5756504161271714,1,5.815482959528377
1389.8740367889404,2.57819765850574,1,5.814045539592222
1389.949704170227,2.5680086889914513,1,5.819795219336852
1390.0354807376862,2.5756504161271714,1,5.815482959528377
1390.120866060257,2.5832921432628844,1,5.811170699719906
1390.1968727111816,2.5807449008843157,1,5.812608119656062
1390.2737181186676,2.5756504161271714,1,5.815482959528377
1390.3674569129944,2.570555931370027,1,5.818357799400692
1390.4459369182587,2.5807449008843157,1,5.812608119656062
1390.5252647399902,2.5756504161271714,1,5.815482959528377
1390.6326022148132,2.5680086889914513,1,5.819795219336852
1390.71058511734,2.5883866280200287,1,5.808295859847592
1390.7904689311981,2.57819765850574,1,5.814045539592222
1390.8673605918884,2.5756504161271714,1,5.815482959528377
1390.945461988449,2.562914204234314,1,5.8226700592091625
1391.023633480072,2.57819765850574,1,5.814045539592222
1391.1000711917877,2.5680086889914513,1,5.819795219336852
1391.1798648834229,2.5756504161271714,1,5.815482959528377
1391.2583906650543,2.562914204234314,1,5.8226700592091625
1391.3346967697144,2.5680086889914513,1,5.819795219336852
1391.4139297008514,2.5680086889914513,1,5.819795219336852
1391.4917459487915,2.5756504161271714,1,5.815482959528377
1391.569402217865,2.5832921432628844,1,5.811170699719906
1391.647655248642,2.570555931370027,1,5.818357799400692
1391.726637840271,2.5756504161271714,1,5.815482959528377
1391.8025703430176,2.5807449008843157,1,5.812608119656062
1391.8807644844055,2.57819765850574,1,5.814045539592222
1391.957769870758,2.5756504161271714,1,5.815482959528377
1392.0339982509613,2.5832921432628844,1,5.811170699719906
1392.144160747528,2.58583938564146,1,5.809733279783747
1392.2209610939026,2.5807449008843157,1,5.812608119656062
1392.2967190742493,2.5731031737485957,1,5.816920379464536
1392.3761172294617,2.58583938564146,1,5.809733279783747
1392.4550218582153,2.5832921432628844,1,5.811170699719906
1392.5318942070007,2.5756504161271714,1,5.815482959528377
1392.6088287830353,2.593481112777173,1,5.8054210199752765
1392.686856508255,2.5832921432628844,1,5.811170699719906
1392.7637515068054,2.570555931370027,1,5.818357799400692
1392.8575580120087,2.5807449008843157,1,5.812608119656062
1392.934995174408,2.5654614466128827,1,5.821232639273007
1393.0121104717255,2.570555931370027,1,5.818357799400692
1393.0898897647858,2.5807449008843157,1,5.812608119656062
1393.1667883396149,2.562914204234314,1,5.8226700592091625
1393.2448461055756,2.57819765850574,1,5.814045539592222
1393.3241174221039,2.5909338703986045,1,5.806858439911432
1393.4007468223572,2.5807449008843157,1,5.812608119656062
1393.4785420894623,2.5731031737485957,1,5.816920379464536
1393.5865771770477,2.57819765850574,1,5.814045539592222
1393.66375207901,2.5832921432628844,1,5.811170699719906
1393.7430582046509,2.5909338703986045,1,5.806858439911432
1393.8209574222565,2.5807449008843157,1,5.812608119656062
1393.8969988822937,2.5756504161271714,1,5.815482959528377
1393.9757163524628,2.5960283551557417,1,5.803983600039121
1394.0535690784454,2.58583938564146,1,5.809733279783747
1394.1293885707855,2.5756504161271714,1,5.815482959528377
1394.2071216106415,2.5807449008843157,1,5.812608119656062
1394.2840173244476,2.57819765850574,1,5.814045539592222
1394.3609428405762,2.57819765850574,1,5.814045539592222
1394.4398229122162,2.5807449008843157,1,5.812608119656062
1394.5161843299866,2.5756504161271714,1,5.815482959528377
1394.607943058014,2.5756504161271714,1,5.815482959528377
1394.6860620975494,2.5960283551557417,1,5.803983600039121
1394.7645037174225,2.5807449008843157,1,5.812608119656062
1394.8422961235046,2.5909338703986045,1,5.806858439911432
1394.9206457138062,2.58583938564146,1,5.809733279783747
1395.015576839447,2.570555931370027,1,5.818357799400692
1395.0937867164612,2.5807449008843157,1,5.812608119656062
1395.1711020469666,2.5807449008843157,1,5.812608119656062
1395.2490496635437,2.5756504161271714,1,5.815482959528377
1395.327864408493,2.5680086889914513,1,5.819795219336852
1395.4060156345367,2.5909338703986045,1,5.806858439911432
1395.4840545654297,2.570555931370027,1,5.818357799400692
1395.5628349781036,2.5807449008843157,1,5.812608119656062
1395.6567022800446,2.58583938564146,1,5.809733279783747
1395.7504518032074,2.5756504161271714,1,5.815482959528377
1395.8296999931335,2.5807449008843157,1,5.812608119656062
1395.9091374874115,2.5909338703986045,1,5.806858439911432
1395.9859142303467,2.593481112777173,1,5.8054210199752765
1396.0637609958649,2.5731031737485957,1,5.816920379464536
1396.1416063308716,2.5832921432628844,1,5.811170699719906
1396.2186079025269,2.593481112777173,1,5.8054210199752765
1396.2965679168701,2.593481112777173,1,5.8054210199752765
1396.3750231266022,2.5731031737485957,1,5.816920379464536
1396.484866142273,2.5807449008843157,1,5.812608119656062
1396.5619971752167,2.58583938564146,1,5.809733279783747
1396.6408205032349,2.5883866280200287,1,5.808295859847592
1396.7168216705322,2.5756504161271714,1,5.815482959528377
1396.7946569919586,2.57819765850574,1,5.814045539592222
1396.8744399547577,2.5832921432628844,1,5.811170699719906
1396.9678149223328,2.5832921432628844,1,5.811170699719906
1397.0476069450378,2.5756504161271714,1,5.815482959528377
1397.125030040741,2.5756504161271714,1,5.815482959528377
1397.203859090805,2.58583938564146,1,5.809733279783747
1397.2810907363892,2.5807449008843157,1,5.812608119656062
1397.3589720726013,2.5909338703986045,1,5.806858439911432
1397.4377431869507,2.5960283551557417,1,5.803983600039121
1397.515160560608,2.593481112777173,1,5.8054210199752765
1397.592075586319,2.601122839912886,1,5.801108760166805
1397.6709229946136,2.5909338703986045,1,5.806858439911432
1397.7495539188385,2.5807449008843157,1,5.812608119656062
1397.8254482746124,2.5909338703986045,1,5.806858439911432
1397.904138803482,2.5883866280200287,1,5.808295859847592
1398.0127592086792,2.5807449008843157,1,5.812608119656062
1398.0905780792236,2.6062173246700304,1,5.798233920294491
1398.1699311733246,2.593481112777173,1,5.8054210199752765
1398.2480120658875,2.5756504161271714,1,5.815482959528377
1398.324252128601,2.5960283551557417,1,5.803983600039121
1398.4022347927094,2.5960283551557417,1,5.803983600039121
1398.4822461605072,2.5960283551557417,1,5.803983600039121
1398.5590789318085,2.5832921432628844,1,5.811170699719906
1398.63831448555,2.5960283551557417,1,5.803983600039121
1398.7180485725403,2.5832921432628844,1,5.811170699719906
1398.794156551361,2.601122839912886,1,5.801108760166805
1398.8730187416077,2.601122839912886,1,5.801108760166805
1398.9509208202362,2.5832921432628844,1,5.811170699719906
1399.0430426597595,2.58583938564146,1,5.809733279783747
1399.1225671768188,2.601122839912886,1,5.801108760166805
1399.2183961868286,2.5832921432628844,1,5.811170699719906
1399.296138048172,2.5832921432628844,1,5.811170699719906
1399.3749799728394,2.58583938564146,1,5.809733279783747
1399.4849262237549,2.601122839912886,1,5.801108760166805
1399.5636768341064,2.5807449008843157,1,5.812608119656062
1399.6436817646027,2.593481112777173,1,5.8054210199752765
1399.720909833908,2.58583938564146,1,5.809733279783747
1399.7967586517334,2.58583938564146,1,5.809733279783747
1399.8754105567932,2.593481112777173,1,5.8054210199752765
1399.9515256881714,2.593481112777173,1,5.8054210199752765
1400.0303695201874,2.593481112777173,1,5.8054210199752765
1400.1102740764618,2.5909338703986045,1,5.806858439911432
1400.1870725154877,2.611311809427175,1,5.795359080422175
1400.2658159732819,2.58583938564146,1,5.809733279783747
1400.341760635376,2.601122839912886,1,5.801108760166805
1400.4195268154144,2.601122839912886,1,5.801108760166805
1400.4973406791687,2.5832921432628844,1,5.811170699719906
1400.5763733386993,2.5960283551557417,1,5.803983600039121
1400.6512033939362,2.5883866280200287,1,5.808295859847592
1400.7301757335663,2.5807449008843157,1,5.812608119656062
1400.8089261054993,2.5909338703986045,1,5.806858439911432
1400.916974067688,2.5909338703986045,1,5.806858439911432
1400.994733095169,2.5807449008843157,1,5.812608119656062
1401.0738897323608,2.5960283551557417,1,5.803983600039121
1401.150770664215,2.5909338703986045,1,5.806858439911432
1401.2288682460785,2.5731031737485957,1,5.816920379464536
1401.306765794754,2.593481112777173,1,5.8054210199752765
1401.3845434188843,2.5883866280200287,1,5.808295859847592
1401.4768574237823,2.57819765850574,1,5.814045539592222
1401.5556857585907,2.603670082291462,1,5.799671340230646
1401.6336336135864,2.5960283551557417,1,5.803983600039121
1401.713008403778,2.5960283551557417,1,5.803983600039121
1401.790778875351,2.5985755975343174,1,5.802546180102961
1401.8673176765442,2.57819765850574,1,5.814045539592222
1401.9448161125183,2.5832921432628844,1,5.811170699719906
1402.0237348079681,2.5985755975343174,1,5.802546180102961
1402.0991344451904,2.5909338703986045,1,5.806858439911432
1402.1777896881104,2.5883866280200287,1,5.808295859847592
1402.2559261322021,2.6062173246700304,1,5.798233920294491
1402.3638620376587,2.593481112777173,1,5.8054210199752765
1402.4429042339325,2.5807449008843157,1,5.812608119656062
1402.5346567630768,2.6062173246700304,1,5.798233920294491
1402.624632358551,2.5985755975343174,1,5.802546180102961
1402.7015104293823,2.5985755975343174,1,5.802546180102961
1402.7786507606506,2.5960283551557417,1,5.803983600039121
1402.8562242984772,2.5985755975343174,1,5.802546180102961
1402.9334800243378,2.58583938564146,1,5.809733279783747
1403.01114153862,2.58583938564146,1,5.809733279783747
1403.0903511047363,2.601122839912886,1,5.801108760166805
1403.168199300766,2.5960283551557417,1,5.803983600039121
1403.2444913387299,2.5960283551557417,1,5.803983600039121
1403.3245103359222,2.5960283551557417,1,5.803983600039121
1403.403998374939,2.601122839912886,1,5.801108760166805
1403.4809002876282,2.5832921432628844,1,5.811170699719906
1403.55832529068,2.5883866280200287,1,5.808295859847592
1403.6378946304321,2.5960283551557417,1,5.803983600039121
1403.7207171916962,2.5960283551557417,1,5.803983600039121
1403.7955484390259,2.5807449008843157,1,5.812608119656062
1403.9044923782349,2.601122839912886,1,5.801108760166805
1403.981051683426,2.58583938564146,1,5.809733279783747
1404.0598919391632,2.593481112777173,1,5.8054210199752765
1404.1391010284424,2.601122839912886,1,5.801108760166805
1404.2151656150818,2.5909338703986045,1,5.806858439911432
1404.293300628662,2.58583938564146,1,5.809733279783747
1404.3732755184174,2.593481112777173,1,5.8054210199752765
1404.4504218101501,2.5960283551557417,1,5.803983600039121
1404.5290517807007,2.5960283551557417,1,5.803983600039121
1404.6064121723175,2.603670082291462,1,5.799671340230646
1404.6833021640778,2.5909338703986045,1,5.806858439911432
1404.7604603767395,2.5909338703986045,1,5.806858439911432
1404.8392932415009,2.593481112777173,1,5.8054210199752765
1404.9310748577118,2.57819765850574,1,5.814045539592222
1405.0081071853638,2.593481112777173,1,5.8054210199752765
1405.0840179920197,2.5960283551557417,1,5.803983600039121
1405.1609914302826,2.5960283551557417,1,5.803983600039121
1405.2397186756134,2.593481112777173,1,5.8054210199752765
1405.3487722873688,2.601122839912886,1,5.801108760166805
1405.4237899780273,2.5960283551557417,1,5.803983600039121
1405.5016605854034,2.5985755975343174,1,5.802546180102961
1405.5787470340729,2.5909338703986045,1,5.806858439911432
1405.655380487442,2.603670082291462,1,5.799671340230646
1405.7345621585846,2.601122839912886,1,5.801108760166805
1405.8123235702515,2.5883866280200287,1,5.808295859847592
1405.8904912471771,2.58583938564146,1,5.809733279783747
1405.9698791503906,2.5909338703986045,1,5.806858439911432
1406.0489118099213,2.5960283551557417,1,5.803983600039121
1406.1249923706055,2.5832921432628844,1,5.811170699719906
1406.2010402679443,2.5807449008843157,1,5.812608119656062
1406.280280828476,2.5909338703986045,1,5.806858439911432
1406.357417345047,2.593481112777173,1,5.8054210199752765
1406.4346652030945,2.5909338703986045,1,5.806858439911432
1406.5134420394897,2.5960283551557417,1,5.803983600039121
1406.5893523693085,2.593481112777173,1,5.8054210199752765
1406.6667006015778,2.593481112777173,1,5.8054210199752765
1406.776662826538,2.57819765850574,1,5.814045539592222
1406.8556938171387,2.5883866280200287,1,5.808295859847592
1406.9349074363708,2.5909338703986045,1,5.806858439911432
1407.012663602829,2.5909338703986045,1,5.806858439911432
1407.0906436443329,2.5909338703986045,1,5.806858439911432
1407.1694626808167,2.608764567048606,1,5.796796500358331
1407.263815164566,2.593481112777173,1,5.8054210199752765
1407.3418266773224,2.601122839912886,1,5.801108760166805
1407.4217751026154,2.5731031737485957,1,5.816920379464536
1407.4996213912964,2.5960283551557417,1,5.803983600039121
1407.5789411067963,2.593481112777173,1,5.8054210199752765
1407.6567046642303,2.5985755975343174,1,5.802546180102961
1407.7346014976501,2.5807449008843157,1,5.812608119656062
1407.8131368160248,2.5909338703986045,1,5.806858439911432
1407.8917815685272,2.5883866280200287,1,5.808295859847592
1407.9691512584686,2.611311809427175,1,5.795359080422175
1408.046094417572,2.593481112777173,1,5.8054210199752765
1408.139811038971,2.5960283551557417,1,5.803983600039121
1408.2480375766754,2.593481112777173,1,5.8054210199752765
1408.326476573944,2.603670082291462,1,5.799671340230646
1408.404951095581,2.611311809427175,1,5.795359080422175
1408.4838552474976,2.593481112777173,1,5.8054210199752765
1408.5603981018066,2.5756504161271714,1,5.815482959528377
1408.6395375728607,2.5960283551557417,1,5.803983600039121
1408.7165205478668,2.5909338703986045,1,5.806858439911432
1408.7963709831238,2.5909338703986045,1,5.806858439911432
1408.8741645812988,2.5960283551557417,1,5.803983600039121
1408.9522519111633,2.5960283551557417,1,5.803983600039121
1409.0309128761292,2.58583938564146,1,5.809733279783747
1409.1094717979431,2.5832921432628844,1,5.811170699719906
1409.1853148937225,2.603670082291462,1,5.799671340230646
1409.2633633613586,2.58583938564146,1,5.809733279783747
1409.3419439792633,2.5883866280200287,1,5.808295859847592
1409.4347343444824,2.603670082291462,1,5.799671340230646
1409.5121231079102,2.58583938564146,1,5.809733279783747
1409.5890944004059,2.5909338703986045,1,5.806858439911432
1409.6680464744568,2.58583938564146,1,5.809733279783747
1409.7770690917969,2.593481112777173,1,5.8054210199752765
1409.853770017624,2.5960283551557417,1,5.803983600039121
1409.9320149421692,2.5985755975343174,1,5.802546180102961
1410.0110189914703,2.58583938564146,1,5.809733279783747
1410.0890820026398,2.601122839912886,1,5.801108760166805
1410.1685917377472,2.5985755975343174,1,5.802546180102961
1410.2469766139984,2.608764567048606,1,5.796796500358331
1410.3239192962646,2.5909338703986045,1,5.806858439911432
1410.401061296463,2.6062173246700304,1,5.798233920294491
1410.4773607254028,2.5909338703986045,1,5.806858439911432
1410.5537173748016,2.5960283551557417,1,5.803983600039121
1410.6494815349579,2.601122839912886,1,5.801108760166805
1410.7442622184753,2.5756504161271714,1,5.815482959528377
1410.8230504989624,2.5960283551557417,1,5.803983600039121
1410.901736497879,2.5985755975343174,1,5.802546180102961
1410.9788773059845,2.58583938564146,1,5.809733279783747
1411.0580759048462,2.5883866280200287,1,5.808295859847592
1411.1538531780243,2.601122839912886,1,5.801108760166805
1411.2928309440613,2.593481112777173,1,5.8054210199752765
1411.385900259018,2.593481112777173,1,5.8054210199752765
1411.4622807502747,2.5832921432628844,1,5.811170699719906
1411.5562160015106,2.593481112777173,1,5.8054210199752765
1411.633734703064,2.611311809427175,1,5.795359080422175
1411.726482629776,2.5909338703986045,1,5.806858439911432
1411.851152896881,2.603670082291462,1,5.799671340230646
1411.943490743637,2.593481112777173,1,5.8054210199752765
1412.0221960544586,2.5985755975343174,1,5.802546180102961
1412.1007544994354,2.608764567048606,1,5.796796500358331
1412.1778106689453,2.58583938564146,1,5.809733279783747
1412.2576706409454,2.5960283551557417,1,5.803983600039121
1412.3368172645569,2.611311809427175,1,5.795359080422175
1412.413997888565,2.601122839912886,1,5.801108760166805
1412.4934589862823,2.601122839912886,1,5.801108760166805
1412.5704877376556,2.608764567048606,1,5.796796500358331
1412.6475462913513,2.593481112777173,1,5.8054210199752765
1412.725105524063,2.603670082291462,1,5.799671340230646
1412.8311131000519,2.593481112777173,1,5.8054210199752765
1412.907912015915,2.5985755975343174,1,5.802546180102961
1412.9857709407806,2.616406294184319,1,5.792484240549861
1413.0625984668732,2.5909338703986045,1,5.806858439911432
1413.1396164894104,2.593481112777173,1,5.8054210199752765
1413.216470003128,2.601122839912886,1,5.801108760166805
1413.2939896583557,2.5960283551557417,1,5.803983600039121
1413.3855884075165,2.601122839912886,1,5.801108760166805
1413.4639775753021,2.593481112777173,1,5.8054210199752765
1413.542941570282,2.603670082291462,1,5.799671340230646
1413.6208107471466,2.5960283551557417,1,5.803983600039121
1413.698498725891,2.6062173246700304,1,5.798233920294491
1413.7774875164032,2.601122839912886,1,5.801108760166805
1413.855043888092,2.601122839912886,1,5.801108760166805
1413.933111667633,2.616406294184319,1,5.792484240549861
1414.011225938797,2.5883866280200287,1,5.808295859847592
1414.1020157337189,2.616406294184319,1,5.792484240549861
1414.1815044879913,2.608764567048606,1,5.796796500358331
1414.2907102108002,2.611311809427175,1,5.795359080422175
1414.367642879486,2.603670082291462,1,5.799671340230646
1414.446542263031,2.5883866280200287,1,5.808295859847592
1414.5235636234283,2.6062173246700304,1,5.798233920294491
1414.6008563041687,2.6062173246700304,1,5.798233920294491
1414.6789050102234,2.6062173246700304,1,5.798233920294491
1414.7555782794952,2.601122839912886,1,5.801108760166805
1414.8310441970825,2.6062173246700304,1,5.798233920294491
1414.9099833965302,2.5832921432628844,1,5.811170699719906
1414.9863946437836,2.616406294184319,1,5.792484240549861
1415.0651636123657,2.6062173246700304,1,5.798233920294491
1415.1437273025513,2.5985755975343174,1,5.802546180102961
1415.2531764507294,2.608764567048606,1,5.796796500358331
1415.3321797847748,2.5960283551557417,1,5.803983600039121
1415.411131620407,2.5883866280200287,1,5.808295859847592
1415.4871065616608,2.601122839912886,1,5.801108760166805
1415.564243555069,2.593481112777173,1,5.8054210199752765
1415.6433041095734,2.5985755975343174,1,5.802546180102961
1415.7212018966675,2.608764567048606,1,5.796796500358331
1415.8298768997192,2.58583938564146,1,5.809733279783747
1415.9059414863586,2.5960283551557417,1,5.803983600039121
1415.9850339889526,2.601122839912886,1,5.801108760166805
1416.0639429092407,2.6138590518057505,1,5.793921660486016
1416.1399602890015,2.593481112777173,1,5.8054210199752765
1416.21964097023,2.616406294184319,1,5.792484240549861
1416.2974569797516,2.6062173246700304,1,5.798233920294491
1416.3752782344818,2.5985755975343174,1,5.802546180102961
1416.4553134441376,2.603670082291462,1,5.799671340230646
1416.5325860977173,2.5960283551557417,1,5.803983600039121
1416.6091303825378,2.593481112777173,1,5.8054210199752765
1416.6870260238647,2.6138590518057505,1,5.793921660486016
1416.7670316696167,2.6138590518057505,1,5.793921660486016
1416.8440070152283,2.601122839912886,1,5.801108760166805
1416.9208464622498,2.608764567048606,1,5.796796500358331
1416.9989113807678,2.601122839912886,1,5.801108760166805
1417.074838399887,2.547630749962881,1,5.831294578826108
1417.1545400619507,2.6062173246700304,1,5.798233920294491
1417.2634890079498,2.5985755975343174,1,5.802546180102961
1417.3396875858307,2.5909338703986045,1,5.806858439911432
1417.4175033569336,2.603670082291462,1,5.799671340230646
1417.5123088359833,2.601122839912886,1,5.801108760166805
1417.605833530426,2.6062173246700304,1,5.798233920294491
1417.685614824295,2.608764567048606,1,5.796796500358331
1417.7643129825592,2.5909338703986045,1,5.806858439911432
1417.840845823288,2.608764567048606,1,5.796796500358331
1417.9206595420837,2.6062173246700304,1,5.798233920294491
1417.9985694885254,2.601122839912886,1,5.801108760166805
1418.0752749443054,2.608764567048606,1,5.796796500358331
1418.1551055908203,2.5985755975343174,1,5.802546180102961
1418.2319276332855,2.5909338703986045,1,5.806858439911432
1418.308884859085,2.6062173246700304,1,5.798233920294491
1418.38564991951,2.611311809427175,1,5.795359080422175
1418.4635922908783,2.603670082291462,1,5.799671340230646
1418.5421793460846,2.603670082291462,1,5.799671340230646
1418.6205067634583,2.608764567048606,1,5.796796500358331
1418.726599931717,2.6138590518057505,1,5.793921660486016
1418.8041574954987,2.608764567048606,1,5.796796500358331
1418.8829441070557,2.6062173246700304,1,5.798233920294491
1418.9598128795624,2.593481112777173,1,5.8054210199752765
1419.0376267433167,2.601122839912886,1,5.801108760166805
1419.1164655685425,2.6062173246700304,1,5.798233920294491
1419.193015575409,2.5909338703986045,1,5.806858439911432
1419.2716617584229,2.611311809427175,1,5.795359080422175
1419.35151720047,2.5985755975343174,1,5.802546180102961
1419.4287023544312,2.5960283551557417,1,5.803983600039121
1419.507970571518,2.608764567048606,1,5.796796500358331
1419.5870339870453,2.611311809427175,1,5.795359080422175
1419.664544582367,2.6062173246700304,1,5.798233920294491
1419.7427418231964,2.5985755975343174,1,5.802546180102961
1419.8225548267365,2.5960283551557417,1,5.803983600039121
1419.9156138896942,2.601122839912886,1,5.801108760166805
1419.9929854869843,2.593481112777173,1,5.8054210199752765
1420.0707657337189,2.5985755975343174,1,5.802546180102961
1420.1788709163666,2.5909338703986045,1,5.806858439911432
1420.2569739818573,2.5985755975343174,1,5.802546180102961
1420.334156036377,2.611311809427175,1,5.795359080422175
1420.4101328849792,2.5756504161271714,1,5.815482959528377
1420.489102602005,2.601122839912886,1,5.801108760166805
1420.5655233860016,2.608764567048606,1,5.796796500358331
1420.641995191574,2.608764567048606,1,5.796796500358331
1420.720184803009,2.5985755975343174,1,5.802546180102961
1420.7974154949188,2.6138590518057505,1,5.793921660486016
1420.8760707378387,2.601122839912886,1,5.801108760166805
1420.9549674987793,2.5985755975343174,1,5.802546180102961
1421.0319094657898,2.6215007789414635,1,5.789609400677545
1421.1090440750122,2.608764567048606,1,5.796796500358331
1421.1887876987457,2.616406294184319,1,5.792484240549861
1421.2666523456573,2.616406294184319,1,5.792484240549861
1421.3444917201996,2.601122839912886,1,5.801108760166805
1421.422592163086,2.6062173246700304,1,5.798233920294491
1421.4993267059326,2.6215007789414635,1,5.789609400677545
1421.5752477645874,2.603670082291462,1,5.799671340230646
1421.6859757900238,2.626595263698608,1,5.786734560805231
1421.7634627819061,2.6062173246700304,1,5.798233920294491
1421.8433091640472,2.6062173246700304,1,5.798233920294491
1421.9227001667023,2.608764567048606,1,5.796796500358331
1421.998500585556,2.6138590518057505,1,5.793921660486016
1422.075299501419,2.5985755975343174,1,5.802546180102961
1422.1540324687958,2.601122839912886,1,5.801108760166805
1422.2308144569397,2.608764567048606,1,5.796796500358331
1422.3106288909912,2.611311809427175,1,5.795359080422175
1422.3896052837372,2.603670082291462,1,5.799671340230646
1422.4667320251465,2.6062173246700304,1,5.798233920294491
1422.546842098236,2.6215007789414635,1,5.789609400677545
1422.6246981620789,2.6062173246700304,1,5.798233920294491
1422.7027139663696,2.6138590518057505,1,5.793921660486016
1422.781741142273,2.6215007789414635,1,5.789609400677545
1422.8747673034668,2.603670082291462,1,5.799671340230646
1422.952712059021,2.608764567048606,1,5.796796500358331
1423.0306646823883,2.6138590518057505,1,5.793921660486016
1423.1409902572632,2.6062173246700304,1,5.798233920294491
1423.2348816394806,2.6138590518057505,1,5.793921660486016
1423.3116981983185,2.616406294184319,1,5.792484240549861
1423.3895535469055,2.603670082291462,1,5.799671340230646
1423.4678733348846,2.611311809427175,1,5.795359080422175
1423.5450117588043,2.5960283551557417,1,5.803983600039121
1423.6231560707092,2.603670082291462,1,5.799671340230646
1423.7012386322021,2.5985755975343174,1,5.802546180102961
1423.7780690193176,2.5985755975343174,1,5.802546180102961
1423.856790304184,2.603670082291462,1,5.799671340230646
1423.934011220932,2.601122839912886,1,5.801108760166805
1424.012865304947,2.6062173246700304,1,5.798233920294491
1424.0905666351318,2.608764567048606,1,5.796796500358331
1424.1694741249084,2.608764567048606,1,5.796796500358331
1424.2474203109741,2.603670082291462,1,5.799671340230646
1424.3391256332397,2.5985755975343174,1,5.802546180102961
1424.4180579185486,2.603670082291462,1,5.799671340230646
1424.4969534873962,2.5985755975343174,1,5.802546180102961
1424.6046714782715,2.6062173246700304,1,5.798233920294491
1424.6845800876617,2.611311809427175,1,5.795359080422175
1424.7620129585266,2.601122839912886,1,5.801108760166805
1424.8537845611572,2.608764567048606,1,5.796796500358331
1424.9335565567017,2.618953536562895,1,5.791046820613701
1425.0119225978851,2.616406294184319,1,5.792484240549861
1425.0898225307465,2.6138590518057505,1,5.793921660486016
1425.1671364307404,2.608764567048606,1,5.796796500358331
1425.260846376419,2.5985755975343174,1,5.802546180102961
1425.3380246162415,2.618953536562895,1,5.791046820613701
1425.4187712669373,2.603670082291462,1,5.799671340230646
1425.4975543022156,2.6215007789414635,1,5.789609400677545
1425.5750529766083,2.5985755975343174,1,5.802546180102961
1425.653165102005,2.611311809427175,1,5.795359080422175
1425.7319478988647,2.611311809427175,1,5.795359080422175
1425.809017419815,2.593481112777173,1,5.8054210199752765
1425.887009859085,2.616406294184319,1,5.792484240549861
1425.9657168388367,2.6062173246700304,1,5.798233920294491
1426.075190782547,2.603670082291462,1,5.799671340230646
1426.1541075706482,2.5960283551557417,1,5.803983600039121
1426.2300174236298,2.611311809427175,1,5.795359080422175
1426.3080253601074,2.5960283551557417,1,5.803983600039121
1426.3862099647522,2.618953536562895,1,5.791046820613701
1426.4630932807922,2.608764567048606,1,5.796796500358331
1426.5413737297058,2.6138590518057505,1,5.793921660486016
1426.620136499405,2.5909338703986045,1,5.806858439911432
1426.6979584693909,2.608764567048606,1,5.796796500358331
1426.7770915031433,2.6138590518057505,1,5.793921660486016
1426.8556244373322,2.5883866280200287,1,5.808295859847592
1426.9308097362518,2.6215007789414635,1,5.789609400677545
1427.0102968215942,2.616406294184319,1,5.792484240549861
1427.0902400016785,2.6062173246700304,1,5.798233920294491
1427.1671905517578,2.618953536562895,1,5.791046820613701
1427.244033575058,2.611311809427175,1,5.795359080422175
1427.3238031864166,2.6062173246700304,1,5.798233920294491
1427.4007365703583,2.6138590518057505,1,5.793921660486016
1427.4777348041534,2.6138590518057505,1,5.793921660486016
1427.5856885910034,2.603670082291462,1,5.799671340230646
1427.6635398864746,2.616406294184319,1,5.792484240549861
1427.743188381195,2.611311809427175,1,5.795359080422175
1427.820727109909,2.601122839912886,1,5.801108760166805
1427.89768242836,2.616406294184319,1,5.792484240549861
1427.9756333827972,2.603670082291462,1,5.799671340230646
1428.0537633895874,2.603670082291462,1,5.799671340230646
1428.1298503875732,2.616406294184319,1,5.792484240549861
1428.2077162265778,2.603670082291462,1,5.799671340230646
1428.2838077545166,2.6215007789414635,1,5.789609400677545
1428.3606946468353,2.6062173246700304,1,5.798233920294491
1428.4390187263489,2.616406294184319,1,5.792484240549861
1428.5188217163086,2.608764567048606,1,5.796796500358331
1428.5937967300415,2.6062173246700304,1,5.798233920294491
1428.6726658344269,2.6062173246700304,1,5.798233920294491
1428.7516176700592,2.601122839912886,1,5.801108760166805
1428.828397989273,2.608764567048606,1,5.796796500358331
1428.9230425357819,2.616406294184319,1,5.792484240549861
1429.0318636894226,2.626595263698608,1,5.786734560805231
1429.1097469329834,2.611311809427175,1,5.795359080422175
1429.1896574497223,2.601122839912886,1,5.801108760166805
1429.2658669948578,2.6215007789414635,1,5.789609400677545
1429.3429222106934,2.6215007789414635,1,5.789609400677545
1429.422307729721,2.611311809427175,1,5.795359080422175
1429.4987201690674,2.616406294184319,1,5.792484240549861
1429.575630903244,2.616406294184319,1,5.792484240549861
1429.654004573822,2.603670082291462,1,5.799671340230646
1429.7312774658203,2.6215007789414635,1,5.789609400677545
1429.8105144500732,2.6138590518057505,1,5.793921660486016
1429.90398812294,2.603670082291462,1,5.799671340230646
1429.9820110797882,2.616406294184319,1,5.792484240549861
1430.0761330127716,2.624048021320032,1,5.78817198074139
1430.1542448997498,2.6215007789414635,1,5.789609400677545
1430.2312183380127,2.616406294184319,1,5.792484240549861
1430.3102192878723,2.6215007789414635,1,5.789609400677545
1430.3881583213806,2.616406294184319,1,5.792484240549861
1430.4971175193787,2.626595263698608,1,5.786734560805231
1430.5732038021088,2.618953536562895,1,5.791046820613701
1430.6503624916077,2.626595263698608,1,5.786734560805231
1430.7299709320068,2.634236990834321,1,5.7824223009967595
1430.8091571331024,2.616406294184319,1,5.792484240549861
1430.8870894908905,2.618953536562895,1,5.791046820613701
1430.9667518138885,2.611311809427175,1,5.795359080422175
1431.0451419353485,2.624048021320032,1,5.78817198074139
1431.120736837387,2.616406294184319,1,5.792484240549861
1431.215482711792,2.618953536562895,1,5.791046820613701
1431.2942609786987,2.6291425060771765,1,5.7852971408690745
1431.370816707611,2.611311809427175,1,5.795359080422175
1431.4486150741577,2.6291425060771765,1,5.7852971408690745
1431.5285294055939,2.6215007789414635,1,5.789609400677545
1431.606208562851,2.6138590518057505,1,5.793921660486016
1431.684942483902,2.616406294184319,1,5.792484240549861
1431.7640023231506,2.6291425060771765,1,5.7852971408690745
1431.8399350643158,2.624048021320032,1,5.78817198074139
1431.9508697986603,2.616406294184319,1,5.792484240549861
1432.0276353359222,2.616406294184319,1,5.792484240549861
1432.1047959327698,2.616406294184319,1,5.792484240549861
1432.182871580124,2.618953536562895,1,5.791046820613701
1432.2623720169067,2.624048021320032,1,5.78817198074139
1432.3391218185425,2.6215007789414635,1,5.789609400677545
1432.4189858436584,2.624048021320032,1,5.78817198074139
1432.497885942459,2.6215007789414635,1,5.789609400677545
1432.5743129253387,2.6367842332128966,1,5.780984881060601
1432.6535639762878,2.6138590518057505,1,5.793921660486016
1432.7333438396454,2.608764567048606,1,5.796796500358331
1432.8111708164215,2.624048021320032,1,5.78817198074139
1432.8910274505615,2.631689748455752,1,5.783859720932915
1432.9690971374512,2.608764567048606,1,5.796796500358331
1433.0456984043121,2.611311809427175,1,5.795359080422175
1433.1228749752045,2.618953536562895,1,5.791046820613701
1433.2015841007233,2.611311809427175,1,5.795359080422175
1433.277983903885,2.634236990834321,1,5.7824223009967595
1433.355280160904,2.603670082291462,1,5.799671340230646
1433.463870048523,2.6215007789414635,1,5.789609400677545
1433.559354543686,2.626595263698608,1,5.786734560805231
1433.6386587619781,2.6138590518057505,1,5.793921660486016
1433.7156898975372,2.611311809427175,1,5.795359080422175
1433.7938797473907,2.624048021320032,1,5.78817198074139
1433.8708109855652,2.6062173246700304,1,5.798233920294491
1433.949035167694,2.6138590518057505,1,5.793921660486016
1434.025893688202,2.6215007789414635,1,5.789609400677545
1434.1038661003113,2.6062173246700304,1,5.798233920294491
1434.1808214187622,2.6215007789414635,1,5.789609400677545
1434.2606465816498,2.6291425060771765,1,5.7852971408690745
1434.3386924266815,2.6215007789414635,1,5.789609400677545
1434.4155435562134,2.6291425060771765,1,5.7852971408690745
1434.4929912090302,2.634236990834321,1,5.7824223009967595
1434.5719912052155,2.624048021320032,1,5.78817198074139
1434.66454911232,2.6138590518057505,1,5.793921660486016
1434.7426686286926,2.6215007789414635,1,5.789609400677545
1434.820641040802,2.618953536562895,1,5.791046820613701
1434.9296901226044,2.608764567048606,1,5.796796500358331
1435.0090131759644,2.6215007789414635,1,5.789609400677545
1435.0861496925354,2.6138590518057505,1,5.793921660486016
1435.165048122406,2.6138590518057505,1,5.793921660486016
1435.2429900169373,2.616406294184319,1,5.792484240549861
1435.3199090957642,2.616406294184319,1,5.792484240549861
1435.3986434936523,2.6138590518057505,1,5.793921660486016
1435.476160287857,2.6291425060771765,1,5.7852971408690745
1435.554679632187,2.6215007789414635,1,5.789609400677545
1435.632694721222,2.611311809427175,1,5.795359080422175
1435.710747718811,2.611311809427175,1,5.795359080422175
1435.8034751415253,2.624048021320032,1,5.78817198074139
1435.8961522579193,2.6291425060771765,1,5.7852971408690745
1435.9759867191315,2.616406294184319,1,5.792484240549861
1436.053765296936,2.616406294184319,1,5.792484240549861
1436.1315693855286,2.6215007789414635,1,5.789609400677545
1436.21040225029,2.6215007789414635,1,5.789609400677545
1436.2873992919922,2.608764567048606,1,5.796796500358331
1436.3959827423096,2.626595263698608,1,5.786734560805231
1436.4751555919647,2.626595263698608,1,5.786734560805231
1436.5508587360382,2.6138590518057505,1,5.793921660486016
1436.6432728767395,2.631689748455752,1,5.783859720932915
1436.7212760448456,2.618953536562895,1,5.791046820613701
1436.8008544445038,2.6215007789414635,1,5.789609400677545
1436.877670288086,2.624048021320032,1,5.78817198074139
1436.9705262184143,2.611311809427175,1,5.795359080422175
1437.0474820137024,2.616406294184319,1,5.792484240549861
1437.1255311965942,2.631689748455752,1,5.783859720932915
1437.2030518054962,2.634236990834321,1,5.7824223009967595
1437.282166004181,2.616406294184319,1,5.792484240549861
1437.3601293563843,2.611311809427175,1,5.795359080422175
1437.4360132217407,2.6062173246700304,1,5.798233920294491
1437.514965057373,2.6062173246700304,1,5.798233920294491
1437.5929498672485,2.616406294184319,1,5.792484240549861
1437.669667482376,2.6138590518057505,1,5.793921660486016
1437.7483320236206,2.6291425060771765,1,5.7852971408690745
1437.8587172031403,2.6138590518057505,1,5.793921660486016
1437.93661236763,2.6215007789414635,1,5.789609400677545
1438.016405582428,2.618953536562895,1,5.791046820613701
1438.1098146438599,2.624048021320032,1,5.78817198074139
1438.1876122951508,2.616406294184319,1,5.792484240549861
1438.2650256156921,2.618953536562895,1,5.791046820613701
1438.3423111438751,2.616406294184319,1,5.792484240549861
1438.4195470809937,2.6215007789414635,1,5.789609400677545
1438.4969758987427,2.6215007789414635,1,5.789609400677545
1438.5768361091614,2.618953536562895,1,5.791046820613701
1438.65385055542,2.6138590518057505,1,5.793921660486016
1438.7326924800873,2.618953536562895,1,5.791046820613701
1438.811543226242,2.631689748455752,1,5.783859720932915
1438.8885107040405,2.6215007789414635,1,5.789609400677545
1438.9641971588135,2.616406294184319,1,5.792484240549861
1439.0421340465546,2.626595263698608,1,5.786734560805231
1439.1192879676819,2.624048021320032,1,5.78817198074139
1439.2118635177612,2.611311809427175,1,5.795359080422175
1439.2898983955383,2.6215007789414635,1,5.789609400677545
1439.39914560318,2.608764567048606,1,5.796796500358331
1439.4789748191833,2.6138590518057505,1,5.793921660486016
1439.556388616562,2.624048021320032,1,5.78817198074139
1439.6354393959045,2.6215007789414635,1,5.789609400677545
1439.7140526771545,2.616406294184319,1,5.792484240549861
1439.791675567627,2.6138590518057505,1,5.793921660486016
1439.8715374469757,2.616406294184319,1,5.792484240549861
1439.950650691986,2.603670082291462,1,5.799671340230646
1440.027648448944,2.616406294184319,1,5.792484240549861
1440.1066496372223,2.624048021320032,1,5.78817198074139
1440.185086965561,2.6215007789414635,1,5.789609400677545
1440.2629532814026,2.608764567048606,1,5.796796500358331
1440.3427124023438,2.624048021320032,1,5.78817198074139
1440.4206812381744,2.626595263698608,1,5.786734560805231
1440.4985115528107,2.611311809427175,1,5.795359080422175
1440.5776181221008,2.608764567048606,1,5.796796500358331
1440.655647277832,2.616406294184319,1,5.792484240549861
1440.7316431999207,2.611311809427175,1,5.795359080422175
1440.842369556427,2.6138590518057505,1,5.793921660486016
1440.9195704460144,2.6215007789414635,1,5.789609400677545
1440.9964625835419,2.5985755975343174,1,5.802546180102961
1441.07444024086,2.626595263698608,1,5.786734560805231
1441.1542763710022,2.616406294184319,1,5.792484240549861
1441.2323648929596,2.611311809427175,1,5.795359080422175
1441.3118224143982,2.6138590518057505,1,5.793921660486016
1441.3909184932709,2.634236990834321,1,5.7824223009967595
1441.4687809944153,2.634236990834321,1,5.7824223009967595
1441.5476472377777,2.6062173246700304,1,5.798233920294491
1441.6257152557373,2.6138590518057505,1,5.793921660486016
1441.701886177063,2.608764567048606,1,5.796796500358331
1441.7807261943817,2.608764567048606,1,5.796796500358331
1441.859114408493,2.616406294184319,1,5.792484240549861
1441.9369831085205,2.631689748455752,1,5.783859720932915
1442.014264345169,2.6138590518057505,1,5.793921660486016
1442.09299659729,2.6215007789414635,1,5.789609400677545
1442.170152425766,2.616406294184319,1,5.792484240549861
1442.2782871723175,2.6062173246700304,1,5.798233920294491
1442.356130361557,2.6291425060771765,1,5.7852971408690745
1442.4341361522675,2.6367842332128966,1,5.780984881060601
1442.5111982822418,2.6215007789414635,1,5.789609400677545
1442.5879878997803,2.6367842332128966,1,5.780984881060601
1442.6656074523926,2.616406294184319,1,5.792484240549861
1442.7440915107727,2.626595263698608,1,5.786734560805231
1442.8209881782532,2.639331475591465,1,5.779547461124444
1442.8998987674713,2.626595263698608,1,5.786734560805231
1442.9777772426605,2.6062173246700304,1,5.798233920294491
1443.0539507865906,2.6215007789414635,1,5.789609400677545
1443.1328928470612,2.6215007789414635,1,5.789609400677545
1443.2110109329224,2.616406294184319,1,5.792484240549861
1443.288634300232,2.6291425060771765,1,5.7852971408690745
1443.3666234016418,2.6291425060771765,1,5.7852971408690745
1443.4464938640594,2.626595263698608,1,5.786734560805231
1443.523372888565,2.626595263698608,1,5.786734560805231
1443.616511106491,2.6215007789414635,1,5.789609400677545
1443.7263486385345,2.611311809427175,1,5.795359080422175
1443.8032159805298,2.6215007789414635,1,5.789609400677545
1443.8807413578033,2.611311809427175,1,5.795359080422175
1443.9600648880005,2.618953536562895,1,5.791046820613701
1444.0359671115875,2.6291425060771765,1,5.7852971408690745
1444.1147422790527,2.6215007789414635,1,5.789609400677545
1444.190574645996,2.611311809427175,1,5.795359080422175
1444.2674543857574,2.6291425060771765,1,5.7852971408690745
1444.3470826148987,2.6138590518057505,1,5.793921660486016
1444.4250404834747,2.616406294184319,1,5.792484240549861
1444.5029532909393,2.6215007789414635,1,5.789609400677545
1444.5807950496674,2.616406294184319,1,5.792484240549861
1444.658715248108,2.626595263698608,1,5.786734560805231
1444.734852552414,2.624048021320032,1,5.78817198074139
1444.812697649002,2.616406294184319,1,5.792484240549861
1444.890499830246,2.626595263698608,1,5.786734560805231
1444.9673163890839,2.6367842332128966,1,5.780984881060601
1445.0462288856506,2.593481112777173,1,5.8054210199752765
1445.1242680549622,2.624048021320032,1,5.78817198074139
1445.2305705547333,2.6138590518057505,1,5.793921660486016
1445.3092164993286,2.616406294184319,1,5.792484240549861
1445.3859751224518,2.626595263698608,1,5.786734560805231
1445.4651126861572,2.634236990834321,1,5.7824223009967595
1445.5438992977142,2.616406294184319,1,5.792484240549861
1445.6216509342194,2.641878717970041,1,5.778110041188285
1445.7005939483643,2.631689748455752,1,5.783859720932915
1445.7788469791412,2.631689748455752,1,5.783859720932915
1445.8553025722504,2.631689748455752,1,5.783859720932915
1445.933012008667,2.631689748455752,1,5.783859720932915
1446.0121114253998,2.624048021320032,1,5.78817198074139
1446.0888726711273,2.631689748455752,1,5.783859720932915
1446.1676166057587,2.639331475591465,1,5.779547461124444
1446.2457506656647,2.626595263698608,1,5.786734560805231
1446.3230402469635,2.6291425060771765,1,5.7852971408690745
1446.4017329216003,2.631689748455752,1,5.783859720932915
1446.4787573814392,2.6138590518057505,1,5.793921660486016
1446.555982351303,2.6291425060771765,1,5.7852971408690745
1446.6678681373596,2.634236990834321,1,5.7824223009967595
1446.7450489997864,2.624048021320032,1,5.78817198074139
1446.8219141960144,2.631689748455752,1,5.783859720932915
1446.9010436534882,2.6291425060771765,1,5.7852971408690745
1446.9789934158325,2.624048021320032,1,5.78817198074139
1447.05544090271,2.626595263698608,1,5.786734560805231
1447.13423204422,2.6291425060771765,1,5.7852971408690745
1447.2139830589294,2.634236990834321,1,5.7824223009967595
1447.2909214496613,2.626595263698608,1,5.786734560805231
1447.3690030574799,2.6291425060771765,1,5.7852971408690745
1447.4460275173187,2.626595263698608,1,5.786734560805231
1447.5219678878784,2.626595263698608,1,5.786734560805231
1447.600606918335,2.6367842332128966,1,5.780984881060601
1447.6800215244293,2.6138590518057505,1,5.793921660486016
1447.7570478916168,2.6138590518057505,1,5.793921660486016
1447.836189508438,2.6215007789414635,1,5.789609400677545
1447.9143044948578,2.6291425060771765,1,5.7852971408690745
1447.9909970760345,2.618953536562895,1,5.791046820613701
1448.1019480228424,2.624048021320032,1,5.78817198074139
1448.1810522079468,2.624048021320032,1,5.78817198074139
1448.2604870796204,2.6215007789414635,1,5.789609400677545
1448.3542077541351,2.631689748455752,1,5.783859720932915
1448.4306886196136,2.6367842332128966,1,5.780984881060601
1448.5073084831238,2.626595263698608,1,5.786734560805231
1448.584451675415,2.6291425060771765,1,5.7852971408690745
1448.6599805355072,2.616406294184319,1,5.792484240549861
1448.735911846161,2.624048021320032,1,5.78817198074139
1448.8149733543396,2.626595263698608,1,5.786734560805231
1448.891429424286,2.616406294184319,1,5.792484240549861
1448.9686043262482,2.6367842332128966,1,5.780984881060601
1449.048178911209,2.618953536562895,1,5.791046820613701
1449.1250529289246,2.6215007789414635,1,5.789609400677545
1449.2029223442078,2.634236990834321,1,5.7824223009967595
1449.2795085906982,2.634236990834321,1,5.7824223009967595
1449.358108997345,2.626595263698608,1,5.786734560805231
1449.4528830051422,2.641878717970041,1,5.778110041188285
1449.561769247055,2.634236990834321,1,5.7824223009967595
1449.6385433673859,2.624048021320032,1,5.78817198074139
1449.7175877094269,2.6291425060771765,1,5.7852971408690745
1449.796861410141,2.641878717970041,1,5.778110041188285
1449.8729131221771,2.626595263698608,1,5.786734560805231
1449.9511497020721,2.6520676874843225,1,5.772360361443659
1450.0296657085419,2.631689748455752,1,5.783859720932915
1450.1068360805511,2.624048021320032,1,5.78817198074139
1450.1856870651245,2.6444259603486096,1,5.776672621252129
1450.2653477191925,2.6367842332128966,1,5.780984881060601
1450.3430154323578,2.626595263698608,1,5.786734560805231
1450.4216980934143,2.624048021320032,1,5.78817198074139
1450.5004396438599,2.6444259603486096,1,5.776672621252129
1450.5772109031677,2.6291425060771765,1,5.7852971408690745
1450.6548755168915,2.6291425060771765,1,5.7852971408690745
1450.7328469753265,2.626595263698608,1,5.786734560805231
1450.8102734088898,2.639331475591465,1,5.779547461124444
1450.889286994934,2.634236990834321,1,5.7824223009967595
1450.9684839248657,2.641878717970041,1,5.778110041188285
1451.076961517334,2.626595263698608,1,5.786734560805231
1451.1560680866241,2.631689748455752,1,5.783859720932915
1451.2328639030457,2.639331475591465,1,5.779547461124444
1451.3106861114502,2.626595263698608,1,5.786734560805231
1451.3895707130432,2.6138590518057505,1,5.793921660486016
1451.4675271511078,2.641878717970041,1,5.778110041188285
1451.5441324710846,2.624048021320032,1,5.78817198074139
1451.6230912208557,2.634236990834321,1,5.7824223009967595
1451.6995725631714,2.6367842332128966,1,5.780984881060601
1451.7774822711945,2.6469732027271853,1,5.7752352013159705
1451.8572645187378,2.6469732027271853,1,5.7752352013159705
1451.9342470169067,2.657162172241467,1,5.769485521571344
1452.0119829177856,2.626595263698608,1,5.786734560805231
1452.0914475917816,2.6215007789414635,1,5.789609400677545
1452.1692218780518,2.639331475591465,1,5.779547461124444
1452.2480792999268,2.634236990834321,1,5.7824223009967595
1452.3256528377533,2.618953536562895,1,5.791046820613701
1452.4049088954926,2.6367842332128966,1,5.780984881060601
1452.512974023819,2.6291425060771765,1,5.7852971408690745
1452.592892408371,2.6469732027271853,1,5.7752352013159705
1452.6692683696747,2.641878717970041,1,5.778110041188285
1452.748096704483,2.641878717970041,1,5.778110041188285
1452.8279099464417,2.641878717970041,1,5.778110041188285
1452.9237265586853,2.639331475591465,1,5.779547461124444
1453.0015428066254,2.6367842332128966,1,5.780984881060601
1453.0790882110596,2.634236990834321,1,5.7824223009967595
1453.1542630195618,2.631689748455752,1,5.783859720932915
1453.2311942577362,2.6444259603486096,1,5.776672621252129
1453.307532787323,2.631689748455752,1,5.783859720932915
1453.3847653865814,2.626595263698608,1,5.786734560805231
1453.4640243053436,2.641878717970041,1,5.778110041188285
1453.541484594345,2.6291425060771765,1,5.7852971408690745
1453.6349749565125,2.634236990834321,1,5.7824223009967595
1453.7119925022125,2.6367842332128966,1,5.780984881060601
1453.7898755073547,2.618953536562895,1,5.791046820613701
1453.8648445606232,2.639331475591465,1,5.779547461124444
1453.9736647605896,2.616406294184319,1,5.792484240549861
1454.0644280910492,2.631689748455752,1,5.783859720932915
1454.1429867744446,2.6367842332128966,1,5.780984881060601
1454.220692873001,2.6367842332128966,1,5.780984881060601
1454.2971057891846,2.6215007789414635,1,5.789609400677545
1454.3752853870392,2.634236990834321,1,5.7824223009967595
1454.4539105892181,2.6291425060771765,1,5.7852971408690745
1454.5317327976227,2.6367842332128966,1,5.780984881060601
1454.6078188419342,2.616406294184319,1,5.792484240549861
1454.6876561641693,2.6367842332128966,1,5.780984881060601
1454.7644863128662,2.6367842332128966,1,5.780984881060601
1454.8430888652802,2.626595263698608,1,5.786734560805231
1454.920901298523,2.6215007789414635,1,5.789609400677545
1454.9998846054077,2.634236990834321,1,5.7824223009967595
1455.0781242847443,2.6520676874843225,1,5.772360361443659
1455.1567964553833,2.6367842332128966,1,5.780984881060601
1455.2492418289185,2.641878717970041,1,5.778110041188285
1455.3288133144379,2.639331475591465,1,5.779547461124444
1455.4375348091125,2.6291425060771765,1,5.7852971408690745
1455.515141248703,2.6444259603486096,1,5.776672621252129
1455.5938999652863,2.641878717970041,1,5.778110041188285
1455.6727206707,2.631689748455752,1,5.783859720932915
1455.7506158351898,2.631689748455752,1,5.783859720932915
1455.8296542167664,2.634236990834321,1,5.7824223009967595
1455.9065690040588,2.634236990834321,1,5.7824223009967595
1455.9844717979431,2.631689748455752,1,5.783859720932915
1456.0630247592926,2.6520676874843225,1,5.772360361443659
1456.1416702270508,2.631689748455752,1,5.783859720932915
1456.217711687088,2.649520445105754,1,5.773797781379814
1456.2958297729492,2.641878717970041,1,5.778110041188285
1456.3882837295532,2.641878717970041,1,5.778110041188285
1456.4662210941315,2.631689748455752,1,5.783859720932915
1456.5459280014038,2.6469732027271853,1,5.7752352013159705
1456.6247539520264,2.639331475591465,1,5.779547461124444
1456.7030255794525,2.6367842332128966,1,5.780984881060601
1456.7809717655182,2.649520445105754,1,5.773797781379814
1456.8606986999512,2.657162172241467,1,5.769485521571344
1456.9696414470673,2.6367842332128966,1,5.780984881060601
1457.047112941742,2.6469732027271853,1,5.7752352013159705
1457.1246309280396,2.6444259603486096,1,5.776672621252129
1457.216926574707,2.6444259603486096,1,5.776672621252129
1457.295899629593,2.631689748455752,1,5.783859720932915
1457.3726699352264,2.639331475591465,1,5.779547461124444
1457.4659759998322,2.639331475591465,1,5.779547461124444
1457.5451641082764,2.6367842332128966,1,5.780984881060601
1457.621676683426,2.626595263698608,1,5.786734560805231
1457.7155587673187,2.641878717970041,1,5.778110041188285
1457.7940056324005,2.6444259603486096,1,5.776672621252129
1457.870944738388,2.624048021320032,1,5.78817198074139
1457.9499077796936,2.639331475591465,1,5.779547461124444
1458.0289406776428,2.639331475591465,1,5.779547461124444
1458.106961965561,2.634236990834321,1,5.7824223009967595
1458.1860926151276,2.6469732027271853,1,5.7752352013159705
1458.2643067836761,2.634236990834321,1,5.7824223009967595
1458.3399376869202,2.639331475591465,1,5.779547461124444
1458.448861837387,2.6367842332128966,1,5.780984881060601
1458.5246772766113,2.6469732027271853,1,5.7752352013159705
1458.6030390262604,2.641878717970041,1,5.778110041188285
1458.6820631027222,2.6469732027271853,1,5.7752352013159705
1458.7589387893677,2.6444259603486096,1,5.776672621252129
1458.8379921913147,2.626595263698608,1,5.786734560805231
1458.9167370796204,2.6367842332128966,1,5.780984881060601
1458.9942977428436,2.639331475591465,1,5.779547461124444
1459.072990179062,2.634236990834321,1,5.7824223009967595
1459.1517460346222,2.6367842332128966,1,5.780984881060601
1459.2289083003998,2.649520445105754,1,5.773797781379814
1459.3047842979431,2.6367842332128966,1,5.780984881060601
1459.3826978206635,2.626595263698608,1,5.786734560805231
1459.459629058838,2.6444259603486096,1,5.776672621252129
1459.5377910137177,2.6367842332128966,1,5.780984881060601
1459.6158547401428,2.6367842332128966,1,5.780984881060601
1459.69313621521,2.639331475591465,1,5.779547461124444
1459.7728843688965,2.641878717970041,1,5.778110041188285
1459.8807418346405,2.6520676874843225,1,5.772360361443659
1459.956514120102,2.641878717970041,1,5.778110041188285
1460.034034729004,2.6367842332128966,1,5.780984881060601
1460.1130061149597,2.6469732027271853,1,5.7752352013159705
1460.1897959709167,2.657162172241467,1,5.769485521571344
1460.2667653560638,2.631689748455752,1,5.783859720932915
1460.3448626995087,2.639331475591465,1,5.779547461124444
1460.4219393730164,2.6367842332128966,1,5.780984881060601
1460.4998247623444,2.634236990834321,1,5.7824223009967595
1460.57692861557,2.639331475591465,1,5.779547461124444
1460.6527698040009,2.641878717970041,1,5.778110041188285
1460.7299551963806,2.641878717970041,1,5.778110041188285
1460.8088541030884,2.6520676874843225,1,5.772360361443659
1460.886608839035,2.6291425060771765,1,5.7852971408690745
1460.9663710594177,2.6367842332128966,1,5.780984881060601
1461.043462753296,2.6291425060771765,1,5.7852971408690745
1461.1193208694458,2.626595263698608,1,5.786734560805231
1461.1975243091583,2.639331475591465,1,5.779547461124444
1461.3067770004272,2.634236990834321,1,5.7824223009967595
1461.3850448131561,2.631689748455752,1,5.783859720932915
1461.4618465900421,2.6469732027271853,1,5.7752352013159705
1461.5396449565887,2.6444259603486096,1,5.776672621252129
1461.616447210312,2.639331475591465,1,5.779547461124444
1461.6949894428253,2.6520676874843225,1,5.772360361443659
1461.7729241847992,2.641878717970041,1,5.778110041188285
1461.8516917228699,2.6444259603486096,1,5.776672621252129
1461.9316189289093,2.641878717970041,1,5.778110041188285
1462.01042842865,2.649520445105754,1,5.773797781379814
1462.1052582263947,2.6520676874843225,1,5.772360361443659
1462.1831204891205,2.6291425060771765,1,5.7852971408690745
1462.2599050998688,2.649520445105754,1,5.773797781379814
1462.3396699428558,2.6444259603486096,1,5.776672621252129
1462.4196388721466,2.6367842332128966,1,5.780984881060601
1462.49742436409,2.6469732027271853,1,5.7752352013159705
1462.5755636692047,2.641878717970041,1,5.778110041188285
1462.6519212722778,2.639331475591465,1,5.779547461124444
1462.7300264835358,2.634236990834321,1,5.7824223009967595
1462.8409309387207,2.634236990834321,1,5.7824223009967595
1462.919284582138,2.6367842332128966,1,5.780984881060601
1462.9965059757233,2.649520445105754,1,5.773797781379814
1463.075760126114,2.6367842332128966,1,5.780984881060601
1463.1548047065735,2.626595263698608,1,5.786734560805231
1463.2320957183838,2.6291425060771765,1,5.7852971408690745
1463.3109624385834,2.6367842332128966,1,5.780984881060601
1463.390251159668,2.6469732027271853,1,5.7752352013159705
1463.466784954071,2.634236990834321,1,5.7824223009967595
1463.544935464859,2.6367842332128966,1,5.780984881060601
1463.6240346431732,2.639331475591465,1,5.779547461124444
1463.6999852657318,2.631689748455752,1,5.783859720932915
1463.7771480083466,2.6367842332128966,1,5.780984881060601
1463.8555076122284,2.6546149298628983,1,5.770922941507499
1463.9329164028168,2.641878717970041,1,5.778110041188285
1464.0107097625732,2.639331475591465,1,5.779547461124444
1464.088301897049,2.6469732027271853,1,5.7752352013159705
1464.1653883457184,2.6444259603486096,1,5.776672621252129
1464.2755341529846,2.641878717970041,1,5.778110041188285
1464.3543238639832,2.6469732027271853,1,5.7752352013159705
1464.4311809539795,2.6469732027271853,1,5.7752352013159705
1464.5092146396637,2.6367842332128966,1,5.780984881060601
1464.5881912708282,2.6469732027271853,1,5.7752352013159705
1464.6799371242523,2.6367842332128966,1,5.780984881060601
1464.7579038143158,2.639331475591465,1,5.779547461124444
1464.8347902297974,2.639331475591465,1,5.779547461124444
1464.9141442775726,2.634236990834321,1,5.7824223009967595
1464.9939658641815,2.6520676874843225,1,5.772360361443659
1465.071499824524,2.6469732027271853,1,5.7752352013159705
1465.1515016555786,2.631689748455752,1,5.783859720932915
1465.2303259372711,2.641878717970041,1,5.778110041188285
1465.3086297512054,2.6520676874843225,1,5.772360361443659
1465.3854672908783,2.6444259603486096,1,5.776672621252129
1465.4627916812897,2.641878717970041,1,5.778110041188285
1465.540827512741,2.6469732027271853,1,5.7752352013159705
1465.6196458339691,2.639331475591465,1,5.779547461124444
1465.7306463718414,2.6291425060771765,1,5.7852971408690745
1465.8087167739868,2.6546149298628983,1,5.770922941507499
1465.8885433673859,2.6546149298628983,1,5.770922941507499
1465.968407869339,2.649520445105754,1,5.773797781379814
1466.0462629795074,2.639331475591465,1,5.779547461124444
1466.1261403560638,2.6546149298628983,1,5.770922941507499
1466.2048516273499,2.6520676874843225,1,5.772360361443659
1466.2818117141724,2.6469732027271853,1,5.7752352013159705
1466.359624862671,2.6444259603486096,1,5.776672621252129
1466.4374957084656,2.6444259603486096,1,5.776672621252129
1466.5153608322144,2.641878717970041,1,5.778110041188285
1466.5951435565948,2.641878717970041,1,5.778110041188285
1466.689987897873,2.6520676874843225,1,5.772360361443659
1466.7660241127014,2.639331475591465,1,5.779547461124444
1466.843950510025,2.6546149298628983,1,5.770922941507499
1466.9219081401825,2.6520676874843225,1,5.772360361443659
1466.9989485740662,2.6367842332128966,1,5.780984881060601
1467.0777099132538,2.6444259603486096,1,5.776672621252129
1467.186688899994,2.634236990834321,1,5.7824223009967595
1467.2644455432892,2.634236990834321,1,5.7824223009967595
1467.3430614471436,2.639331475591465,1,5.779547461124444
1467.420652627945,2.6520676874843225,1,5.772360361443659
1467.5004694461823,2.634236990834321,1,5.7824223009967595
1467.5789444446564,2.6469732027271853,1,5.7752352013159705
1467.656495332718,2.641878717970041,1,5.778110041188285
1467.7501912117004,2.639331475591465,1,5.779547461124444
1467.8429481983185,2.641878717970041,1,5.778110041188285
1467.9197380542755,2.6444259603486096,1,5.776672621252129
1467.9995667934418,2.6367842332128966,1,5.780984881060601
1468.07887673378,2.6520676874843225,1,5.772360361443659
1468.1547644138336,2.6597094146200426,1,5.768048101635184
1468.2319631576538,2.641878717970041,1,5.778110041188285
1468.3110537528992,2.6546149298628983,1,5.770922941507499
1468.388409614563,2.6698983841343313,1,5.762298421890554
1468.467960357666,2.649520445105754,1,5.773797781379814
1468.547934293747,2.6444259603486096,1,5.776672621252129
1468.6240029335022,2.6520676874843225,1,5.772360361443659
1468.732001543045,2.6673511417557556,1,5.763735841826714
1468.8098754882812,2.6469732027271853,1,5.7752352013159705
1468.9046139717102,2.657162172241467,1,5.769485521571344
1468.9819819927216,2.6367842332128966,1,5.780984881060601
1469.0590262413025,2.6469732027271853,1,5.7752352013159705
1469.138109445572,2.657162172241467,1,5.769485521571344
1469.2166802883148,2.6520676874843225,1,5.772360361443659
1469.2940118312836,2.6546149298628983,1,5.770922941507499
1469.3879771232605,2.6469732027271853,1,5.7752352013159705
1469.465577840805,2.649520445105754,1,5.773797781379814
1469.5432999134064,2.639331475591465,1,5.779547461124444
1469.6203880310059,2.649520445105754,1,5.773797781379814
1469.6963832378387,2.639331475591465,1,5.779547461124444
1469.7729094028473,2.6520676874843225,1,5.772360361443659
1469.8522453308105,2.6444259603486096,1,5.776672621252129
1469.9293920993805,2.6367842332128966,1,5.780984881060601
1470.023022890091,2.6597094146200426,1,5.768048101635184
1470.1008503437042,2.6444259603486096,1,5.776672621252129
1470.2107253074646,2.6444259603486096,1,5.776672621252129
1470.2886171340942,2.6520676874843225,1,5.772360361443659
1470.3676266670227,2.6444259603486096,1,5.776672621252129
1470.445411682129,2.6469732027271853,1,5.7752352013159705
1470.523812532425,2.6597094146200426,1,5.768048101635184
1470.6037454605103,2.649520445105754,1,5.773797781379814
1470.68061876297,2.641878717970041,1,5.778110041188285
1470.7595207691193,2.6367842332128966,1,5.780984881060601
1470.8393251895905,2.664803899377187,1,5.765173261762869
1470.9169385433197,2.6520676874843225,1,5.772360361443659
1470.9948143959045,2.641878717970041,1,5.778110041188285
1471.074604511261,2.6469732027271853,1,5.7752352013159705
1471.1534094810486,2.657162172241467,1,5.769485521571344
1471.2469899654388,2.6367842332128966,1,5.780984881060601
1471.3248400688171,2.649520445105754,1,5.773797781379814
1471.4031891822815,2.6673511417557556,1,5.763735841826714
1471.4818036556244,2.6469732027271853,1,5.7752352013159705
1471.5596632957458,2.6444259603486096,1,5.776672621252129
1471.666559934616,2.6546149298628983,1,5.770922941507499
1471.7445695400238,2.639331475591465,1,5.779547461124444
1471.8232028484344,2.6622566569986112,1,5.766610681699029
1471.8996000289917,2.6469732027271853,1,5.7752352013159705
1471.9774098396301,2.6469732027271853,1,5.7752352013159705
1472.05531001091,2.6520676874843225,1,5.772360361443659
1472.1316695213318,2.649520445105754,1,5.773797781379814
1472.2095077037811,2.6622566569986112,1,5.766610681699029
1472.304253578186,2.6622566569986112,1,5.766610681699029
1472.3818163871765,2.649520445105754,1,5.773797781379814
1472.4605174064636,2.639331475591465,1,5.779547461124444
1472.539516210556,2.6469732027271853,1,5.7752352013159705
1472.6165080070496,2.6520676874843225,1,5.772360361443659
1472.6957726478577,2.6469732027271853,1,5.7752352013159705
1472.7756836414337,2.6520676874843225,1,5.772360361443659
1472.8515892028809,2.664803899377187,1,5.765173261762869
1472.9295608997345,2.6444259603486096,1,5.776672621252129
1473.0065879821777,2.6546149298628983,1,5.770922941507499
1473.1150057315826,2.657162172241467,1,5.769485521571344
1473.191862821579,2.6520676874843225,1,5.772360361443659
1473.2695190906525,2.6597094146200426,1,5.768048101635184
1473.3468282222748,2.6546149298628983,1,5.770922941507499
1473.4246156215668,2.657162172241467,1,5.769485521571344
1473.5164542198181,2.6520676874843225,1,5.772360361443659
1473.5950663089752,2.6444259603486096,1,5.776672621252129
1473.673124551773,2.657162172241467,1,5.769485521571344
1473.75026845932,2.6444259603486096,1,5.776672621252129
1473.828177690506,2.639331475591465,1,5.779547461124444
1473.9053115844727,2.6520676874843225,1,5.772360361443659
1473.9820187091827,2.649520445105754,1,5.773797781379814
1474.0610625743866,2.649520445105754,1,5.773797781379814
1474.1409895420074,2.664803899377187,1,5.765173261762869
1474.2180421352386,2.641878717970041,1,5.778110041188285
1474.2979373931885,2.649520445105754,1,5.773797781379814
1474.3759765625,2.641878717970041,1,5.778110041188285
1474.4530234336853,2.649520445105754,1,5.773797781379814
1474.5309126377106,2.6673511417557556,1,5.763735841826714
1474.6397109031677,2.6546149298628983,1,5.770922941507499
1474.7172629833221,2.6597094146200426,1,5.768048101635184
1474.7956907749176,2.641878717970041,1,5.778110041188285
1474.8731274604797,2.649520445105754,1,5.773797781379814
1474.9501423835754,2.6597094146200426,1,5.768048101635184
1475.0301005840302,2.649520445105754,1,5.773797781379814
1475.109130859375,2.6469732027271853,1,5.7752352013159705
1475.1879658699036,2.6520676874843225,1,5.772360361443659
1475.2670266628265,2.6520676874843225,1,5.772360361443659
1475.3450589179993,2.649520445105754,1,5.773797781379814
1475.4232814311981,2.6520676874843225,1,5.772360361443659
1475.50213098526,2.664803899377187,1,5.765173261762869
1475.5796620845795,2.641878717970041,1,5.778110041188285
1475.6609048843384,2.6520676874843225,1,5.772360361443659
1475.7505748271942,2.657162172241467,1,5.769485521571344
1475.8274924755096,2.6291425060771765,1,5.7852971408690745
1475.9054110050201,2.6520676874843225,1,5.772360361443659
1475.9842402935028,2.6597094146200426,1,5.768048101635184
1476.0917105674744,2.649520445105754,1,5.773797781379814
1476.1700601577759,2.6597094146200426,1,5.768048101635184
1476.2480475902557,2.6597094146200426,1,5.768048101635184
1476.3260190486908,2.6597094146200426,1,5.768048101635184
1476.405112504959,2.6546149298628983,1,5.770922941507499
1476.4843075275421,2.6597094146200426,1,5.768048101635184
1476.561424255371,2.649520445105754,1,5.773797781379814
1476.6408603191376,2.6444259603486096,1,5.776672621252129
1476.718058347702,2.664803899377187,1,5.765173261762869
1476.7940847873688,2.6469732027271853,1,5.7752352013159705
1476.8728783130646,2.649520445105754,1,5.773797781379814
1476.9659781455994,2.6469732027271853,1,5.7752352013159705
1477.042762041092,2.641878717970041,1,5.778110041188285
1477.1216490268707,2.6520676874843225,1,5.772360361443659
1477.1985557079315,2.6469732027271853,1,5.7752352013159705
1477.2754938602448,2.657162172241467,1,5.769485521571344
1477.3530323505402,2.6698983841343313,1,5.762298421890554
1477.430995464325,2.664803899377187,1,5.765173261762869
1477.5408811569214,2.6673511417557556,1,5.763735841826714
1477.6206941604614,2.641878717970041,1,5.778110041188285
1477.6975927352905,2.6520676874843225,1,5.772360361443659
1477.7903504371643,2.6546149298628983,1,5.770922941507499
1477.8691341876984,2.6469732027271853,1,5.7752352013159705
1477.9608888626099,2.6546149298628983,1,5.770922941507499
1478.039366722107,2.6520676874843225,1,5.772360361443659
1478.118259191513,2.664803899377187,1,5.765173261762869
1478.1950256824493,2.6444259603486096,1,5.776672621252129
1478.2730159759521,2.6520676874843225,1,5.772360361443659
1478.3507220745087,2.6724456265129,1,5.760861001954399
1478.4285197257996,2.6546149298628983,1,5.770922941507499
1478.5218484401703,2.6622566569986112,1,5.766610681699029
1478.6003413200378,2.664803899377187,1,5.765173261762869
1478.6761190891266,2.6546149298628983,1,5.770922941507499
1478.7552120685577,2.6597094146200426,1,5.768048101635184
1478.8299868106842,2.6622566569986112,1,5.766610681699029
1478.906002998352,2.6444259603486096,1,5.776672621252129
1479.0152218341827,2.6673511417557556,1,5.763735841826714
1479.094168663025,2.641878717970041,1,5.778110041188285
1479.1709401607513,2.657162172241467,1,5.769485521571344
1479.2492065429688,2.6724456265129,1,5.760861001954399
1479.3270099163055,2.6444259603486096,1,5.776672621252129
1479.4041147232056,2.6520676874843225,1,5.772360361443659
1479.4820985794067,2.657162172241467,1,5.769485521571344
1479.5598862171173,2.6546149298628983,1,5.770922941507499
1479.6359043121338,2.657162172241467,1,5.769485521571344
1479.7151067256927,2.6622566569986112,1,5.766610681699029
1479.794137954712,2.6469732027271853,1,5.7752352013159705
1479.8706238269806,2.641878717970041,1,5.778110041188285
1479.949009180069,2.6546149298628983,1,5.770922941507499
1480.0289521217346,2.6597094146200426,1,5.768048101635184
1480.1070365905762,2.6546149298628983,1,5.770922941507499
1480.184428691864,2.6546149298628983,1,5.770922941507499
1480.2633244991302,2.6851818384057573,1,5.753673902273613
1480.3571515083313,2.6546149298628983,1,5.770922941507499
1480.4361243247986,2.6546149298628983,1,5.770922941507499
1480.5440680980682,2.649520445105754,1,5.773797781379814
1480.6209111213684,2.6444259603486096,1,5.776672621252129
1480.6978137493134,2.6622566569986112,1,5.766610681699029
1480.7750120162964,2.6622566569986112,1,5.766610681699029
1480.8547265529633,2.649520445105754,1,5.773797781379814
1480.9345309734344,2.657162172241467,1,5.769485521571344
1481.011689901352,2.6597094146200426,1,5.768048101635184
1481.0896534919739,2.6622566569986112,1,5.766610681699029
1481.166541814804,2.6673511417557556,1,5.763735841826714
1481.24391746521,2.6622566569986112,1,5.766610681699029
1481.3234946727753,2.6546149298628983,1,5.770922941507499
1481.401153087616,2.6698983841343313,1,5.762298421890554
1481.4790449142456,2.649520445105754,1,5.773797781379814
1481.5580339431763,2.6597094146200426,1,5.768048101635184
1481.6368021965027,2.6622566569986112,1,5.766610681699029
1481.7135422229767,2.6673511417557556,1,5.763735841826714
1481.793437242508,2.649520445105754,1,5.773797781379814
1481.873411655426,2.6546149298628983,1,5.770922941507499
1481.980723619461,2.6622566569986112,1,5.766610681699029
1482.058594942093,2.664803899377187,1,5.765173261762869
1482.1364862918854,2.657162172241467,1,5.769485521571344
1482.2123675346375,2.6724456265129,1,5.760861001954399
1482.2901849746704,2.6546149298628983,1,5.770922941507499
1482.3680520057678,2.664803899377187,1,5.765173261762869
1482.4447932243347,2.657162172241467,1,5.769485521571344
1482.5240640640259,2.657162172241467,1,5.769485521571344
1482.6168806552887,2.6698983841343313,1,5.762298421890554
1482.694312095642,2.6597094146200426,1,5.768048101635184
1482.7718567848206,2.657162172241467,1,5.769485521571344
1482.8494021892548,2.6622566569986112,1,5.766610681699029
1482.9284117221832,2.6622566569986112,1,5.766610681699029
1483.0067830085754,2.657162172241467,1,5.769485521571344
1483.084443807602,2.6622566569986112,1,5.766610681699029
1483.1632897853851,2.664803899377187,1,5.765173261762869
1483.2405276298523,2.6622566569986112,1,5.766610681699029
1483.319337129593,2.6724456265129,1,5.760861001954399
1483.4266905784607,2.6775401112700443,1,5.757986162082084
1483.5039656162262,2.6520676874843225,1,5.772360361443659
1483.580854177475,2.6622566569986112,1,5.766610681699029
1483.6587216854095,2.6673511417557556,1,5.763735841826714
1483.751217842102,2.6597094146200426,1,5.768048101635184
1483.8451006412506,2.664803899377187,1,5.765173261762869
1483.9248876571655,2.6546149298628983,1,5.770922941507499
1484.0029661655426,2.6673511417557556,1,5.763735841826714
1484.0808517932892,2.6622566569986112,1,5.766610681699029
1484.1598808765411,2.664803899377187,1,5.765173261762869
1484.2371871471405,2.657162172241467,1,5.769485521571344
1484.3157563209534,2.664803899377187,1,5.765173261762869
1484.392978668213,2.6546149298628983,1,5.770922941507499
1484.471261024475,2.6597094146200426,1,5.768048101635184
1484.5479605197906,2.6775401112700443,1,5.757986162082084
1484.6243262290955,2.6520676874843225,1,5.772360361443659
1484.7029337882996,2.657162172241467,1,5.769485521571344
1484.7809464931488,2.664803899377187,1,5.765173261762869
1484.8901958465576,2.6520676874843225,1,5.772360361443659
1484.968065738678,2.6546149298628983,1,5.770922941507499
1485.0480663776398,2.6597094146200426,1,5.768048101635184
1485.1256411075592,2.6597094146200426,1,5.768048101635184
1485.2014849185944,2.664803899377187,1,5.765173261762869
1485.2815737724304,2.657162172241467,1,5.769485521571344
1485.3599984645844,2.6673511417557556,1,5.763735841826714
1485.451915025711,2.6673511417557556,1,5.763735841826714
1485.530605316162,2.6597094146200426,1,5.768048101635184
1485.608289718628,2.6698983841343313,1,5.762298421890554
1485.6859521865845,2.6622566569986112,1,5.766610681699029
1485.7653398513794,2.6775401112700443,1,5.757986162082084
1485.8441088199615,2.6698983841343313,1,5.762298421890554
1485.9210331439972,2.664803899377187,1,5.765173261762869
1486.0138018131256,2.6698983841343313,1,5.762298421890554
1486.092710018158,2.6597094146200426,1,5.768048101635184
1486.1705691814423,2.6597094146200426,1,5.768048101635184
1486.2469718456268,2.6622566569986112,1,5.766610681699029
1486.3240878582,2.6698983841343313,1,5.762298421890554
1486.4339156150818,2.6597094146200426,1,5.768048101635184
1486.5127139091492,2.6622566569986112,1,5.766610681699029
1486.5901584625244,2.664803899377187,1,5.765173261762869
1486.6669881343842,2.6673511417557556,1,5.763735841826714
1486.7470266819,2.6673511417557556,1,5.763735841826714
1486.8253409862518,2.664803899377187,1,5.765173261762869
1486.9023773670197,2.6546149298628983,1,5.770922941507499
1486.9813668727875,2.6673511417557556,1,5.763735841826714
1487.061416387558,2.6724456265129,1,5.760861001954399
1487.1381967067719,2.6724456265129,1,5.760861001954399
1487.229898929596,2.6749928688914757,1,5.759423582018239
1487.307017326355,2.6622566569986112,1,5.766610681699029
1487.383902311325,2.6749928688914757,1,5.759423582018239
1487.4624886512756,2.6826345960271887,1,5.7551113222097685
1487.5421478748322,2.6673511417557556,1,5.763735841826714
1487.6195702552795,2.657162172241467,1,5.769485521571344
1487.699470758438,2.6698983841343313,1,5.762298421890554
1487.7792065143585,2.657162172241467,1,5.769485521571344
1487.8883926868439,2.664803899377187,1,5.765173261762869
1487.9654126167297,2.664803899377187,1,5.765173261762869
1488.0437679290771,2.6775401112700443,1,5.757986162082084
1488.1224167346954,2.6546149298628983,1,5.770922941507499
1488.2006077766418,2.6698983841343313,1,5.762298421890554
1488.2787652015686,2.6698983841343313,1,5.762298421890554
1488.3547594547272,2.657162172241467,1,5.769485521571344
1488.4343526363373,2.6622566569986112,1,5.766610681699029
1488.5124998092651,2.6724456265129,1,5.760861001954399
1488.5905487537384,2.6622566569986112,1,5.766610681699029
1488.6685771942139,2.6546149298628983,1,5.770922941507499
1488.7454509735107,2.6673511417557556,1,5.763735841826714
1488.8246042728424,2.6546149298628983,1,5.770922941507499
1488.904635667801,2.6546149298628983,1,5.770922941507499
1488.9829936027527,2.649520445105754,1,5.773797781379814
1489.0590443611145,2.6673511417557556,1,5.763735841826714
1489.1387794017792,2.6622566569986112,1,5.766610681699029
1489.216609954834,2.649520445105754,1,5.773797781379814
1489.324406862259,2.6724456265129,1,5.760861001954399
1489.40256524086,2.657162172241467,1,5.769485521571344
1489.494845867157,2.6749928688914757,1,5.759423582018239
1489.57462143898,2.6622566569986112,1,5.766610681699029
1489.6506478786469,2.680087353648613,1,5.756548742145928
1489.7284526824951,2.6826345960271887,1,5.7551113222097685
1489.8076689243317,2.6673511417557556,1,5.763735841826714
1489.8856749534607,2.657162172241467,1,5.769485521571344
1489.963122367859,2.664803899377187,1,5.765173261762869
1490.0426387786865,2.680087353648613,1,5.756548742145928
1490.1209726333618,2.6622566569986112,1,5.766610681699029
1490.1983897686005,2.6724456265129,1,5.760861001954399
1490.2781534194946,2.6775401112700443,1,5.757986162082084
1490.3581836223602,2.6775401112700443,1,5.757986162082084
1490.4350860118866,2.6546149298628983,1,5.770922941507499
1490.5147366523743,2.6724456265129,1,5.760861001954399
1490.609323978424,2.6749928688914757,1,5.759423582018239
1490.686116218567,2.6622566569986112,1,5.766610681699029
1490.7810378074646,2.6698983841343313,1,5.762298421890554
1490.8600635528564,2.6698983841343313,1,5.762298421890554
1490.937394618988,2.6673511417557556,1,5.763735841826714
1491.0155551433563,2.6673511417557556,1,5.763735841826714
1491.0930244922638,2.6724456265129,1,5.760861001954399
1491.1689398288727,2.6546149298628983,1,5.770922941507499
1491.247014284134,2.6775401112700443,1,5.757986162082084
1491.3230850696564,2.664803899377187,1,5.765173261762869
1491.4009387493134,2.6622566569986112,1,5.766610681699029
1491.4809830188751,2.6698983841343313,1,5.762298421890554
1491.559494972229,2.6724456265129,1,5.760861001954399
1491.6511015892029,2.6698983841343313,1,5.762298421890554
1491.7298910617828,2.664803899377187,1,5.765173261762869
1491.8069386482239,2.6673511417557556,1,5.763735841826714
1491.885805606842,2.6622566569986112,1,5.766610681699029
1491.9649786949158,2.664803899377187,1,5.765173261762869
1492.0429909229279,2.6749928688914757,1,5.759423582018239
1492.1222438812256,2.6698983841343313,1,5.762298421890554
1492.2014653682709,2.6698983841343313,1,5.762298421890554
1492.3111865520477,2.6698983841343313,1,5.762298421890554
1492.3910710811615,2.6724456265129,1,5.760861001954399
1492.4701855182648,2.6673511417557556,1,5.763735841826714
1492.5461242198944,2.6775401112700443,1,5.757986162082084
1492.6259851455688,2.6724456265129,1,5.760861001954399
1492.7037737369537,2.6724456265129,1,5.760861001954399
1492.7915668487549,2.6673511417557556,1,5.763735841826714
1492.8749916553497,2.6749928688914757,1,5.759423582018239
1492.9533035755157,2.6673511417557556,1,5.763735841826714
1493.0309858322144,2.6749928688914757,1,5.759423582018239
1493.1089897155762,2.664803899377187,1,5.765173261762869
1493.1878123283386,2.6749928688914757,1,5.759423582018239
1493.2636671066284,2.6698983841343313,1,5.762298421890554
1493.34099817276,2.6724456265129,1,5.760861001954399
1493.417823791504,2.6749928688914757,1,5.759423582018239
1493.4937098026276,2.6902763231629017,1,5.750799062401298
1493.5708255767822,2.6622566569986112,1,5.766610681699029
1493.6478099822998,2.6673511417557556,1,5.763735841826714
1493.7546741962433,2.6724456265129,1,5.760861001954399
1493.8335974216461,2.6597094146200426,1,5.768048101635184
1493.9116342067719,2.6826345960271887,1,5.7551113222097685
1493.9904248714447,2.6749928688914757,1,5.759423582018239
1494.0683498382568,2.6698983841343313,1,5.762298421890554
1494.144228219986,2.680087353648613,1,5.756548742145928
1494.2189824581146,2.6622566569986112,1,5.766610681699029
1494.2968752384186,2.6851818384057573,1,5.753673902273613
1494.3746600151062,2.6724456265129,1,5.760861001954399
1494.4528799057007,2.6673511417557556,1,5.763735841826714
1494.53164601326,2.680087353648613,1,5.756548742145928
1494.610097169876,2.6749928688914757,1,5.759423582018239
1494.6878914833069,2.6673511417557556,1,5.763735841826714
1494.766057729721,2.664803899377187,1,5.765173261762869
1494.8447377681732,2.6597094146200426,1,5.768048101635184
1494.9216086864471,2.6749928688914757,1,5.759423582018239
1494.9986600875854,2.657162172241467,1,5.769485521571344
1495.0770037174225,2.6749928688914757,1,5.759423582018239
1495.1842303276062,2.664803899377187,1,5.765173261762869
1495.2622351646423,2.6698983841343313,1,5.762298421890554
1495.339275598526,2.6724456265129,1,5.760861001954399
1495.41827750206,2.664803899377187,1,5.765173261762869
1495.4964439868927,2.6622566569986112,1,5.766610681699029
1495.5732283592224,2.6851818384057573,1,5.753673902273613
1495.6529309749603,2.6775401112700443,1,5.757986162082084
1495.732277393341,2.6775401112700443,1,5.757986162082084
1495.8092596530914,2.6851818384057573,1,5.753673902273613
1495.8871970176697,2.657162172241467,1,5.769485521571344
1495.9659254550934,2.6673511417557556,1,5.763735841826714
1496.0427265167236,2.6851818384057573,1,5.753673902273613
1496.1216282844543,2.6749928688914757,1,5.759423582018239
1496.2014608383179,2.6775401112700443,1,5.757986162082084
1496.2792646884918,2.6826345960271887,1,5.7551113222097685
1496.3550941944122,2.6724456265129,1,5.760861001954399
1496.4320795536041,2.6775401112700443,1,5.757986162082084
1496.5238599777222,2.6698983841343313,1,5.762298421890554
1496.6337287425995,2.6673511417557556,1,5.763735841826714
1496.709588766098,2.6749928688914757,1,5.759423582018239
1496.7878420352936,2.6749928688914757,1,5.759423582018239
1496.8660275936127,2.6749928688914757,1,5.759423582018239
1496.945230960846,2.6749928688914757,1,5.759423582018239
1497.0229856967926,2.6749928688914757,1,5.759423582018239
1497.1011018753052,2.664803899377187,1,5.765173261762869
1497.1795635223389,2.6775401112700443,1,5.757986162082084
1497.2583944797516,2.6826345960271887,1,5.7551113222097685
1497.3353714942932,2.6597094146200426,1,5.768048101635184
1497.4292771816254,2.6724456265129,1,5.760861001954399
1497.5082030296326,2.6749928688914757,1,5.759423582018239
1497.584030866623,2.6622566569986112,1,5.766610681699029
1497.6608946323395,2.6775401112700443,1,5.757986162082084
1497.7399506568909,2.6775401112700443,1,5.757986162082084
1497.817370414734,2.664803899377187,1,5.765173261762869
1497.8934235572815,2.6775401112700443,1,5.757986162082084
1497.9714448451996,2.657162172241467,1,5.769485521571344
1498.0502338409424,2.6673511417557556,1,5.763735841826714
1498.1562538146973,2.6622566569986112,1,5.766610681699029
1498.2349636554718,2.664803899377187,1,5.765173261762869
1498.3128139972687,2.664803899377187,1,5.765173261762869
1498.390630722046,2.6749928688914757,1,5.759423582018239
1498.4694168567657,2.6724456265129,1,5.760861001954399
1498.5482060909271,2.6546149298628983,1,5.770922941507499
1498.6249985694885,2.6724456265129,1,5.760861001954399
1498.7028949260712,2.664803899377187,1,5.765173261762869
1498.780779838562,2.6622566569986112,1,5.766610681699029
1498.8576741218567,2.6775401112700443,1,5.757986162082084
1498.9368784427643,2.6775401112700443,1,5.757986162082084
1499.016785144806,2.6597094146200426,1,5.768048101635184
1499.094603061676,2.6597094146200426,1,5.768048101635184
1499.1722841262817,2.6749928688914757,1,5.759423582018239
1499.2501652240753,2.657162172241467,1,5.769485521571344
1499.3278241157532,2.6775401112700443,1,5.757986162082084
1499.4063942432404,2.6749928688914757,1,5.759423582018239
1499.4848473072052,2.6622566569986112,1,5.766610681699029
1499.5937011241913,2.6724456265129,1,5.760861001954399
1499.6715002059937,2.6724456265129,1,5.760861001954399
1499.7503774166107,2.6622566569986112,1,5.766610681699029
1499.8293306827545,2.6597094146200426,1,5.768048101635184
1499.9063785076141,2.6673511417557556,1,5.763735841826714
1499.9846186637878,2.6724456265129,1,5.760861001954399
1500.0608928203583,2.6673511417557556,1,5.763735841826714
1500.1396493911743,2.6724456265129,1,5.760861001954399
1500.2175579071045,2.657162172241467,1,5.769485521571344
1500.2956054210663,2.6622566569986112,1,5.766610681699029
1500.374840259552,2.6724456265129,1,5.760861001954399
1500.4530794620514,2.664803899377187,1,5.765173261762869
1500.532423734665,2.680087353648613,1,5.756548742145928
1500.61061835289,2.664803899377187,1,5.765173261762869
1500.6894886493683,2.6724456265129,1,5.760861001954399
1500.7661607265472,2.6749928688914757,1,5.759423582018239
1500.8600769042969,2.6724456265129,1,5.760861001954399
1500.9362456798553,2.6698983841343313,1,5.762298421890554
1501.0449590682983,2.6622566569986112,1,5.766610681699029
1501.1240167617798,2.6698983841343313,1,5.762298421890554
1501.200023651123,2.6724456265129,1,5.760861001954399
1501.2771077156067,2.664803899377187,1,5.765173261762869
1501.3560907840729,2.6826345960271887,1,5.7551113222097685
1501.4331090450287,2.6622566569986112,1,5.766610681699029
1501.511301279068,2.6698983841343313,1,5.762298421890554
1501.5909340381622,2.687729080784333,1,5.752236482337453
1501.668991804123,2.6673511417557556,1,5.763735841826714
1501.7478864192963,2.6673511417557556,1,5.763735841826714
1501.826577425003,2.6749928688914757,1,5.759423582018239
1501.9039754867554,2.687729080784333,1,5.752236482337453
1501.9821591377258,2.6749928688914757,1,5.759423582018239
1502.0620114803314,2.6698983841343313,1,5.762298421890554
1502.1388692855835,2.687729080784333,1,5.752236482337453
1502.217874288559,2.6826345960271887,1,5.7551113222097685
1502.2967426776886,2.680087353648613,1,5.756548742145928
1502.3736124038696,2.680087353648613,1,5.756548742145928
1502.4839255809784,2.6749928688914757,1,5.759423582018239
1502.562851190567,2.6749928688914757,1,5.759423582018239
1502.640733242035,2.6698983841343313,1,5.762298421890554
1502.7206127643585,2.6851818384057573,1,5.753673902273613
1502.7969677448273,2.680087353648613,1,5.756548742145928
1502.8749690055847,2.6826345960271887,1,5.7551113222097685
1502.9534933567047,2.6775401112700443,1,5.757986162082084
1503.0315437316895,2.6775401112700443,1,5.757986162082084
1503.1093351840973,2.6775401112700443,1,5.757986162082084
1503.188683271408,2.687729080784333,1,5.752236482337453
1503.2665238380432,2.6724456265129,1,5.760861001954399
1503.344439983368,2.6673511417557556,1,5.763735841826714
1503.424265384674,2.664803899377187,1,5.765173261762869
1503.5139763355255,2.6622566569986112,1,5.766610681699029
1503.5921132564545,2.6724456265129,1,5.760861001954399
1503.6699130535126,2.664803899377187,1,5.765173261762869
1503.7477960586548,2.6597094146200426,1,5.768048101635184
1503.8271458148956,2.6520676874843225,1,5.772360361443659
1503.9050369262695,2.6698983841343313,1,5.762298421890554
1504.013965845108,2.6597094146200426,1,5.768048101635184
1504.0908765792847,2.6749928688914757,1,5.759423582018239
1504.1687598228455,2.6724456265129,1,5.760861001954399
1504.2465286254883,2.649520445105754,1,5.773797781379814
1504.3256967067719,2.649520445105754,1,5.773797781379814
1504.404714345932,2.6775401112700443,1,5.757986162082084
1504.4820659160614,2.6673511417557556,1,5.763735841826714
1504.5605607032776,2.657162172241467,1,5.769485521571344
1504.6384980678558,2.6749928688914757,1,5.759423582018239
1504.7152366638184,2.6622566569986112,1,5.766610681699029
1504.7930891513824,2.657162172241467,1,5.769485521571344
1504.8716850280762,2.6622566569986112,1,5.766610681699029
1504.9487767219543,2.6622566569986112,1,5.766610681699029
1505.027625322342,2.6698983841343313,1,5.762298421890554
1505.1054615974426,2.6775401112700443,1,5.757986162082084
1505.1829285621643,2.6673511417557556,1,5.763735841826714
1505.261957168579,2.6673511417557556,1,5.763735841826714
1505.3416121006012,2.6673511417557556,1,5.763735841826714
1505.4491572380066,2.6724456265129,1,5.760861001954399
1505.5286502838135,2.6673511417557556,1,5.763735841826714
1505.6056175231934,2.6749928688914757,1,5.759423582018239
1505.6847066879272,2.6775401112700443,1,5.757986162082084
1505.764708995819,2.657162172241467,1,5.769485521571344
1505.8416390419006,2.6749928688914757,1,5.759423582018239
1505.920513868332,2.6749928688914757,1,5.759423582018239
1506.0003914833069,2.6749928688914757,1,5.759423582018239
1506.079610824585,2.6673511417557556,1,5.763735841826714
1506.1559255123138,2.680087353648613,1,5.756548742145928
1506.2350013256073,2.6826345960271887,1,5.7551113222097685
1506.3132374286652,2.6622566569986112,1,5.766610681699029
1506.3913221359253,2.664803899377187,1,5.765173261762869
1506.4691908359528,2.6826345960271887,1,5.7551113222097685
1506.5469782352448,2.680087353648613,1,5.756548742145928
1506.6391777992249,2.6749928688914757,1,5.759423582018239
1506.7170670032501,2.680087353648613,1,5.756548742145928
1506.7931425571442,2.6775401112700443,1,5.757986162082084
1506.9019522666931,2.6851818384057573,1,5.753673902273613
1506.9800140857697,2.6724456265129,1,5.760861001954399
1507.0565240383148,2.680087353648613,1,5.756548742145928
1507.1341614723206,2.6724456265129,1,5.760861001954399
1507.2137775421143,2.657162172241467,1,5.769485521571344
1507.2905864715576,2.6724456265129,1,5.760861001954399
1507.3691239356995,2.680087353648613,1,5.756548742145928
1507.4468705654144,2.6673511417557556,1,5.763735841826714
1507.5242230892181,2.687729080784333,1,5.752236482337453
1507.6030707359314,2.6749928688914757,1,5.759423582018239
1507.6813786029816,2.687729080784333,1,5.752236482337453
1507.7589421272278,2.6698983841343313,1,5.762298421890554
1507.8381893634796,2.6724456265129,1,5.760861001954399
1507.9165525436401,2.6749928688914757,1,5.759423582018239
1507.992996454239,2.6673511417557556,1,5.763735841826714
1508.0717279911041,2.6928235655414774,1,5.749361642465138
1508.1495506763458,2.6749928688914757,1,5.759423582018239
1508.2269403934479,2.6622566569986112,1,5.766610681699029
1508.335778951645,2.6902763231629017,1,5.750799062401298
1508.4137816429138,2.6673511417557556,1,5.763735841826714
1508.491970539093,2.6749928688914757,1,5.759423582018239
1508.5690705776215,2.6826345960271887,1,5.7551113222097685
1508.647450208664,2.6673511417557556,1,5.763735841826714
1508.7257237434387,2.687729080784333,1,5.752236482337453
1508.8046715259552,2.6826345960271887,1,5.7551113222097685
1508.8977012634277,2.6724456265129,1,5.760861001954399
1508.9777493476868,2.6749928688914757,1,5.759423582018239
1509.0559453964233,2.6928235655414774,1,5.749361642465138
1509.1336023807526,2.680087353648613,1,5.756548742145928
1509.2125985622406,2.6698983841343313,1,5.762298421890554
1509.2918157577515,2.6749928688914757,1,5.759423582018239
1509.3688027858734,2.6826345960271887,1,5.7551113222097685
1509.4475717544556,2.664803899377187,1,5.765173261762869
1509.525259256363,2.6775401112700443,1,5.757986162082084
1509.6032469272614,2.6775401112700443,1,5.757986162082084
1509.6811583042145,2.6775401112700443,1,5.757986162082084
1509.7588188648224,2.6775401112700443,1,5.757986162082084
1509.8668406009674,2.6749928688914757,1,5.759423582018239
1509.945779800415,2.6724456265129,1,5.760861001954399
1510.0230333805084,2.687729080784333,1,5.752236482337453
1510.099776506424,2.6851818384057573,1,5.753673902273613
1510.178915977478,2.6724456265129,1,5.760861001954399
1510.258849143982,2.6622566569986112,1,5.766610681699029
1510.3358340263367,2.680087353648613,1,5.756548742145928
1510.4136531352997,2.6724456265129,1,5.760861001954399
1510.4926173686981,2.6622566569986112,1,5.766610681699029
1510.570725440979,2.6851818384057573,1,5.753673902273613
1510.649454832077,2.680087353648613,1,5.756548742145928
1510.7274081707,2.664803899377187,1,5.765173261762869
1510.803709745407,2.6826345960271887,1,5.7551113222097685
1510.8797178268433,2.6724456265129,1,5.760861001954399
1510.9560055732727,2.6749928688914757,1,5.759423582018239
1511.031994819641,2.6902763231629017,1,5.750799062401298
1511.1253254413605,2.6826345960271887,1,5.7551113222097685
1511.2040112018585,2.6775401112700443,1,5.757986162082084
1511.3137290477753,2.664803899377187,1,5.765173261762869
1511.3897259235382,2.6673511417557556,1,5.763735841826714
1511.46750998497,2.6775401112700443,1,5.757986162082084
1511.54652094841,2.6851818384057573,1,5.753673902273613
1511.626395702362,2.6724456265129,1,5.760861001954399
1511.7029387950897,2.6851818384057573,1,5.753673902273613
1511.782469511032,2.6775401112700443,1,5.757986162082084
1511.8614437580109,2.6724456265129,1,5.760861001954399
1511.9371666908264,2.680087353648613,1,5.756548742145928
1512.0148129463196,2.6928235655414774,1,5.749361642465138
1512.0932648181915,2.6673511417557556,1,5.763735841826714
1512.1690919399261,2.687729080784333,1,5.752236482337453
1512.2480628490448,2.6775401112700443,1,5.757986162082084
1512.3240344524384,2.6749928688914757,1,5.759423582018239
1512.4029858112335,2.680087353648613,1,5.756548742145928
1512.4787170886993,2.6673511417557556,1,5.763735841826714
1512.5570006370544,2.680087353648613,1,5.756548742145928
1512.6357674598694,2.687729080784333,1,5.752236482337453
1512.7446885108948,2.6698983841343313,1,5.762298421890554
1512.8244717121124,2.6826345960271887,1,5.7551113222097685
1512.9012606143951,2.6902763231629017,1,5.750799062401298
1512.9796948432922,2.6749928688914757,1,5.759423582018239
1513.059130191803,2.6775401112700443,1,5.757986162082084
1513.1359210014343,2.687729080784333,1,5.752236482337453
1513.2143759727478,2.687729080784333,1,5.752236482337453
1513.2926230430603,2.6749928688914757,1,5.759423582018239
1513.369062423706,2.6749928688914757,1,5.759423582018239
1513.4617037773132,2.6775401112700443,1,5.757986162082084
1513.5406692028046,2.680087353648613,1,5.756548742145928
1513.6157410144806,2.6775401112700443,1,5.757986162082084
1513.694097518921,2.6622566569986112,1,5.766610681699029
1513.77179646492,2.6749928688914757,1,5.759423582018239
1513.847728252411,2.6775401112700443,1,5.757986162082084
1513.9230644702911,2.664803899377187,1,5.765173261762869
1514.0006625652313,2.6724456265129,1,5.760861001954399
1514.0775229930878,2.6724456265129,1,5.760861001954399
1514.1884953975677,2.6724456265129,1,5.760861001954399
1514.265352010727,2.6749928688914757,1,5.759423582018239
1514.3421466350555,2.6851818384057573,1,5.753673902273613
1514.421885251999,2.680087353648613,1,5.756548742145928
1514.5006167888641,2.6979180502986218,1,5.746486802592823
1514.5827252864838,2.6673511417557556,1,5.763735841826714
1514.6606793403625,2.6698983841343313,1,5.762298421890554
1514.7387018203735,2.6826345960271887,1,5.7551113222097685
1514.8154335021973,2.687729080784333,1,5.752236482337453
1514.8934745788574,2.6775401112700443,1,5.757986162082084
1514.9715728759766,2.6775401112700443,1,5.757986162082084
1515.0475282669067,2.6724456265129,1,5.760861001954399
1515.1262395381927,2.6775401112700443,1,5.757986162082084
1515.204080581665,2.687729080784333,1,5.752236482337453
1515.2804050445557,2.6698983841343313,1,5.762298421890554
1515.3598170280457,2.6673511417557556,1,5.763735841826714
1515.4397728443146,2.6698983841343313,1,5.762298421890554
1515.5165510177612,2.6724456265129,1,5.760861001954399
1515.5948839187622,2.6673511417557556,1,5.763735841826714
1515.7039794921875,2.6979180502986218,1,5.746486802592823
1515.7818093299866,2.6749928688914757,1,5.759423582018239
1515.8594930171967,2.6775401112700443,1,5.757986162082084
1515.9356880187988,2.6775401112700443,1,5.757986162082084
1516.0145871639252,2.6851818384057573,1,5.753673902273613
1516.0928211212158,2.680087353648613,1,5.756548742145928
1516.170648097992,2.6928235655414774,1,5.749361642465138
1516.2485649585724,2.6775401112700443,1,5.757986162082084
1516.3426094055176,2.680087353648613,1,5.756548742145928
1516.4191763401031,2.6826345960271887,1,5.7551113222097685
1516.4965424537659,2.6851818384057573,1,5.753673902273613
1516.5750045776367,2.6724456265129,1,5.760861001954399
1516.6518533229828,2.6928235655414774,1,5.749361642465138
1516.730782032013,2.680087353648613,1,5.756548742145928
1516.8228607177734,2.687729080784333,1,5.752236482337453
1516.8996925354004,2.695370807920046,1,5.747924222528983
1516.9795951843262,2.6749928688914757,1,5.759423582018239
1517.0572347640991,2.6724456265129,1,5.760861001954399
1517.1650648117065,2.6775401112700443,1,5.757986162082084
1517.2423868179321,2.6724456265129,1,5.760861001954399
1517.3213262557983,2.680087353648613,1,5.756548742145928
1517.398943901062,2.6928235655414774,1,5.749361642465138
1517.47713804245,2.6673511417557556,1,5.763735841826714
1517.5556526184082,2.687729080784333,1,5.752236482337453
1517.631995677948,2.6902763231629017,1,5.750799062401298
1517.709958076477,2.687729080784333,1,5.752236482337453
1517.7883298397064,2.687729080784333,1,5.752236482337453
1517.8661286830902,2.6902763231629017,1,5.750799062401298
1517.9449145793915,2.6775401112700443,1,5.757986162082084
1518.0367350578308,2.687729080784333,1,5.752236482337453
1518.1142456531525,2.687729080784333,1,5.752236482337453
1518.192984342575,2.6749928688914757,1,5.759423582018239
1518.2711517810822,2.687729080784333,1,5.752236482337453
1518.3482520580292,2.6928235655414774,1,5.749361642465138
1518.4239757061005,2.6749928688914757,1,5.759423582018239
1518.4999704360962,2.6928235655414774,1,5.749361642465138
1518.609251499176,2.6902763231629017,1,5.750799062401298
1518.6884565353394,2.6902763231629017,1,5.750799062401298
1518.765517950058,2.7055597774343347,1,5.742174542784353
1518.8453485965729,2.6902763231629017,1,5.750799062401298
1518.9236161708832,2.6749928688914757,1,5.759423582018239
1519.000480413437,2.695370807920046,1,5.747924222528983
1519.079272031784,2.6724456265129,1,5.760861001954399
1519.157021522522,2.6826345960271887,1,5.7551113222097685
1519.2339353561401,2.6826345960271887,1,5.7551113222097685
1519.3125598430634,2.6826345960271887,1,5.7551113222097685
1519.3899710178375,2.687729080784333,1,5.752236482337453
1519.4662282466888,2.6902763231629017,1,5.750799062401298
1519.5443301200867,2.6902763231629017,1,5.750799062401298
1519.622147321701,2.680087353648613,1,5.756548742145928
1519.698665380478,2.6902763231629017,1,5.750799062401298
1519.7776124477386,2.6775401112700443,1,5.757986162082084
1519.856394290924,2.680087353648613,1,5.756548742145928
1519.9320216178894,2.680087353648613,1,5.756548742145928
1520.0420401096344,2.6673511417557556,1,5.763735841826714
1520.1218557357788,2.6902763231629017,1,5.750799062401298
1520.2005922794342,2.687729080784333,1,5.752236482337453
1520.2794284820557,2.695370807920046,1,5.747924222528983
1520.3592088222504,2.6749928688914757,1,5.759423582018239
1520.4352202415466,2.687729080784333,1,5.752236482337453
1520.5138330459595,2.6979180502986218,1,5.746486802592823
1520.5917296409607,2.6775401112700443,1,5.757986162082084
1520.668642282486,2.687729080784333,1,5.752236482337453
1520.746720790863,2.6928235655414774,1,5.749361642465138
1520.824744462967,2.6928235655414774,1,5.749361642465138
1520.9007260799408,2.6928235655414774,1,5.749361642465138
1520.9775910377502,2.687729080784333,1,5.752236482337453
1521.0565626621246,2.6826345960271887,1,5.7551113222097685
1521.1330571174622,2.687729080784333,1,5.752236482337453
1521.2128138542175,2.6979180502986218,1,5.746486802592823
1521.2919533252716,2.6826345960271887,1,5.7551113222097685
1521.368753194809,2.6928235655414774,1,5.749361642465138
1521.447595834732,2.703012535055766,1,5.743611962720508
1521.5531375408173,2.6851818384057573,1,5.753673902273613
1521.6313216686249,2.6826345960271887,1,5.7551113222097685
1521.7106232643127,2.680087353648613,1,5.756548742145928
1521.7887573242188,2.6749928688914757,1,5.759423582018239
1521.867691040039,2.687729080784333,1,5.752236482337453
1521.9468307495117,2.6902763231629017,1,5.750799062401298
1522.0236947536469,2.6826345960271887,1,5.7551113222097685
1522.1017515659332,2.7132015045700477,1,5.7378622829758825
1522.1805822849274,2.6851818384057573,1,5.753673902273613
1522.2572655677795,2.680087353648613,1,5.756548742145928
1522.3351802825928,2.6979180502986218,1,5.746486802592823
1522.4129242897034,2.7004652926771904,1,5.745049382656668
1522.5033593177795,2.695370807920046,1,5.747924222528983
1522.5819113254547,2.6902763231629017,1,5.750799062401298
1522.6604971885681,2.6851818384057573,1,5.753673902273613
1522.7352068424225,2.6979180502986218,1,5.746486802592823
1522.8120362758636,2.7055597774343347,1,5.742174542784353
1522.890661239624,2.6851818384057573,1,5.753673902273613
1522.99840259552,2.6979180502986218,1,5.746486802592823
1523.0772285461426,2.680087353648613,1,5.756548742145928
1523.1553304195404,2.6851818384057573,1,5.753673902273613
1523.232300043106,2.703012535055766,1,5.743611962720508
1523.3107907772064,2.6775401112700443,1,5.757986162082084
1523.3896560668945,2.695370807920046,1,5.747924222528983
1523.4657077789307,2.6928235655414774,1,5.749361642465138
1523.5447545051575,2.6826345960271887,1,5.7551113222097685
1523.6237089633942,2.6902763231629017,1,5.750799062401298
1523.7151274681091,2.6928235655414774,1,5.749361642465138
1523.7941093444824,2.687729080784333,1,5.752236482337453
1523.8720290660858,2.6851818384057573,1,5.753673902273613
1523.9490492343903,2.6979180502986218,1,5.746486802592823
1524.0280096530914,2.695370807920046,1,5.747924222528983
1524.1060593128204,2.6851818384057573,1,5.753673902273613
1524.1845171451569,2.6979180502986218,1,5.746486802592823
1524.2620124816895,2.695370807920046,1,5.747924222528983
1524.3410923480988,2.6826345960271887,1,5.7551113222097685
1524.449875831604,2.7081070198129034,1,5.740737122848197
1524.5297577381134,2.6902763231629017,1,5.750799062401298
1524.606451511383,2.687729080784333,1,5.752236482337453
1524.6835577487946,2.7004652926771904,1,5.745049382656668
1524.7631990909576,2.6902763231629017,1,5.750799062401298
1524.8539958000183,2.6902763231629017,1,5.750799062401298
1524.9318144321442,2.6979180502986218,1,5.746486802592823
1525.0103554725647,2.6851818384057573,1,5.753673902273613
1525.0865285396576,2.7081070198129034,1,5.740737122848197
1525.1656229496002,2.7055597774343347,1,5.742174542784353
1525.2449548244476,2.6775401112700443,1,5.757986162082084
1525.3209505081177,2.7081070198129034,1,5.740737122848197
1525.3997671604156,2.7004652926771904,1,5.745049382656668
1525.476684331894,2.6902763231629017,1,5.750799062401298
1525.5539872646332,2.6928235655414774,1,5.749361642465138
1525.6324996948242,2.6928235655414774,1,5.749361642465138
1525.7120332717896,2.703012535055766,1,5.743611962720508
1525.8207869529724,2.6979180502986218,1,5.746486802592823
1525.897480249405,2.6979180502986218,1,5.746486802592823
1525.9763543605804,2.7004652926771904,1,5.745049382656668
1526.069881439209,2.6928235655414774,1,5.749361642465138
1526.149778842926,2.7004652926771904,1,5.745049382656668
1526.2277476787567,2.6851818384057573,1,5.753673902273613
1526.3056905269623,2.687729080784333,1,5.752236482337453
1526.383584022522,2.695370807920046,1,5.747924222528983
1526.4593813419342,2.680087353648613,1,5.756548742145928
1526.5376307964325,2.695370807920046,1,5.747924222528983
1526.61758518219,2.7132015045700477,1,5.7378622829758825
1526.6948370933533,2.6979180502986218,1,5.746486802592823
1526.7736399173737,2.6902763231629017,1,5.750799062401298
1526.8515672683716,2.7055597774343347,1,5.742174542784353
1526.9296510219574,2.6902763231629017,1,5.750799062401298
1527.0077335834503,2.695370807920046,1,5.747924222528983
1527.1015086174011,2.703012535055766,1,5.743611962720508
1527.2251636981964,2.695370807920046,1,5.747924222528983
1527.304871082306,2.703012535055766,1,5.743611962720508
1527.381781578064,2.703012535055766,1,5.743611962720508
1527.4586226940155,2.687729080784333,1,5.752236482337453
1527.5377895832062,2.7055597774343347,1,5.742174542784353
1527.6147503852844,2.695370807920046,1,5.747924222528983
1527.6905844211578,2.6928235655414774,1,5.749361642465138
1527.7695941925049,2.6928235655414774,1,5.749361642465138
1527.862399816513,2.7081070198129034,1,5.740737122848197
1527.954951286316,2.6979180502986218,1,5.746486802592823
1528.0319604873657,2.7157487469486234,1,5.736424863039723
1528.1220018863678,2.710654262191479,1,5.739299702912038
1528.2018055915833,2.7132015045700477,1,5.7378622829758825
1528.27978348732,2.7081070198129034,1,5.740737122848197
1528.3707752227783,2.7004652926771904,1,5.745049382656668
1528.450689315796,2.7081070198129034,1,5.740737122848197
1528.5296084880829,2.7081070198129034,1,5.740737122848197
1528.6205518245697,2.6979180502986218,1,5.746486802592823
1528.7297313213348,2.6979180502986218,1,5.746486802592823
1528.8066990375519,2.703012535055766,1,5.743611962720508
1528.8850722312927,2.710654262191479,1,5.739299702912038
1528.9639961719513,2.720843231705768,1,5.733550023167408
1529.0409679412842,2.6902763231629017,1,5.750799062401298
1529.1188061237335,2.7055597774343347,1,5.742174542784353
1529.1981863975525,2.710654262191479,1,5.739299702912038
1529.2750096321106,2.703012535055766,1,5.743611962720508
1529.366682767868,2.7055597774343347,1,5.742174542784353
1529.4452981948853,2.703012535055766,1,5.743611962720508
1529.5219087600708,2.6928235655414774,1,5.749361642465138
1529.5998611450195,2.7081070198129034,1,5.740737122848197
1529.6776776313782,2.7004652926771904,1,5.745049382656668
1529.7537920475006,2.6979180502986218,1,5.746486802592823
1529.8317019939423,2.7004652926771904,1,5.745049382656668
1529.9095261096954,2.695370807920046,1,5.747924222528983
1529.9993968009949,2.7055597774343347,1,5.742174542784353
1530.1102712154388,2.6826345960271887,1,5.7551113222097685
1530.1881322860718,2.7004652926771904,1,5.745049382656668
1530.2641911506653,2.7157487469486234,1,5.736424863039723
1530.3430445194244,2.6902763231629017,1,5.750799062401298
1530.4219846725464,2.695370807920046,1,5.747924222528983
1530.5148327350616,2.7055597774343347,1,5.742174542784353
1530.5939438343048,2.7055597774343347,1,5.742174542784353
1530.6706471443176,2.7004652926771904,1,5.745049382656668
1530.7474446296692,2.7081070198129034,1,5.740737122848197
1530.8242959976196,2.7004652926771904,1,5.745049382656668
1530.9007892608643,2.7081070198129034,1,5.740737122848197
1530.9927878379822,2.703012535055766,1,5.743611962720508
1531.0697629451752,2.7132015045700477,1,5.7378622829758825
1531.146681547165,2.7157487469486234,1,5.736424863039723
1531.2253332138062,2.703012535055766,1,5.743611962720508
1531.3036217689514,2.710654262191479,1,5.739299702912038
1531.379465341568,2.6979180502986218,1,5.746486802592823
1531.4869289398193,2.710654262191479,1,5.739299702912038
1531.5649900436401,2.710654262191479,1,5.739299702912038
1531.6557245254517,2.7004652926771904,1,5.745049382656668
1531.7501616477966,2.710654262191479,1,5.739299702912038
1531.840924501419,2.7081070198129034,1,5.740737122848197
1531.9189519882202,2.7081070198129034,1,5.740737122848197
1531.9976239204407,2.695370807920046,1,5.747924222528983
1532.0738060474396,2.687729080784333,1,5.752236482337453
1532.1518094539642,2.710654262191479,1,5.739299702912038
1532.2298996448517,2.7132015045700477,1,5.7378622829758825
1532.3061530590057,2.710654262191479,1,5.739299702912038
1532.3840069770813,2.710654262191479,1,5.739299702912038
1532.463275194168,2.7132015045700477,1,5.7378622829758825
1532.5390498638153,2.7004652926771904,1,5.745049382656668
1532.618884086609,2.7055597774343347,1,5.742174542784353
1532.6987426280975,2.7055597774343347,1,5.742174542784353
1532.7904889583588,2.7081070198129034,1,5.740737122848197
1532.8858704566956,2.710654262191479,1,5.739299702912038
1532.9936378002167,2.7004652926771904,1,5.745049382656668
1533.071645975113,2.7157487469486234,1,5.736424863039723
1533.150444984436,2.7157487469486234,1,5.736424863039723
1533.229085445404,2.718295989327192,1,5.734987443103567
1533.3078196048737,2.6826345960271887,1,5.7551113222097685
1533.3855397701263,2.6979180502986218,1,5.746486802592823
1533.4633276462555,2.703012535055766,1,5.743611962720508
1533.5414502620697,2.6979180502986218,1,5.746486802592823
1533.617309331894,2.7157487469486234,1,5.736424863039723
1533.6937990188599,2.7081070198129034,1,5.740737122848197
1533.7712333202362,2.710654262191479,1,5.739299702912038
1533.849217414856,2.703012535055766,1,5.743611962720508
1533.941700220108,2.7004652926771904,1,5.745049382656668
1534.0191028118134,2.720843231705768,1,5.733550023167408
1534.0960130691528,2.7081070198129034,1,5.740737122848197
1534.1719563007355,2.695370807920046,1,5.747924222528983
1534.2500205039978,2.718295989327192,1,5.734987443103567
1534.360583782196,2.7132015045700477,1,5.7378622829758825
1534.436633348465,2.6979180502986218,1,5.746486802592823
1534.5150043964386,2.7055597774343347,1,5.742174542784353
1534.5940508842468,2.6979180502986218,1,5.746486802592823
1534.67001414299,2.710654262191479,1,5.739299702912038
1534.7499032020569,2.720843231705768,1,5.733550023167408
1534.8427622318268,2.6851818384057573,1,5.753673902273613
1534.9198563098907,2.7004652926771904,1,5.745049382656668
1534.997219324112,2.7055597774343347,1,5.742174542784353
1535.0761630535126,2.7004652926771904,1,5.745049382656668
1535.1696257591248,2.718295989327192,1,5.734987443103567
1535.2484650611877,2.7081070198129034,1,5.740737122848197
1535.3269522190094,2.6367842332128966,1,5.780984881060601
1535.4039540290833,2.710654262191479,1,5.739299702912038
1535.482908964157,2.7157487469486234,1,5.736424863039723
1535.5599071979523,2.695370807920046,1,5.747924222528983
1535.6386921405792,2.7055597774343347,1,5.742174542784353
1535.7474365234375,2.7132015045700477,1,5.7378622829758825
1535.8234691619873,2.7157487469486234,1,5.736424863039723
1535.900724887848,2.7132015045700477,1,5.7378622829758825
1535.9806687831879,2.7081070198129034,1,5.740737122848197
1536.057608127594,2.7004652926771904,1,5.745049382656668
1536.1358647346497,2.7081070198129034,1,5.740737122848197
1536.2146542072296,2.7157487469486234,1,5.736424863039723
1536.3055851459503,2.7004652926771904,1,5.745049382656668
1536.3842642307281,2.7157487469486234,1,5.736424863039723
1536.4631295204163,2.703012535055766,1,5.743611962720508
1536.5396790504456,2.7081070198129034,1,5.740737122848197
1536.6185626983643,2.7132015045700477,1,5.7378622829758825
1536.6974658966064,2.710654262191479,1,5.739299702912038
1536.7743859291077,2.6979180502986218,1,5.746486802592823
1536.8517136573792,2.7055597774343347,1,5.742174542784353
1536.9306399822235,2.695370807920046,1,5.747924222528983
1537.0075805187225,2.6979180502986218,1,5.746486802592823
1537.0855946540833,2.7081070198129034,1,5.740737122848197
1537.194076538086,2.6979180502986218,1,5.746486802592823
1537.2719566822052,2.7055597774343347,1,5.742174542784353
1537.3507010936737,2.7055597774343347,1,5.742174542784353
1537.443995475769,2.703012535055766,1,5.743611962720508
1537.5229995250702,2.6979180502986218,1,5.746486802592823
1537.602035522461,2.7132015045700477,1,5.7378622829758825
1537.678909778595,2.703012535055766,1,5.743611962720508
1537.7574362754822,2.710654262191479,1,5.739299702912038
1537.835620880127,2.7132015045700477,1,5.7378622829758825
1537.9273030757904,2.695370807920046,1,5.747924222528983
1538.0222473144531,2.703012535055766,1,5.743611962720508
1538.1150314807892,2.7081070198129034,1,5.740737122848197
1538.2067642211914,2.6851818384057573,1,5.753673902273613
1538.285593032837,2.7081070198129034,1,5.740737122848197
1538.3764204978943,2.695370807920046,1,5.747924222528983
1538.45437002182,2.7055597774343347,1,5.742174542784353
1538.532166481018,2.7081070198129034,1,5.740737122848197
1538.6398119926453,2.7004652926771904,1,5.745049382656668
1538.7188079357147,2.710654262191479,1,5.739299702912038
1538.7965683937073,2.7132015045700477,1,5.7378622829758825
1538.8729696273804,2.6928235655414774,1,5.749361642465138
1538.9510045051575,2.7157487469486234,1,5.736424863039723
1539.0290360450745,2.7055597774343347,1,5.742174542784353
1539.105088710785,2.6979180502986218,1,5.746486802592823
1539.1842095851898,2.710654262191479,1,5.739299702912038
1539.2631056308746,2.7081070198129034,1,5.740737122848197
1539.3550927639008,2.6979180502986218,1,5.746486802592823
1539.4331538677216,2.7004652926771904,1,5.745049382656668
1539.509749174118,2.6979180502986218,1,5.746486802592823
1539.586898803711,2.7081070198129034,1,5.740737122848197
1539.6656999588013,2.710654262191479,1,5.739299702912038
1539.7433261871338,2.7055597774343347,1,5.742174542784353
1539.8212535381317,2.7004652926771904,1,5.745049382656668
1539.8999376296997,2.7233904740843364,1,5.732112603231252
1540.0071368217468,2.7081070198129034,1,5.740737122848197
1540.085911989212,2.718295989327192,1,5.734987443103567
1540.1650445461273,2.7157487469486234,1,5.736424863039723
1540.2411179542542,2.710654262191479,1,5.739299702912038
1540.318080663681,2.7055597774343347,1,5.742174542784353
1540.3980317115784,2.7055597774343347,1,5.742174542784353
1540.4753494262695,2.6979180502986218,1,5.746486802592823
1540.5527560710907,2.6979180502986218,1,5.746486802592823
1540.6286270618439,2.7157487469486234,1,5.736424863039723
1540.7058408260345,2.6979180502986218,1,5.746486802592823
1540.7840843200684,2.728484958841481,1,5.729237763358936
1540.8760228157043,2.7081070198129034,1,5.740737122848197
1540.9511907100677,2.720843231705768,1,5.733550023167408
1541.0287585258484,2.7233904740843364,1,5.732112603231252
1541.108464717865,2.7055597774343347,1,5.742174542784353
1541.1845862865448,2.7233904740843364,1,5.732112603231252
1541.2644193172455,2.718295989327192,1,5.734987443103567
1541.3417658805847,2.703012535055766,1,5.743611962720508
1541.4508965015411,2.7157487469486234,1,5.736424863039723
1541.5309727191925,2.7157487469486234,1,5.736424863039723
1541.6097602844238,2.6979180502986218,1,5.746486802592823
1541.6857995986938,2.7081070198129034,1,5.740737122848197
1541.7634806632996,2.718295989327192,1,5.734987443103567
1541.840756893158,2.7004652926771904,1,5.745049382656668
1541.9182240962982,2.7157487469486234,1,5.736424863039723
1541.9971215724945,2.710654262191479,1,5.739299702912038
1542.0759270191193,2.7004652926771904,1,5.745049382656668
1542.1537811756134,2.718295989327192,1,5.734987443103567
1542.233818769455,2.7055597774343347,1,5.742174542784353
1542.3129410743713,2.710654262191479,1,5.739299702912038
1542.390394449234,2.710654262191479,1,5.739299702912038
1542.4684989452362,2.7157487469486234,1,5.736424863039723
1542.5460278987885,2.7081070198129034,1,5.740737122848197
1542.6230556964874,2.703012535055766,1,5.743611962720508
1542.7009553909302,2.710654262191479,1,5.739299702912038
1542.8080594539642,2.6979180502986218,1,5.746486802592823
1542.888062953949,2.7055597774343347,1,5.742174542784353
1542.9679901599884,2.7132015045700477,1,5.7378622829758825
1543.0607132911682,2.7157487469486234,1,5.736424863039723
1543.1565742492676,2.7081070198129034,1,5.740737122848197
1543.2365074157715,2.710654262191479,1,5.739299702912038
1543.3126668930054,2.7233904740843364,1,5.732112603231252
1543.391855955124,2.695370807920046,1,5.747924222528983
1543.470647096634,2.7081070198129034,1,5.740737122848197
1543.5474894046783,2.718295989327192,1,5.734987443103567
1543.6226406097412,2.7055597774343347,1,5.742174542784353
1543.702122926712,2.7004652926771904,1,5.745049382656668
1543.7780199050903,2.728484958841481,1,5.729237763358936
1543.856849193573,2.7081070198129034,1,5.740737122848197
1543.9363541603088,2.7081070198129034,1,5.740737122848197
1544.013778924942,2.710654262191479,1,5.739299702912038
1544.0919120311737,2.7055597774343347,1,5.742174542784353
1544.1982109546661,2.718295989327192,1,5.734987443103567
1544.2752122879028,2.7157487469486234,1,5.736424863039723
1544.3671972751617,2.718295989327192,1,5.734987443103567
1544.4590435028076,2.725937716462912,1,5.730675183295093
1544.5370876789093,2.7081070198129034,1,5.740737122848197
1544.6150960922241,2.7081070198129034,1,5.740737122848197
1544.6912779808044,2.6979180502986218,1,5.746486802592823
1544.7684926986694,2.7055597774343347,1,5.742174542784353
1544.8470413684845,2.7132015045700477,1,5.7378622829758825
1544.9243602752686,2.7132015045700477,1,5.7378622829758825
1545.0035660266876,2.7157487469486234,1,5.736424863039723
1545.0813381671906,2.7132015045700477,1,5.7378622829758825
1545.158085346222,2.703012535055766,1,5.743611962720508
1545.237871170044,2.7157487469486234,1,5.736424863039723
1545.3286991119385,2.718295989327192,1,5.734987443103567
1545.4130988121033,2.720843231705768,1,5.733550023167408
1545.4905116558075,2.703012535055766,1,5.743611962720508
1545.5687136650085,2.7004652926771904,1,5.745049382656668
1545.6785924434662,2.725937716462912,1,5.730675183295093
1545.757933139801,2.7081070198129034,1,5.740737122848197
1545.836243391037,2.7081070198129034,1,5.740737122848197
1545.9149630069733,2.728484958841481,1,5.729237763358936
1545.994936466217,2.725937716462912,1,5.730675183295093
1546.0741348266602,2.718295989327192,1,5.734987443103567
1546.152949810028,2.7132015045700477,1,5.7378622829758825
1546.2457690238953,2.7132015045700477,1,5.7378622829758825
1546.3223898410797,2.7055597774343347,1,5.742174542784353
1546.3997268676758,2.733579443598625,1,5.726362923486622
1546.4795451164246,2.725937716462912,1,5.730675183295093
1546.5727319717407,2.7004652926771904,1,5.745049382656668
1546.6506383419037,2.720843231705768,1,5.733550023167408
1546.7279410362244,2.718295989327192,1,5.734987443103567
1546.804536819458,2.703012535055766,1,5.743611962720508
1546.8821742534637,2.720843231705768,1,5.733550023167408
1546.9620814323425,2.718295989327192,1,5.734987443103567
1547.0719029903412,2.7055597774343347,1,5.742174542784353
1547.1667833328247,2.7132015045700477,1,5.7378622829758825
1547.2456691265106,2.720843231705768,1,5.733550023167408
1547.324048280716,2.710654262191479,1,5.739299702912038
1547.4018907546997,2.718295989327192,1,5.734987443103567
1547.4806752204895,2.7132015045700477,1,5.7378622829758825
1547.559778213501,2.7081070198129034,1,5.740737122848197
1547.6538355350494,2.703012535055766,1,5.743611962720508
1547.7316834926605,2.725937716462912,1,5.730675183295093
1547.825831413269,2.7081070198129034,1,5.740737122848197
1547.905138015747,2.7081070198129034,1,5.740737122848197
1547.9821763038635,2.7081070198129034,1,5.740737122848197
1548.062005996704,2.718295989327192,1,5.734987443103567
1548.1418256759644,2.6979180502986218,1,5.746486802592823
1548.2186498641968,2.7004652926771904,1,5.745049382656668
1548.2976441383362,2.718295989327192,1,5.734987443103567
1548.3769962787628,2.710654262191479,1,5.739299702912038
1548.4866967201233,2.703012535055766,1,5.743611962720508
1548.5655074119568,2.728484958841481,1,5.729237763358936
1548.6557230949402,2.7157487469486234,1,5.736424863039723
1548.739982366562,2.7055597774343347,1,5.742174542784353
1548.8336770534515,2.7055597774343347,1,5.742174542784353
1548.9266331195831,2.7157487469486234,1,5.736424863039723
1549.001672744751,2.725937716462912,1,5.730675183295093
1549.0816795825958,2.720843231705768,1,5.733550023167408
1549.1585569381714,2.718295989327192,1,5.734987443103567
1549.2365381717682,2.7233904740843364,1,5.732112603231252
1549.3129494190216,2.7361266859771938,1,5.724925503550466
1549.388620853424,2.718295989327192,1,5.734987443103567
1549.466276884079,2.720843231705768,1,5.733550023167408
1549.544094800949,2.7233904740843364,1,5.732112603231252
1549.6214714050293,2.7132015045700477,1,5.7378622829758825
1549.6993246078491,2.7233904740843364,1,5.732112603231252
1549.7791249752045,2.728484958841481,1,5.729237763358936
1549.8568773269653,2.718295989327192,1,5.734987443103567
1549.9673309326172,2.720843231705768,1,5.733550023167408
1550.0469760894775,2.728484958841481,1,5.729237763358936
1550.1248824596405,2.710654262191479,1,5.739299702912038
1550.2023465633392,2.7233904740843364,1,5.732112603231252
1550.278840303421,2.733579443598625,1,5.726362923486622
1550.3568720817566,2.7055597774343347,1,5.742174542784353
1550.4340834617615,2.718295989327192,1,5.734987443103567
1550.5132048130035,2.7233904740843364,1,5.732112603231252
1550.5898249149323,2.703012535055766,1,5.743611962720508
1550.6696991920471,2.710654262191479,1,5.739299702912038
1550.747077703476,2.7157487469486234,1,5.736424863039723
1550.824964761734,2.7233904740843364,1,5.732112603231252
1550.9041066169739,2.710654262191479,1,5.739299702912038
1550.981103181839,2.725937716462912,1,5.730675183295093
1551.0588445663452,2.728484958841481,1,5.729237763358936
1551.151912689209,2.703012535055766,1,5.743611962720508
1551.229098558426,2.720843231705768,1,5.733550023167408
1551.3391406536102,2.7132015045700477,1,5.7378622829758825
1551.417895078659,2.7157487469486234,1,5.736424863039723
1551.494964838028,2.7233904740843364,1,5.732112603231252
1551.5741829872131,2.7081070198129034,1,5.740737122848197
1551.6540286540985,2.7055597774343347,1,5.742174542784353
1551.7315709590912,2.728484958841481,1,5.729237763358936
1551.811019897461,2.728484958841481,1,5.729237763358936
1551.890792608261,2.7233904740843364,1,5.732112603231252
1551.9687857627869,2.718295989327192,1,5.734987443103567
1552.0486578941345,2.725937716462912,1,5.730675183295093
1552.1393811702728,2.6979180502986218,1,5.746486802592823
1552.222219467163,2.7233904740843364,1,5.732112603231252
1552.3132328987122,2.728484958841481,1,5.729237763358936
1552.391845703125,2.7081070198129034,1,5.740737122848197
1552.4694294929504,2.7081070198129034,1,5.740737122848197
1552.546448469162,2.7310322012200565,1,5.7278003434227776
1552.625979423523,2.7233904740843364,1,5.732112603231252
1552.734820842743,2.710654262191479,1,5.739299702912038
1552.8137483596802,2.718295989327192,1,5.734987443103567
1552.8898887634277,2.710654262191479,1,5.739299702912038
1552.9826862812042,2.720843231705768,1,5.733550023167408
1553.0624737739563,2.720843231705768,1,5.733550023167408
1553.1529142856598,2.718295989327192,1,5.734987443103567
1553.2318739891052,2.728484958841481,1,5.729237763358936
1553.3253588676453,2.7233904740843364,1,5.732112603231252
1553.4178733825684,2.7233904740843364,1,5.732112603231252
1553.4951808452606,2.7233904740843364,1,5.732112603231252
1553.5734584331512,2.7157487469486234,1,5.736424863039723
1553.6527576446533,2.7055597774343347,1,5.742174542784353
1553.7321436405182,2.725937716462912,1,5.730675183295093
1553.809041261673,2.720843231705768,1,5.733550023167408
1553.8877568244934,2.7233904740843364,1,5.732112603231252
1553.9654123783112,2.7233904740843364,1,5.732112603231252
1554.0419628620148,2.7233904740843364,1,5.732112603231252
1554.1205880641937,2.7132015045700477,1,5.7378622829758825
1554.2309758663177,2.725937716462912,1,5.730675183295093
1554.323837518692,2.720843231705768,1,5.733550023167408
1554.4029757976532,2.7157487469486234,1,5.736424863039723
1554.481740951538,2.7310322012200565,1,5.7278003434227776
1554.5740020275116,2.725937716462912,1,5.730675183295093
1554.6688239574432,2.718295989327192,1,5.734987443103567
1554.7619216442108,2.733579443598625,1,5.726362923486622
1554.839209318161,2.7081070198129034,1,5.740737122848197
1554.9191188812256,2.728484958841481,1,5.729237763358936
1554.9959795475006,2.7361266859771938,1,5.724925503550466
1555.0740308761597,2.7132015045700477,1,5.7378622829758825
1555.1531567573547,2.718295989327192,1,5.734987443103567
1555.2301223278046,2.733579443598625,1,5.726362923486622
1555.3080024719238,2.718295989327192,1,5.734987443103567
1555.3869044780731,2.7157487469486234,1,5.736424863039723
1555.464287519455,2.7386739283557695,1,5.723488083614306
1555.5429246425629,2.728484958841481,1,5.729237763358936
1555.652626991272,2.720843231705768,1,5.733550023167408
1555.7300004959106,2.718295989327192,1,5.734987443103567
1555.808918952942,2.7361266859771938,1,5.724925503550466
1555.8867285251617,2.7233904740843364,1,5.732112603231252
1555.9786748886108,2.728484958841481,1,5.729237763358936
1556.0581722259521,2.728484958841481,1,5.729237763358936
1556.136137008667,2.725937716462912,1,5.730675183295093
1556.21315908432,2.733579443598625,1,5.726362923486622
1556.2912104129791,2.7361266859771938,1,5.724925503550466
1556.3704240322113,2.720843231705768,1,5.733550023167408
1556.4619805812836,2.733579443598625,1,5.726362923486622
1556.5400414466858,2.725937716462912,1,5.730675183295093
1556.6180529594421,2.725937716462912,1,5.730675183295093
1556.6968755722046,2.720843231705768,1,5.733550023167408
1556.7906575202942,2.7233904740843364,1,5.732112603231252
1556.867555141449,2.733579443598625,1,5.726362923486622
1556.9461681842804,2.741221170734338,1,5.722050663678151
1557.0579254627228,2.7233904740843364,1,5.732112603231252
1557.135722875595,2.733579443598625,1,5.726362923486622
1557.2126414775848,2.718295989327192,1,5.734987443103567
1557.2894961833954,2.725937716462912,1,5.730675183295093
1557.36718583107,2.718295989327192,1,5.734987443103567
1557.4462978839874,2.7361266859771938,1,5.724925503550466
1557.5250263214111,2.7310322012200565,1,5.7278003434227776
1557.6018636226654,2.7157487469486234,1,5.736424863039723
1557.680766582489,2.733579443598625,1,5.726362923486622
1557.7595164775848,2.728484958841481,1,5.729237763358936
1557.8363418579102,2.733579443598625,1,5.726362923486622
1557.9320893287659,2.725937716462912,1,5.730675183295093
1558.011908531189,2.733579443598625,1,5.726362923486622
1558.0896575450897,2.7233904740843364,1,5.732112603231252
1558.1695663928986,2.728484958841481,1,5.729237763358936
1558.2495534420013,2.728484958841481,1,5.729237763358936
1558.3257002830505,2.728484958841481,1,5.729237763358936
1558.4055635929108,2.725937716462912,1,5.730675183295093
1558.5147335529327,2.7233904740843364,1,5.732112603231252
1558.594027042389,2.741221170734338,1,5.722050663678151
1558.671804189682,2.720843231705768,1,5.733550023167408
1558.7487366199493,2.7310322012200565,1,5.7278003434227776
1558.8256335258484,2.7463156554914825,1,5.719175823805836
1558.9016876220703,2.720843231705768,1,5.733550023167408
1558.9934022426605,2.725937716462912,1,5.730675183295093
1559.0876042842865,2.728484958841481,1,5.729237763358936
1559.1655106544495,2.718295989327192,1,5.734987443103567
1559.2418625354767,2.733579443598625,1,5.726362923486622
1559.3206460475922,2.725937716462912,1,5.730675183295093
1559.3975675106049,2.7310322012200565,1,5.7278003434227776
1559.4748528003693,2.733579443598625,1,5.726362923486622
1559.551720380783,2.728484958841481,1,5.729237763358936
1559.6315579414368,2.7233904740843364,1,5.732112603231252
1559.707750082016,2.7361266859771938,1,5.724925503550466
1559.7866632938385,2.718295989327192,1,5.734987443103567
1559.8966710567474,2.728484958841481,1,5.729237763358936
1559.9886043071747,2.720843231705768,1,5.733550023167408
1560.0649564266205,2.725937716462912,1,5.730675183295093
1560.14280295372,2.733579443598625,1,5.726362923486622
1560.2369449138641,2.728484958841481,1,5.729237763358936
1560.3152675628662,2.725937716462912,1,5.730675183295093
1560.392127752304,2.728484958841481,1,5.729237763358936
1560.4704294204712,2.718295989327192,1,5.734987443103567
1560.5485186576843,2.7233904740843364,1,5.732112603231252
1560.6250820159912,2.733579443598625,1,5.726362923486622
1560.7029180526733,2.7132015045700477,1,5.7378622829758825
1560.7820026874542,2.725937716462912,1,5.730675183295093
1560.8577404022217,2.733579443598625,1,5.726362923486622
1560.9370119571686,2.720843231705768,1,5.733550023167408
1561.0151829719543,2.728484958841481,1,5.729237763358936
1561.093162059784,2.7361266859771938,1,5.724925503550466
1561.171966791153,2.718295989327192,1,5.734987443103567
1561.2818212509155,2.7233904740843364,1,5.732112603231252
1561.359079837799,2.733579443598625,1,5.726362923486622
1561.4361455440521,2.718295989327192,1,5.734987443103567
1561.5139918327332,2.728484958841481,1,5.729237763358936
1561.5909552574158,2.7233904740843364,1,5.732112603231252
1561.6679246425629,2.725937716462912,1,5.730675183295093
1561.7478461265564,2.7310322012200565,1,5.7278003434227776
1561.8251032829285,2.728484958841481,1,5.729237763358936
1561.905023574829,2.7310322012200565,1,5.7278003434227776
1561.9842598438263,2.728484958841481,1,5.729237763358936
1562.0612170696259,2.7386739283557695,1,5.723488083614306
1562.139625787735,2.728484958841481,1,5.729237763358936
1562.2175941467285,2.710654262191479,1,5.739299702912038
1562.295071363449,2.725937716462912,1,5.730675183295093
1562.374855518341,2.733579443598625,1,5.726362923486622
1562.454743385315,2.733579443598625,1,5.726362923486622
1562.548327445984,2.7233904740843364,1,5.732112603231252
1562.6398224830627,2.7386739283557695,1,5.723488083614306
1562.7496509552002,2.7157487469486234,1,5.736424863039723
1562.8430914878845,2.7233904740843364,1,5.732112603231252
1562.922999382019,2.7361266859771938,1,5.724925503550466
1563.0141253471375,2.718295989327192,1,5.734987443103567
1563.0939905643463,2.720843231705768,1,5.733550023167408
1563.1729850769043,2.7310322012200565,1,5.7278003434227776
1563.2499041557312,2.7132015045700477,1,5.7378622829758825
1563.3260025978088,2.718295989327192,1,5.734987443103567
1563.4037926197052,2.7081070198129034,1,5.740737122848197
1563.4807324409485,2.7233904740843364,1,5.732112603231252
1563.5606026649475,2.7233904740843364,1,5.732112603231252
1563.6533615589142,2.720843231705768,1,5.733550023167408
1563.7313950061798,2.718295989327192,1,5.734987443103567
1563.8242168426514,2.7310322012200565,1,5.7278003434227776
1563.9011270999908,2.7157487469486234,1,5.736424863039723
1563.9807171821594,2.7233904740843364,1,5.732112603231252
1564.0596060752869,2.725937716462912,1,5.730675183295093
1564.1676623821259,2.720843231705768,1,5.733550023167408
1564.2456908226013,2.718295989327192,1,5.734987443103567
1564.3247544765472,2.728484958841481,1,5.729237763358936
1564.4016618728638,2.7132015045700477,1,5.7378622829758825
1564.4806768894196,2.718295989327192,1,5.734987443103567
1564.558760881424,2.7310322012200565,1,5.7278003434227776
1564.6347341537476,2.718295989327192,1,5.734987443103567
1564.7137796878815,2.7157487469486234,1,5.736424863039723
1564.8080306053162,2.7233904740843364,1,5.732112603231252
1564.8858139514923,2.720843231705768,1,5.733550023167408
1564.9646606445312,2.720843231705768,1,5.733550023167408
1565.0415887832642,2.725937716462912,1,5.730675183295093
1565.1194803714752,2.7233904740843364,1,5.732112603231252
1565.1983823776245,2.7233904740843364,1,5.732112603231252
1565.2764387130737,2.7233904740843364,1,5.732112603231252
1565.3526406288147,2.7132015045700477,1,5.7378622829758825
1565.4284760951996,2.728484958841481,1,5.729237763358936
1565.5361785888672,2.718295989327192,1,5.734987443103567
1565.6152262687683,2.718295989327192,1,5.734987443103567
1565.7074418067932,2.7310322012200565,1,5.7278003434227776
1565.784509897232,2.718295989327192,1,5.734987443103567
1565.864313364029,2.710654262191479,1,5.739299702912038
1565.9581735134125,2.733579443598625,1,5.726362923486622
1566.047996044159,2.718295989327192,1,5.734987443103567
1566.1266865730286,2.7361266859771938,1,5.724925503550466
1566.2053673267365,2.725937716462912,1,5.730675183295093
1566.2823519706726,2.718295989327192,1,5.734987443103567
1566.3601250648499,2.7233904740843364,1,5.732112603231252
1566.4369144439697,2.7233904740843364,1,5.732112603231252
1566.5139994621277,2.718295989327192,1,5.734987443103567
1566.5929551124573,2.7386739283557695,1,5.723488083614306
1566.6709945201874,2.725937716462912,1,5.730675183295093
1566.7478601932526,2.7310322012200565,1,5.7278003434227776
1566.8249871730804,2.733579443598625,1,5.726362923486622
1566.9044182300568,2.7233904740843364,1,5.732112603231252
1567.0134329795837,2.7081070198129034,1,5.740737122848197
1567.091956615448,2.7233904740843364,1,5.732112603231252
1567.1710438728333,2.7386739283557695,1,5.723488083614306
1567.2499251365662,2.718295989327192,1,5.734987443103567
1567.3292560577393,2.718295989327192,1,5.734987443103567
1567.4069924354553,2.728484958841481,1,5.729237763358936
1567.484958410263,2.720843231705768,1,5.733550023167408
1567.56280875206,2.710654262191479,1,5.739299702912038
1567.6399884223938,2.728484958841481,1,5.729237763358936
1567.7183244228363,2.7157487469486234,1,5.736424863039723
1567.7980251312256,2.718295989327192,1,5.734987443103567
1567.8770875930786,2.741221170734338,1,5.722050663678151
1567.9549009799957,2.718295989327192,1,5.734987443103567
1568.0316989421844,2.718295989327192,1,5.734987443103567
1568.1090874671936,2.748862897870058,1,5.717738403869676
1568.2028033733368,2.7386739283557695,1,5.723488083614306
1568.2800192832947,2.728484958841481,1,5.729237763358936
1568.386798620224,2.725937716462912,1,5.730675183295093
1568.465880870819,2.728484958841481,1,5.729237763358936
1568.54465508461,2.7233904740843364,1,5.732112603231252
1568.6215133666992,2.7361266859771938,1,5.724925503550466
1568.699501991272,2.725937716462912,1,5.730675183295093
1568.7923974990845,2.7233904740843364,1,5.732112603231252
1568.8695516586304,2.7386739283557695,1,5.723488083614306
1568.949450492859,2.7157487469486234,1,5.736424863039723
1569.029321193695,2.728484958841481,1,5.729237763358936
1569.1051564216614,2.7361266859771938,1,5.724925503550466
1569.1834247112274,2.728484958841481,1,5.729237763358936
1569.2614715099335,2.728484958841481,1,5.729237763358936
1569.3671562671661,2.7233904740843364,1,5.732112603231252
1569.4456174373627,2.718295989327192,1,5.734987443103567
1569.522635936737,2.7386739283557695,1,5.723488083614306
1569.5985877513885,2.7233904740843364,1,5.732112603231252
1569.674690246582,2.7386739283557695,1,5.723488083614306
1569.780621290207,2.718295989327192,1,5.734987443103567
1569.859625339508,2.76669359452006,1,5.707676464316576
1569.9370546340942,2.728484958841481,1,5.729237763358936
1570.015286207199,2.728484958841481,1,5.729237763358936
1570.0916469097137,2.728484958841481,1,5.729237763358936
1570.1689426898956,2.7361266859771938,1,5.724925503550466
1570.245768547058,2.733579443598625,1,5.726362923486622
1570.3255171775818,2.718295989327192,1,5.734987443103567
1570.4064536094666,2.7310322012200565,1,5.7278003434227776
1570.4862458705902,2.728484958841481,1,5.729237763358936
1570.562094926834,2.7132015045700477,1,5.7378622829758825
1570.6399405002594,2.7386739283557695,1,5.723488083614306
1570.7177364826202,2.7310322012200565,1,5.7278003434227776
1570.79762840271,2.725937716462912,1,5.730675183295093
1570.8755462169647,2.7310322012200565,1,5.7278003434227776
1570.9516355991364,2.733579443598625,1,5.726362923486622
1571.030478477478,2.718295989327192,1,5.734987443103567
1571.1103365421295,2.7310322012200565,1,5.7278003434227776
1571.2170972824097,2.733579443598625,1,5.726362923486622
1571.2934684753418,2.733579443598625,1,5.726362923486622
1571.3731124401093,2.7310322012200565,1,5.7278003434227776
1571.449636220932,2.7361266859771938,1,5.724925503550466
1571.529492855072,2.720843231705768,1,5.733550023167408
1571.6227014064789,2.7361266859771938,1,5.724925503550466
1571.7016179561615,2.728484958841481,1,5.729237763358936
1571.7781386375427,2.7361266859771938,1,5.724925503550466
1571.8559455871582,2.7233904740843364,1,5.732112603231252
1571.9349262714386,2.7310322012200565,1,5.7278003434227776
1572.013962507248,2.7157487469486234,1,5.736424863039723
1572.090737581253,2.743768413112914,1,5.720613243741992
1572.168996334076,2.7386739283557695,1,5.723488083614306
1572.2474477291107,2.718295989327192,1,5.734987443103567
1572.3263080120087,2.728484958841481,1,5.729237763358936
1572.404295682907,2.7386739283557695,1,5.723488083614306
1572.4813966751099,2.728484958841481,1,5.729237763358936
1572.5881822109222,2.733579443598625,1,5.726362923486622
1572.6672377586365,2.7386739283557695,1,5.723488083614306
1572.7454648017883,2.7233904740843364,1,5.732112603231252
1572.8392341136932,2.728484958841481,1,5.729237763358936
1572.9192109107971,2.733579443598625,1,5.726362923486622
1572.9970331192017,2.7157487469486234,1,5.736424863039723
1573.0748419761658,2.741221170734338,1,5.722050663678151
1573.1539046764374,2.733579443598625,1,5.726362923486622
1573.2307550907135,2.720843231705768,1,5.733550023167408
1573.30765914917,2.728484958841481,1,5.729237763358936
1573.3866336345673,2.720843231705768,1,5.733550023167408
1573.4654417037964,2.7310322012200565,1,5.7278003434227776
1573.5422639846802,2.718295989327192,1,5.734987443103567
1573.6210865974426,2.7361266859771938,1,5.724925503550466
1573.6992492675781,2.7361266859771938,1,5.724925503550466
1573.776245355606,2.733579443598625,1,5.726362923486622
1573.8543241024017,2.733579443598625,1,5.726362923486622
1573.9640309810638,2.733579443598625,1,5.726362923486622
1574.0409293174744,2.7361266859771938,1,5.724925503550466
1574.118973016739,2.7310322012200565,1,5.7278003434227776
1574.196851015091,2.728484958841481,1,5.729237763358936
1574.2749416828156,2.7386739283557695,1,5.723488083614306
1574.3517725467682,2.733579443598625,1,5.726362923486622
1574.4288642406464,2.733579443598625,1,5.726362923486622
1574.521716117859,2.7539573826272026,1,5.714863563997362
1574.5977811813354,2.7233904740843364,1,5.732112603231252
1574.675906419754,2.733579443598625,1,5.726362923486622
1574.7553083896637,2.743768413112914,1,5.720613243741992
1574.8328890800476,2.7386739283557695,1,5.723488083614306
1574.9109590053558,2.728484958841481,1,5.729237763358936
1574.9887907505035,2.7361266859771938,1,5.724925503550466
1575.0795018672943,2.728484958841481,1,5.729237763358936
1575.1564145088196,2.7386739283557695,1,5.723488083614306
1575.235482931137,2.733579443598625,1,5.726362923486622
1575.313975095749,2.720843231705768,1,5.733550023167408
1575.4227809906006,2.728484958841481,1,5.729237763358936
1575.5020470619202,2.7386739283557695,1,5.723488083614306
1575.5808458328247,2.725937716462912,1,5.730675183295093
1575.6587121486664,2.720843231705768,1,5.733550023167408
1575.7357442378998,2.733579443598625,1,5.726362923486622
1575.8156154155731,2.7310322012200565,1,5.7278003434227776
1575.8938128948212,2.733579443598625,1,5.726362923486622
1575.9859743118286,2.7310322012200565,1,5.7278003434227776
1576.0629532337189,2.7157487469486234,1,5.736424863039723
1576.1404676437378,2.733579443598625,1,5.726362923486622
1576.2354180812836,2.743768413112914,1,5.720613243741992
1576.3122849464417,2.7233904740843364,1,5.732112603231252
1576.3910942077637,2.741221170734338,1,5.722050663678151
1576.469898223877,2.741221170734338,1,5.722050663678151
1576.5476789474487,2.7310322012200565,1,5.7278003434227776
1576.6257619857788,2.728484958841481,1,5.729237763358936
1576.703092098236,2.7463156554914825,1,5.719175823805836
1576.8107240200043,2.718295989327192,1,5.734987443103567
1576.8878185749054,2.733579443598625,1,5.726362923486622
1576.9651472568512,2.7310322012200565,1,5.7278003434227776
1577.0419809818268,2.7386739283557695,1,5.723488083614306
1577.122005224228,2.7361266859771938,1,5.724925503550466
1577.2009499073029,2.7310322012200565,1,5.7278003434227776
1577.277781009674,2.733579443598625,1,5.726362923486622
1577.3730971813202,2.720843231705768,1,5.733550023167408
1577.4529745578766,2.7386739283557695,1,5.723488083614306
1577.5290462970734,2.725937716462912,1,5.730675183295093
1577.6060090065002,2.7361266859771938,1,5.724925503550466
1577.6849932670593,2.733579443598625,1,5.726362923486622
1577.7612519264221,2.7310322012200565,1,5.7278003434227776
1577.840330839157,2.720843231705768,1,5.733550023167408
1577.9183914661407,2.748862897870058,1,5.717738403869676
1577.995579957962,2.728484958841481,1,5.729237763358936
1578.0731303691864,2.7463156554914825,1,5.719175823805836
1578.1823599338531,2.733579443598625,1,5.726362923486622
1578.2613055706024,2.728484958841481,1,5.729237763358936
1578.3387942314148,2.6928235655414774,1,5.749361642465138
1578.4158816337585,2.7361266859771938,1,5.724925503550466
1578.5090816020966,2.7310322012200565,1,5.7278003434227776
1578.5879049301147,2.733579443598625,1,5.726362923486622
1578.6660578250885,2.7361266859771938,1,5.724925503550466
1578.7450425624847,2.728484958841481,1,5.729237763358936
1578.8229155540466,2.728484958841481,1,5.729237763358936
1578.8987562656403,2.741221170734338,1,5.722050663678151
1578.9780292510986,2.7233904740843364,1,5.732112603231252
1579.0578253269196,2.728484958841481,1,5.729237763358936
1579.1360025405884,2.7463156554914825,1,5.719175823805836
1579.215307712555,2.7386739283557695,1,5.723488083614306
1579.2951006889343,2.7386739283557695,1,5.723488083614306
1579.3736188411713,2.7310322012200565,1,5.7278003434227776
1579.4526100158691,2.7361266859771938,1,5.724925503550466
1579.5324437618256,2.7361266859771938,1,5.724925503550466
1579.6416540145874,2.7361266859771938,1,5.724925503550466
1579.7195091247559,2.743768413112914,1,5.720613243741992
1579.7973320484161,2.7386739283557695,1,5.723488083614306
1579.875319480896,2.7361266859771938,1,5.724925503550466
1579.953126192093,2.741221170734338,1,5.722050663678151
1580.0312452316284,2.741221170734338,1,5.722050663678151
1580.1078090667725,2.743768413112914,1,5.720613243741992
1580.1846730709076,2.743768413112914,1,5.720613243741992
1580.2637894153595,2.748862897870058,1,5.717738403869676
1580.3408358097076,2.728484958841481,1,5.729237763358936
1580.4197869300842,2.741221170734338,1,5.722050663678151
1580.499700307846,2.751410140248627,1,5.716300983933521
1580.5759632587433,2.7463156554914825,1,5.719175823805836
1580.6537849903107,2.733579443598625,1,5.726362923486622
1580.7306349277496,2.7386739283557695,1,5.723488083614306
1580.824599981308,2.728484958841481,1,5.729237763358936
1580.9037747383118,2.751410140248627,1,5.716300983933521
1581.0116093158722,2.7386739283557695,1,5.723488083614306
1581.0908107757568,2.7386739283557695,1,5.723488083614306
1581.167390346527,2.751410140248627,1,5.716300983933521
1581.2440156936646,2.7386739283557695,1,5.723488083614306
1581.3230583667755,2.743768413112914,1,5.720613243741992
1581.4007925987244,2.743768413112914,1,5.720613243741992
1581.479710817337,2.756504625005771,1,5.713426144061206
1581.5595655441284,2.7233904740843364,1,5.732112603231252
1581.6365077495575,2.751410140248627,1,5.716300983933521
1581.7131357192993,2.7463156554914825,1,5.719175823805836
1581.7913610935211,2.748862897870058,1,5.717738403869676
1581.8693406581879,2.7310322012200565,1,5.7278003434227776
1581.9613003730774,2.741221170734338,1,5.722050663678151
1582.039050579071,2.733579443598625,1,5.726362923486622
1582.1150958538055,2.751410140248627,1,5.716300983933521
1582.1931116580963,2.733579443598625,1,5.726362923486622
1582.271921157837,2.728484958841481,1,5.729237763358936
1582.380337715149,2.741221170734338,1,5.722050663678151
1582.4559135437012,2.7386739283557695,1,5.723488083614306
1582.5346794128418,2.7463156554914825,1,5.719175823805836
1582.612963438034,2.756504625005771,1,5.713426144061206
1582.6904542446136,2.7386739283557695,1,5.723488083614306
1582.770306110382,2.733579443598625,1,5.726362923486622
1582.8471157550812,2.7463156554914825,1,5.719175823805836
1582.9221022129059,2.751410140248627,1,5.716300983933521
1583.0009350776672,2.743768413112914,1,5.720613243741992
1583.094559431076,2.748862897870058,1,5.717738403869676
1583.1716058254242,2.741221170734338,1,5.722050663678151
1583.2515842914581,2.748862897870058,1,5.717738403869676
1583.328553199768,2.751410140248627,1,5.716300983933521
1583.4054248332977,2.7386739283557695,1,5.723488083614306
1583.4840924739838,2.743768413112914,1,5.720613243741992
1583.5618026256561,2.743768413112914,1,5.720613243741992
1583.6400616168976,2.741221170734338,1,5.722050663678151
1583.7179951667786,2.741221170734338,1,5.722050663678151
1583.8252444267273,2.7386739283557695,1,5.723488083614306
1583.90429854393,2.7386739283557695,1,5.723488083614306
1583.9811170101166,2.7539573826272026,1,5.714863563997362
1584.057476758957,2.733579443598625,1,5.726362923486622
1584.1492125988007,2.7361266859771938,1,5.724925503550466
1584.2429268360138,2.7233904740843364,1,5.732112603231252
1584.3200507164001,2.7361266859771938,1,5.724925503550466
1584.3962082862854,2.756504625005771,1,5.713426144061206
1584.4752669334412,2.7310322012200565,1,5.7278003434227776
1584.5505719184875,2.7463156554914825,1,5.719175823805836
1584.6277387142181,2.751410140248627,1,5.716300983933521
1584.7067790031433,2.7386739283557695,1,5.723488083614306
1584.7847442626953,2.756504625005771,1,5.713426144061206
1584.863315820694,2.748862897870058,1,5.717738403869676
1584.9421887397766,2.725937716462912,1,5.730675183295093
1585.018039226532,2.751410140248627,1,5.716300983933521
1585.0973494052887,2.756504625005771,1,5.713426144061206
1585.206384897232,2.7463156554914825,1,5.719175823805836
1585.2852067947388,2.7361266859771938,1,5.724925503550466
1585.3779728412628,2.756504625005771,1,5.713426144061206
1585.4558956623077,2.7361266859771938,1,5.724925503550466
1585.5329229831696,2.7539573826272026,1,5.714863563997362
1585.610745191574,2.748862897870058,1,5.717738403869676
1585.6866159439087,2.741221170734338,1,5.722050663678151
1585.7646729946136,2.748862897870058,1,5.717738403869676
1585.8416421413422,2.7361266859771938,1,5.724925503550466
1585.9188587665558,2.7386739283557695,1,5.723488083614306
1585.998691558838,2.7539573826272026,1,5.714863563997362
1586.077714920044,2.733579443598625,1,5.726362923486622
1586.1536378860474,2.7386739283557695,1,5.723488083614306
1586.232108592987,2.7463156554914825,1,5.719175823805836
1586.3099575042725,2.743768413112914,1,5.720613243741992
1586.3861808776855,2.741221170734338,1,5.722050663678151
1586.4654388427734,2.748862897870058,1,5.717738403869676
1586.5730209350586,2.7386739283557695,1,5.723488083614306
1586.6508424282074,2.756504625005771,1,5.713426144061206
1586.728845834732,2.7463156554914825,1,5.719175823805836
1586.8063707351685,2.743768413112914,1,5.720613243741992
1586.8830053806305,2.7386739283557695,1,5.723488083614306
1586.9620449543,2.7386739283557695,1,5.723488083614306
1587.0408420562744,2.7361266859771938,1,5.724925503550466
1587.1186265945435,2.7233904740843364,1,5.732112603231252
1587.1976540088654,2.743768413112914,1,5.720613243741992
1587.291231393814,2.7310322012200565,1,5.7278003434227776
1587.3693487644196,2.7463156554914825,1,5.719175823805836
1587.4487028121948,2.7463156554914825,1,5.719175823805836
1587.5409817695618,2.7386739283557695,1,5.723488083614306
1587.6330254077911,2.7463156554914825,1,5.719175823805836
1587.7121460437775,2.7463156554914825,1,5.719175823805836
1587.7881104946136,2.741221170734338,1,5.722050663678151
1587.882979631424,2.7386739283557695,1,5.723488083614306
1587.9611296653748,2.743768413112914,1,5.720613243741992
1588.0708854198456,2.748862897870058,1,5.717738403869676
1588.1479692459106,2.743768413112914,1,5.720613243741992
1588.2256031036377,2.7539573826272026,1,5.714863563997362
1588.3049218654633,2.7463156554914825,1,5.719175823805836
1588.3819770812988,2.7463156554914825,1,5.719175823805836
1588.4581134319305,2.7386739283557695,1,5.723488083614306
1588.5359508991241,2.7386739283557695,1,5.723488083614306
1588.615603685379,2.7386739283557695,1,5.723488083614306
1588.6933403015137,2.743768413112914,1,5.720613243741992
1588.7721152305603,2.7310322012200565,1,5.7278003434227776
1588.8650832176208,2.7463156554914825,1,5.719175823805836
1588.942519903183,2.743768413112914,1,5.720613243741992
1589.020031929016,2.7361266859771938,1,5.724925503550466
1589.0979936122894,2.7463156554914825,1,5.719175823805836
1589.175371646881,2.733579443598625,1,5.726362923486622
1589.252979516983,2.733579443598625,1,5.726362923486622
1589.3296060562134,2.748862897870058,1,5.717738403869676
1589.4385855197906,2.725937716462912,1,5.730675183295093
1589.516697883606,2.7463156554914825,1,5.719175823805836
1589.5949573516846,2.7463156554914825,1,5.719175823805836
1589.6727485656738,2.7386739283557695,1,5.723488083614306
1589.7518124580383,2.725937716462912,1,5.730675183295093
1589.8272607326508,2.743768413112914,1,5.720613243741992
1589.9050707817078,2.728484958841481,1,5.729237763358936
1589.9843833446503,2.748862897870058,1,5.717738403869676
1590.0634310245514,2.764146352141484,1,5.709113884252735
1590.139454126358,2.7463156554914825,1,5.719175823805836
1590.2174503803253,2.7463156554914825,1,5.719175823805836
1590.295222043991,2.751410140248627,1,5.716300983933521
1590.3873767852783,2.7386739283557695,1,5.723488083614306
1590.4673354625702,2.7386739283557695,1,5.723488083614306
1590.547353029251,2.7615991097629156,1,5.710551304188892
1590.6250114440918,2.764146352141484,1,5.709113884252735
1590.7015116214752,2.743768413112914,1,5.720613243741992
1590.808806180954,2.7615991097629156,1,5.710551304188892
1590.8887257575989,2.7539573826272026,1,5.714863563997362
1590.9677460193634,2.751410140248627,1,5.716300983933521
1591.0445551872253,2.7539573826272026,1,5.714863563997362
1591.1238553524017,2.751410140248627,1,5.716300983933521
1591.2011756896973,2.748862897870058,1,5.717738403869676
1591.277679681778,2.7615991097629156,1,5.710551304188892
1591.3557374477386,2.748862897870058,1,5.717738403869676
1591.4332778453827,2.748862897870058,1,5.717738403869676
1591.5099725723267,2.751410140248627,1,5.716300983933521
1591.589438199997,2.751410140248627,1,5.716300983933521
1591.6680433750153,2.7463156554914825,1,5.719175823805836
1591.7460622787476,2.748862897870058,1,5.717738403869676
1591.824625968933,2.764146352141484,1,5.709113884252735
1591.902123451233,2.7463156554914825,1,5.719175823805836
1591.97975564003,2.7692408368986285,1,5.70623904438042
1592.0592160224915,2.7386739283557695,1,5.723488083614306
1592.137800693512,2.743768413112914,1,5.720613243741992
1592.247062444687,2.7539573826272026,1,5.714863563997362
1592.3254520893097,2.764146352141484,1,5.709113884252735
1592.4046595096588,2.741221170734338,1,5.722050663678151
1592.4975559711456,2.756504625005771,1,5.713426144061206
1592.5775504112244,2.751410140248627,1,5.716300983933521
1592.6571662425995,2.7004652926771904,1,5.745049382656668
1592.7330615520477,2.7386739283557695,1,5.723488083614306
1592.8117973804474,2.743768413112914,1,5.720613243741992
1592.8900995254517,2.759051867384347,1,5.711988724125047
1592.9660294055939,2.7463156554914825,1,5.719175823805836
1593.0432550907135,2.7539573826272026,1,5.714863563997362
1593.1202747821808,2.743768413112914,1,5.720613243741992
1593.1960899829865,2.7615991097629156,1,5.710551304188892
1593.273309469223,2.7615991097629156,1,5.710551304188892
1593.3670632839203,2.743768413112914,1,5.720613243741992
1593.4591670036316,2.7615991097629156,1,5.710551304188892
1593.5375061035156,2.7463156554914825,1,5.719175823805836
1593.645390510559,2.7615991097629156,1,5.710551304188892
1593.7231357097626,2.7692408368986285,1,5.70623904438042
1593.8018226623535,2.7539573826272026,1,5.714863563997362
1593.879322052002,2.7615991097629156,1,5.710551304188892
1593.956785440445,2.7539573826272026,1,5.714863563997362
1594.0353372097015,2.748862897870058,1,5.717738403869676
1594.1100747585297,2.7539573826272026,1,5.714863563997362
1594.1878893375397,2.756504625005771,1,5.713426144061206
1594.2667756080627,2.7615991097629156,1,5.710551304188892
1594.343383550644,2.764146352141484,1,5.709113884252735
1594.4223461151123,2.7615991097629156,1,5.710551304188892
1594.5151002407074,2.7539573826272026,1,5.714863563997362
1594.5915131568909,2.759051867384347,1,5.711988724125047
1594.669002532959,2.7386739283557695,1,5.723488083614306
1594.7478766441345,2.748862897870058,1,5.717738403869676
1594.8261878490448,2.7539573826272026,1,5.714863563997362
1594.9061048030853,2.7539573826272026,1,5.714863563997362
1595.0140459537506,2.759051867384347,1,5.711988724125047
1595.094182729721,2.7615991097629156,1,5.710551304188892
1595.1725671291351,2.756504625005771,1,5.713426144061206
1595.2507302761078,2.751410140248627,1,5.716300983933521
1595.327821969986,2.756504625005771,1,5.713426144061206
1595.4067883491516,2.759051867384347,1,5.711988724125047
1595.4836819171906,2.748862897870058,1,5.717738403869676
1595.5635600090027,2.743768413112914,1,5.720613243741992
1595.6563127040863,2.7539573826272026,1,5.714863563997362
1595.734307050705,2.748862897870058,1,5.717738403869676
1595.8284900188446,2.764146352141484,1,5.709113884252735
1595.90714097023,2.759051867384347,1,5.711988724125047
1595.9822084903717,2.759051867384347,1,5.711988724125047
1596.0607223510742,2.7692408368986285,1,5.70623904438042
1596.139615058899,2.7615991097629156,1,5.710551304188892
1596.2155575752258,2.76669359452006,1,5.707676464316576
1596.2946634292603,2.7615991097629156,1,5.710551304188892
1596.3743348121643,2.774335321655773,1,5.703364204508105
1596.483145236969,2.759051867384347,1,5.711988724125047
1596.5614430904388,2.748862897870058,1,5.717738403869676
1596.638686656952,2.759051867384347,1,5.711988724125047
1596.7168555259705,2.751410140248627,1,5.716300983933521
1596.795652627945,2.759051867384347,1,5.711988724125047
1596.8878870010376,2.764146352141484,1,5.709113884252735
1596.9667615890503,2.748862897870058,1,5.717738403869676
1597.0448079109192,2.76669359452006,1,5.707676464316576
1597.120687007904,2.764146352141484,1,5.709113884252735
1597.1996562480927,2.7463156554914825,1,5.719175823805836
1597.2781805992126,2.759051867384347,1,5.711988724125047
1597.3556787967682,2.7539573826272026,1,5.714863563997362
1597.4349617958069,2.7463156554914825,1,5.719175823805836
1597.5147695541382,2.7463156554914825,1,5.719175823805836
1597.591962814331,2.759051867384347,1,5.711988724125047
1597.6706998348236,2.751410140248627,1,5.716300983933521
1597.7466132640839,2.756504625005771,1,5.713426144061206
1597.855709552765,2.759051867384347,1,5.711988724125047
1597.9504761695862,2.748862897870058,1,5.717738403869676
1598.0275015830994,2.7615991097629156,1,5.710551304188892
1598.1052556037903,2.756504625005771,1,5.713426144061206
1598.1841366291046,2.7539573826272026,1,5.714863563997362
1598.277675628662,2.759051867384347,1,5.711988724125047
1598.3693964481354,2.7615991097629156,1,5.710551304188892
1598.46422290802,2.756504625005771,1,5.713426144061206
1598.540129184723,2.7717880792772043,1,5.704801624444261
1598.6179738044739,2.759051867384347,1,5.711988724125047
1598.6960034370422,2.76669359452006,1,5.707676464316576
1598.7721319198608,2.7692408368986285,1,5.70623904438042
1598.8501336574554,2.759051867384347,1,5.711988724125047
1598.9293563365936,2.759051867384347,1,5.711988724125047
1599.0058393478394,2.76669359452006,1,5.707676464316576
1599.085649728775,2.76669359452006,1,5.707676464316576
1599.1794493198395,2.7539573826272026,1,5.714863563997362
1599.2892451286316,2.7717880792772043,1,5.704801624444261
1599.3682878017426,2.7615991097629156,1,5.710551304188892
1599.4465672969818,2.7615991097629156,1,5.710551304188892
1599.5253612995148,2.7615991097629156,1,5.710551304188892
1599.6038722991943,2.7768825640343486,1,5.7019267845719455
1599.681004524231,2.764146352141484,1,5.709113884252735
1599.756975889206,2.7615991097629156,1,5.710551304188892
1599.8360919952393,2.7539573826272026,1,5.714863563997362
1599.9134995937347,2.7692408368986285,1,5.70623904438042
1599.992175102234,2.7692408368986285,1,5.70623904438042
1600.0716016292572,2.7717880792772043,1,5.704801624444261
1600.1504447460175,2.7539573826272026,1,5.714863563997362
1600.2422041893005,2.774335321655773,1,5.703364204508105
1600.3213565349579,2.774335321655773,1,5.703364204508105
1600.3971512317657,2.764146352141484,1,5.709113884252735
1600.4768483638763,2.7692408368986285,1,5.70623904438042
1600.5540211200714,2.7692408368986285,1,5.70623904438042
1600.6318686008453,2.748862897870058,1,5.717738403869676
1600.7419183254242,2.774335321655773,1,5.703364204508105
1600.821402311325,2.7692408368986285,1,5.70623904438042
1600.8975446224213,2.759051867384347,1,5.711988724125047
1600.9764170646667,2.7615991097629156,1,5.710551304188892
1601.0552289485931,2.764146352141484,1,5.709113884252735
1601.147033214569,2.76669359452006,1,5.707676464316576
1601.2254493236542,2.774335321655773,1,5.703364204508105
1601.304570198059,2.774335321655773,1,5.703364204508105
1601.3964993953705,2.7539573826272026,1,5.714863563997362
1601.474979877472,2.764146352141484,1,5.709113884252735
1601.5507292747498,2.764146352141484,1,5.709113884252735
1601.6280949115753,2.756504625005771,1,5.713426144061206
1601.7043342590332,2.7794298064129173,1,5.70048936463579
1601.781337738037,2.7539573826272026,1,5.714863563997362
1601.858924627304,2.774335321655773,1,5.703364204508105
1601.9377710819244,2.76669359452006,1,5.707676464316576
1602.014634847641,2.7539573826272026,1,5.714863563997362
1602.123426914215,2.7768825640343486,1,5.7019267845719455
1602.2028541564941,2.764146352141484,1,5.709113884252735
1602.2792632579803,2.7615991097629156,1,5.710551304188892
1602.358444929123,2.759051867384347,1,5.711988724125047
1602.4372577667236,2.7692408368986285,1,5.70623904438042
1602.530009508133,2.756504625005771,1,5.713426144061206
1602.6080191135406,2.7615991097629156,1,5.710551304188892
1602.6995718479156,2.748862897870058,1,5.717738403869676
1602.7777528762817,2.759051867384347,1,5.711988724125047
1602.8568851947784,2.759051867384347,1,5.711988724125047
1602.935819864273,2.7692408368986285,1,5.70623904438042
1603.0257482528687,2.7692408368986285,1,5.70623904438042
1603.1040318012238,2.774335321655773,1,5.703364204508105
1603.182100057602,2.759051867384347,1,5.711988724125047
1603.2599747180939,2.764146352141484,1,5.709113884252735
1603.340115070343,2.781977048791493,1,5.699051944699631
1603.4190244674683,2.781977048791493,1,5.699051944699631
1603.5279440879822,2.7615991097629156,1,5.710551304188892
1603.6077389717102,2.7692408368986285,1,5.70623904438042
1603.700523853302,2.756504625005771,1,5.713426144061206
1603.77938246727,2.7539573826272026,1,5.714863563997362
1603.8587896823883,2.76669359452006,1,5.707676464316576
1603.9357063770294,2.7692408368986285,1,5.70623904438042
1604.0282707214355,2.751410140248627,1,5.716300983933521
1604.1081321239471,2.774335321655773,1,5.703364204508105
1604.2018885612488,2.7692408368986285,1,5.70623904438042
1604.2817389965057,2.76669359452006,1,5.707676464316576
1604.358951807022,2.7615991097629156,1,5.710551304188892
1604.43714761734,2.7768825640343486,1,5.7019267845719455
1604.5151615142822,2.764146352141484,1,5.709113884252735
1604.593950510025,2.7692408368986285,1,5.70623904438042
1604.671949148178,2.7717880792772043,1,5.704801624444261
1604.7647840976715,2.7615991097629156,1,5.710551304188892
1604.856704711914,2.7615991097629156,1,5.710551304188892
1604.936128616333,2.7692408368986285,1,5.70623904438042
1605.0440080165863,2.7692408368986285,1,5.70623904438042
1605.1210882663727,2.7615991097629156,1,5.710551304188892
1605.1989624500275,2.751410140248627,1,5.716300983933521
1605.2783660888672,2.764146352141484,1,5.709113884252735
1605.356139421463,2.764146352141484,1,5.709113884252735
1605.4349415302277,2.774335321655773,1,5.703364204508105
1605.5130550861359,2.7692408368986285,1,5.70623904438042
1605.5906307697296,2.764146352141484,1,5.709113884252735
1605.6690435409546,2.76669359452006,1,5.707676464316576
1605.7464482784271,2.756504625005771,1,5.713426144061206
1605.8237030506134,2.7717880792772043,1,5.704801624444261
1605.9028458595276,2.774335321655773,1,5.703364204508105
1605.9964399337769,2.748862897870058,1,5.717738403869676
1606.0744767189026,2.7615991097629156,1,5.710551304188892
1606.15234375,2.76669359452006,1,5.707676464316576
1606.2313935756683,2.759051867384347,1,5.711988724125047
1606.3102946281433,2.759051867384347,1,5.711988724125047
1606.421221256256,2.774335321655773,1,5.703364204508105
1606.514451265335,2.7615991097629156,1,5.710551304188892
1606.5932557582855,2.764146352141484,1,5.709113884252735
1606.6706511974335,2.764146352141484,1,5.709113884252735
1606.7474961280823,2.76669359452006,1,5.707676464316576
1606.8261215686798,2.764146352141484,1,5.709113884252735
1606.9038877487183,2.7768825640343486,1,5.7019267845719455
1606.9799718856812,2.751410140248627,1,5.716300983933521
1607.0578184127808,2.7539573826272026,1,5.714863563997362
1607.1531579494476,2.764146352141484,1,5.709113884252735
1607.2306842803955,2.751410140248627,1,5.716300983933521
1607.3098647594452,2.751410140248627,1,5.716300983933521
1607.3866703510284,2.7615991097629156,1,5.710551304188892
1607.4645590782166,2.759051867384347,1,5.711988724125047
1607.5437443256378,2.759051867384347,1,5.711988724125047
1607.622960805893,2.756504625005771,1,5.713426144061206
1607.7135920524597,2.756504625005771,1,5.713426144061206
1607.822639465332,2.76669359452006,1,5.707676464316576
1607.8987324237823,2.764146352141484,1,5.709113884252735
1607.97660946846,2.764146352141484,1,5.709113884252735
1608.0560185909271,2.764146352141484,1,5.709113884252735
1608.133587360382,2.751410140248627,1,5.716300983933521
1608.2253489494324,2.759051867384347,1,5.711988724125047
1608.3192403316498,2.7692408368986285,1,5.70623904438042
1608.3968348503113,2.764146352141484,1,5.709113884252735
1608.475934267044,2.759051867384347,1,5.711988724125047
1608.5547847747803,2.759051867384347,1,5.711988724125047
1608.6319460868835,2.774335321655773,1,5.703364204508105
1608.7108237743378,2.759051867384347,1,5.711988724125047
1608.7886533737183,2.7615991097629156,1,5.710551304188892
1608.8800559043884,2.759051867384347,1,5.711988724125047
1608.9578108787537,2.7539573826272026,1,5.714863563997362
1609.0363681316376,2.774335321655773,1,5.703364204508105
1609.115525484085,2.7692408368986285,1,5.70623904438042
1609.1939280033112,2.748862897870058,1,5.717738403869676
1609.3029487133026,2.756504625005771,1,5.713426144061206
1609.3807406425476,2.764146352141484,1,5.709113884252735
1609.4587659835815,2.759051867384347,1,5.711988724125047
1609.5340275764465,2.7615991097629156,1,5.710551304188892
1609.611829996109,2.7539573826272026,1,5.714863563997362
1609.687658548355,2.759051867384347,1,5.711988724125047
1609.7809219360352,2.7768825640343486,1,5.7019267845719455
1609.8765609264374,2.748862897870058,1,5.717738403869676
1609.9825191497803,2.764146352141484,1,5.709113884252735
1610.061066865921,2.751410140248627,1,5.716300983933521
1610.1398918628693,2.7615991097629156,1,5.710551304188892
1610.23273229599,2.7768825640343486,1,5.7019267845719455
1610.3434700965881,2.759051867384347,1,5.711988724125047
1610.4531390666962,2.764146352141484,1,5.709113884252735
1610.5638389587402,2.7692408368986285,1,5.70623904438042
1610.6416862010956,2.7717880792772043,1,5.704801624444261
1610.7179865837097,2.7692408368986285,1,5.70623904438042
1610.8259286880493,2.7539573826272026,1,5.714863563997362
1610.9031975269318,2.7615991097629156,1,5.710551304188892
1610.9811563491821,2.7692408368986285,1,5.70623904438042
1611.059071302414,2.7539573826272026,1,5.714863563997362
1611.1374428272247,2.774335321655773,1,5.703364204508105
1611.2142746448517,2.7692408368986285,1,5.70623904438042
1611.291631937027,2.756504625005771,1,5.713426144061206
1611.3848931789398,2.76669359452006,1,5.707676464316576
1611.4782807826996,2.756504625005771,1,5.713426144061206
1611.558138370514,2.751410140248627,1,5.716300983933521
1611.6360003948212,2.764146352141484,1,5.709113884252735
1611.7138142585754,2.764146352141484,1,5.709113884252735
1611.793617963791,2.7463156554914825,1,5.719175823805836
1611.8705086708069,2.7717880792772043,1,5.704801624444261
1611.964201927185,2.76669359452006,1,5.707676464316576
1612.0426042079926,2.7463156554914825,1,5.719175823805836
1612.134923696518,2.7717880792772043,1,5.704801624444261
1612.2448737621307,2.756504625005771,1,5.713426144061206
1612.3357486724854,2.76669359452006,1,5.707676464316576
1612.414850473404,2.76669359452006,1,5.707676464316576
1612.4949638843536,2.7692408368986285,1,5.70623904438042
1612.5722641944885,2.759051867384347,1,5.711988724125047
1612.6521377563477,2.7692408368986285,1,5.70623904438042
1612.728904724121,2.7692408368986285,1,5.70623904438042
1612.8206632137299,2.7463156554914825,1,5.719175823805836
1612.8996951580048,2.759051867384347,1,5.711988724125047
1612.9770324230194,2.756504625005771,1,5.713426144061206
1613.0547187328339,2.7615991097629156,1,5.710551304188892
1613.133120059967,2.7692408368986285,1,5.70623904438042
1613.2107200622559,2.7717880792772043,1,5.704801624444261
1613.287576675415,2.76669359452006,1,5.707676464316576
1613.3668096065521,2.7615991097629156,1,5.710551304188892
1613.4446058273315,2.759051867384347,1,5.711988724125047
1613.5219225883484,2.751410140248627,1,5.716300983933521
1613.5992662906647,2.7768825640343486,1,5.7019267845719455
1613.7076308727264,2.751410140248627,1,5.716300983933521
1613.7859239578247,2.7717880792772043,1,5.704801624444261
1613.8633167743683,2.7692408368986285,1,5.70623904438042
1613.9567685127258,2.7539573826272026,1,5.714863563997362
1614.0516176223755,2.7717880792772043,1,5.704801624444261
1614.1453912258148,2.764146352141484,1,5.709113884252735
1614.2374935150146,2.756504625005771,1,5.713426144061206
1614.3307604789734,2.7615991097629156,1,5.710551304188892
1614.422789812088,2.743768413112914,1,5.720613243741992
1614.5165622234344,2.7615991097629156,1,5.710551304188892
1614.609812259674,2.7692408368986285,1,5.70623904438042
1614.687163591385,2.7692408368986285,1,5.70623904438042
1614.7795646190643,2.76669359452006,1,5.707676464316576
1614.858111858368,2.76669359452006,1,5.707676464316576
1614.9508056640625,2.7615991097629156,1,5.710551304188892
1615.0278115272522,2.7539573826272026,1,5.714863563997362
1615.1060998439789,2.759051867384347,1,5.711988724125047
1615.2315185070038,2.76669359452006,1,5.707676464316576
1615.3253412246704,2.7539573826272026,1,5.714863563997362
1615.4022262096405,2.759051867384347,1,5.711988724125047
1615.4807131290436,2.76669359452006,1,5.707676464316576
1615.5597140789032,2.764146352141484,1,5.709113884252735
1615.6360919475555,2.7717880792772043,1,5.704801624444261
1615.7130327224731,2.7717880792772043,1,5.704801624444261
1615.7925748825073,2.764146352141484,1,5.709113884252735
1615.8694837093353,2.756504625005771,1,5.713426144061206
1615.9468667507172,2.774335321655773,1,5.703364204508105
1616.0264897346497,2.774335321655773,1,5.703364204508105
1616.1042923927307,2.774335321655773,1,5.703364204508105
1616.1839423179626,2.743768413112914,1,5.720613243741992
1616.2767248153687,2.7768825640343486,1,5.7019267845719455
1616.3537249565125,2.76669359452006,1,5.707676464316576
1616.4319443702698,2.76669359452006,1,5.707676464316576
1616.5097539424896,2.7615991097629156,1,5.710551304188892
1616.620590209961,2.748862897870058,1,5.717738403869676
1616.6986920833588,2.7615991097629156,1,5.710551304188892
1616.776507616043,2.751410140248627,1,5.716300983933521
1616.8545889854431,2.759051867384347,1,5.711988724125047
1616.9315938949585,2.764146352141484,1,5.709113884252735
1617.0086903572083,2.7463156554914825,1,5.719175823805836
1617.087530374527,2.741221170734338,1,5.722050663678151
1617.1673376560211,2.76669359452006,1,5.707676464316576
1617.247207403183,2.764146352141484,1,5.709113884252735
1617.3250315189362,2.7615991097629156,1,5.710551304188892
1617.417850971222,2.759051867384347,1,5.711988724125047
1617.497036933899,2.7615991097629156,1,5.710551304188892
1617.5749988555908,2.759051867384347,1,5.711988724125047
1617.6541149616241,2.756504625005771,1,5.713426144061206
1617.7308654785156,2.7615991097629156,1,5.710551304188892
1617.8089458942413,2.759051867384347,1,5.711988724125047
1617.8859770298004,2.76669359452006,1,5.707676464316576
1617.9634804725647,2.7794298064129173,1,5.70048936463579
1618.0721278190613,2.764146352141484,1,5.709113884252735
1618.1498968601227,2.774335321655773,1,5.703364204508105
1618.2268545627594,2.751410140248627,1,5.716300983933521
1618.3058190345764,2.76669359452006,1,5.707676464316576
1618.3840749263763,2.774335321655773,1,5.703364204508105
1618.4620604515076,2.764146352141484,1,5.709113884252735
1618.5558395385742,2.7463156554914825,1,5.719175823805836
1618.6347365379333,2.756504625005771,1,5.713426144061206
1618.711724281311,2.7717880792772043,1,5.704801624444261
1618.7885150909424,2.759051867384347,1,5.711988724125047
1618.865555047989,2.774335321655773,1,5.703364204508105
1618.9426412582397,2.7692408368986285,1,5.70623904438042
1619.0207760334015,2.7615991097629156,1,5.710551304188892
1619.0986425876617,2.7717880792772043,1,5.704801624444261
1619.1759045124054,2.7692408368986285,1,5.70623904438042
1619.2556731700897,2.759051867384347,1,5.711988724125047
1619.3338551521301,2.764146352141484,1,5.709113884252735
1619.443027496338,2.7692408368986285,1,5.70623904438042
1619.522959470749,2.764146352141484,1,5.709113884252735
1619.601744890213,2.7615991097629156,1,5.710551304188892
1619.6971714496613,2.7717880792772043,1,5.704801624444261
1619.7760214805603,2.7692408368986285,1,5.70623904438042
1619.8668465614319,2.76669359452006,1,5.707676464316576
1619.94593667984,2.7692408368986285,1,5.70623904438042
1620.0219225883484,2.7794298064129173,1,5.70048936463579
1620.0980632305145,2.774335321655773,1,5.703364204508105
1620.1769230365753,2.764146352141484,1,5.709113884252735
1620.2552320957184,2.764146352141484,1,5.709113884252735
1620.331576347351,2.774335321655773,1,5.703364204508105
1620.408210515976,2.759051867384347,1,5.711988724125047
1620.4860787391663,2.759051867384347,1,5.711988724125047
1620.5629880428314,2.7692408368986285,1,5.70623904438042
1620.640994310379,2.764146352141484,1,5.709113884252735
1620.7196943759918,2.764146352141484,1,5.709113884252735
1620.8283569812775,2.7615991097629156,1,5.710551304188892
1620.9062566757202,2.7615991097629156,1,5.710551304188892
1620.9841208457947,2.7615991097629156,1,5.710551304188892
1621.0619513988495,2.7768825640343486,1,5.7019267845719455
1621.1407260894775,2.76669359452006,1,5.707676464316576
1621.2329795360565,2.7692408368986285,1,5.70623904438042
1621.310385465622,2.781977048791493,1,5.699051944699631
1621.3901751041412,2.7717880792772043,1,5.704801624444261
1621.4691026210785,2.7615991097629156,1,5.710551304188892
1621.546991109848,2.774335321655773,1,5.703364204508105
1621.625197172165,2.764146352141484,1,5.709113884252735
1621.7019035816193,2.76669359452006,1,5.707676464316576
1621.77920460701,2.7794298064129173,1,5.70048936463579
1621.8570036888123,2.7615991097629156,1,5.710551304188892
1621.9358172416687,2.759051867384347,1,5.711988724125047
1622.0297164916992,2.7692408368986285,1,5.70623904438042
1622.1076593399048,2.76669359452006,1,5.707676464316576
1622.1842324733734,2.7615991097629156,1,5.710551304188892
1622.2948007583618,2.76669359452006,1,5.707676464316576
1622.371434211731,2.7539573826272026,1,5.714863563997362
1622.4492433071136,2.7692408368986285,1,5.70623904438042
1622.5285630226135,2.7692408368986285,1,5.70623904438042
1622.6077201366425,2.7692408368986285,1,5.70623904438042
1622.6854918003082,2.7692408368986285,1,5.70623904438042
1622.764699935913,2.781977048791493,1,5.699051944699631
1622.8416492938995,2.764146352141484,1,5.709113884252735
1622.919129371643,2.76669359452006,1,5.707676464316576
1622.9969861507416,2.781977048791493,1,5.699051944699631
1623.0767560005188,2.774335321655773,1,5.703364204508105
1623.172554731369,2.7768825640343486,1,5.7019267845719455
1623.2496902942657,2.774335321655773,1,5.703364204508105
1623.327142238617,2.774335321655773,1,5.703364204508105
1623.4049632549286,2.76669359452006,1,5.707676464316576
1623.4837629795074,2.789618775927206,1,5.69473968489116
1623.5625412464142,2.789618775927206,1,5.69473968489116
1623.6716339588165,2.7692408368986285,1,5.70623904438042
1623.747391462326,2.781977048791493,1,5.699051944699631
1623.8255188465118,2.7768825640343486,1,5.7019267845719455
1623.901808977127,2.7615991097629156,1,5.710551304188892
1623.9797823429108,2.781977048791493,1,5.699051944699631
1624.058969259262,2.789618775927206,1,5.69473968489116
1624.1368381977081,2.759051867384347,1,5.711988724125047
1624.2166502475739,2.7692408368986285,1,5.70623904438042
1624.3089051246643,2.7870715335486373,1,5.696177104827315
1624.386647939682,2.764146352141484,1,5.709113884252735
1624.4657173156738,2.7615991097629156,1,5.710551304188892
1624.5430278778076,2.774335321655773,1,5.703364204508105
1624.621645450592,2.764146352141484,1,5.709113884252735
1624.7009239196777,2.7794298064129173,1,5.70048936463579
1624.7775571346283,2.7717880792772043,1,5.704801624444261
1624.857516527176,2.764146352141484,1,5.709113884252735
1624.936190366745,2.764146352141484,1,5.709113884252735
1625.0445630550385,2.774335321655773,1,5.703364204508105
1625.1239290237427,2.7717880792772043,1,5.704801624444261
1625.2016806602478,2.76669359452006,1,5.707676464316576
1625.279134273529,2.774335321655773,1,5.703364204508105
1625.3589375019073,2.7768825640343486,1,5.7019267845719455
1625.4382526874542,2.756504625005771,1,5.713426144061206
1625.514148235321,2.76669359452006,1,5.707676464316576
1625.5919678211212,2.774335321655773,1,5.703364204508105
1625.6691720485687,2.7768825640343486,1,5.7019267845719455
1625.7457790374756,2.759051867384347,1,5.711988724125047
1625.8403017520905,2.7692408368986285,1,5.70623904438042
1625.918851852417,2.764146352141484,1,5.709113884252735
1625.9959325790405,2.7870715335486373,1,5.696177104827315
1626.0749146938324,2.7692408368986285,1,5.70623904438042
1626.1518318653107,2.7692408368986285,1,5.70623904438042
1626.229282617569,2.781977048791493,1,5.699051944699631
1626.3072414398193,2.7768825640343486,1,5.7019267845719455
1626.3854854106903,2.7794298064129173,1,5.70048936463579
1626.493634223938,2.7845242911700616,1,5.697614524763475
1626.5868957042694,2.7768825640343486,1,5.7019267845719455
1626.6639957427979,2.774335321655773,1,5.703364204508105
1626.7430012226105,2.7768825640343486,1,5.7019267845719455
1626.8209328651428,2.774335321655773,1,5.703364204508105
1626.897094488144,2.7717880792772043,1,5.704801624444261
1626.9757912158966,2.7794298064129173,1,5.70048936463579
1627.0538656711578,2.7794298064129173,1,5.70048936463579
1627.1309978961945,2.7794298064129173,1,5.70048936463579
1627.2090680599213,2.781977048791493,1,5.699051944699631
1627.2881984710693,2.7794298064129173,1,5.70048936463579
1627.3669199943542,2.774335321655773,1,5.703364204508105
1627.4439244270325,2.7921660183057746,1,5.693302264955005
1627.520429134369,2.76669359452006,1,5.707676464316576
1627.598228931427,2.7870715335486373,1,5.696177104827315
1627.6777193546295,2.789618775927206,1,5.69473968489116
1627.756399154663,2.774335321655773,1,5.703364204508105
1627.8662729263306,2.7768825640343486,1,5.7019267845719455
1627.9455044269562,2.7947132606843503,1,5.691864845018845
1628.0245471000671,2.7870715335486373,1,5.696177104827315
1628.1022188663483,2.781977048791493,1,5.699051944699631
1628.1793401241302,2.781977048791493,1,5.699051944699631
1628.257860660553,2.7870715335486373,1,5.696177104827315
1628.3339924812317,2.7717880792772043,1,5.704801624444261
1628.411892414093,2.789618775927206,1,5.69473968489116
1628.4903452396393,2.7947132606843503,1,5.691864845018845
1628.5811605453491,2.781977048791493,1,5.699051944699631
1628.6585099697113,2.7870715335486373,1,5.696177104827315
1628.7374782562256,2.7692408368986285,1,5.70623904438042
1628.8162627220154,2.76669359452006,1,5.707676464316576
1628.8938558101654,2.781977048791493,1,5.699051944699631
1628.9716460704803,2.7768825640343486,1,5.7019267845719455
1629.0486226081848,2.781977048791493,1,5.699051944699631
1629.1406528949738,2.7768825640343486,1,5.7019267845719455
1629.248773574829,2.781977048791493,1,5.699051944699631
1629.3278539180756,2.7692408368986285,1,5.70623904438042
1629.404649734497,2.751410140248627,1,5.716300983933521
1629.4816420078278,2.781977048791493,1,5.699051944699631
1629.5600080490112,2.7768825640343486,1,5.7019267845719455
1629.6398282051086,2.7768825640343486,1,5.7019267845719455
1629.7168889045715,2.764146352141484,1,5.709113884252735
1629.7957127094269,2.774335321655773,1,5.703364204508105
1629.8755176067352,2.781977048791493,1,5.699051944699631
1629.9627003669739,2.7768825640343486,1,5.7019267845719455
1630.0414218902588,2.781977048791493,1,5.699051944699631
1630.1204302310944,2.764146352141484,1,5.709113884252735
1630.1975276470184,2.774335321655773,1,5.703364204508105
1630.27556681633,2.7717880792772043,1,5.704801624444261
1630.3529896736145,2.759051867384347,1,5.711988724125047
1630.4302673339844,2.7768825640343486,1,5.7019267845719455
1630.5088005065918,2.774335321655773,1,5.703364204508105
1630.587558746338,2.7947132606843503,1,5.691864845018845
1630.6955745220184,2.781977048791493,1,5.699051944699631
1630.7748312950134,2.781977048791493,1,5.699051944699631
1630.8533532619476,2.759051867384347,1,5.711988724125047
1630.9309260845184,2.774335321655773,1,5.703364204508105
1631.0084900856018,2.774335321655773,1,5.703364204508105
1631.0862081050873,2.7692408368986285,1,5.70623904438042
1631.1790437698364,2.7794298064129173,1,5.70048936463579
1631.2590517997742,2.7768825640343486,1,5.7019267845719455
1631.3348972797394,2.7692408368986285,1,5.70623904438042
1631.413869857788,2.7768825640343486,1,5.7019267845719455
1631.4919471740723,2.7845242911700616,1,5.697614524763475
1631.569174528122,2.76669359452006,1,5.707676464316576
1631.6458141803741,2.7845242911700616,1,5.697614524763475
1631.723922252655,2.789618775927206,1,5.69473968489116
1631.801019668579,2.7794298064129173,1,5.70048936463579
1631.8789427280426,2.7947132606843503,1,5.691864845018845
1631.95614695549,2.7717880792772043,1,5.704801624444261
1632.0643410682678,2.781977048791493,1,5.699051944699631
1632.1431806087494,2.789618775927206,1,5.69473968489116
1632.221354484558,2.7717880792772043,1,5.704801624444261
1632.29718375206,2.7768825640343486,1,5.7019267845719455
1632.3749709129333,2.774335321655773,1,5.703364204508105
1632.4540071487427,2.7768825640343486,1,5.7019267845719455
1632.5320103168488,2.7768825640343486,1,5.7019267845719455
1632.6101129055023,2.7768825640343486,1,5.7019267845719455
1632.6891565322876,2.7768825640343486,1,5.7019267845719455
1632.7665283679962,2.7692408368986285,1,5.70623904438042
1632.8454337120056,2.7717880792772043,1,5.704801624444261
1632.9223475456238,2.764146352141484,1,5.709113884252735
1632.9986238479614,2.774335321655773,1,5.703364204508105
1633.077446937561,2.7794298064129173,1,5.70048936463579
1633.1701772212982,2.7768825640343486,1,5.7019267845719455
1633.2478523254395,2.774335321655773,1,5.703364204508105
1633.3252391815186,2.7870715335486373,1,5.696177104827315
1633.432508945465,2.774335321655773,1,5.703364204508105
1633.5116922855377,2.7870715335486373,1,5.696177104827315
1633.5907878875732,2.7845242911700616,1,5.697614524763475
1633.6680617332458,2.764146352141484,1,5.709113884252735
1633.747942686081,2.781977048791493,1,5.699051944699631
1633.8260011672974,2.7921660183057746,1,5.693302264955005
1633.9018895626068,2.774335321655773,1,5.703364204508105
1633.9797310829163,2.7845242911700616,1,5.697614524763475
1634.0568134784698,2.797260503062919,1,5.69042742508269
1634.1335611343384,2.7717880792772043,1,5.704801624444261
1634.212321281433,2.7794298064129173,1,5.70048936463579
1634.2921419143677,2.7947132606843503,1,5.691864845018845
1634.3702766895294,2.7845242911700616,1,5.697614524763475
1634.4497954845428,2.7845242911700616,1,5.697614524763475
1634.5296323299408,2.7794298064129173,1,5.70048936463579
1634.607801437378,2.781977048791493,1,5.699051944699631
1634.6873109340668,2.7794298064129173,1,5.70048936463579
1634.7652220726013,2.7717880792772043,1,5.704801624444261
1634.8735973834991,2.797260503062919,1,5.69042742508269
1634.952758550644,2.76669359452006,1,5.707676464316576
1635.0308508872986,2.781977048791493,1,5.699051944699631
1635.106701850891,2.7870715335486373,1,5.696177104827315
1635.1844925880432,2.7692408368986285,1,5.70623904438042
1635.2625632286072,2.7794298064129173,1,5.70048936463579
1635.3399877548218,2.789618775927206,1,5.69473968489116
1635.4188385009766,2.7692408368986285,1,5.70623904438042
1635.4977850914001,2.7794298064129173,1,5.70048936463579
1635.574803352356,2.797260503062919,1,5.69042742508269
1635.6532137393951,2.7870715335486373,1,5.696177104827315
1635.746779203415,2.781977048791493,1,5.699051944699631
1635.8247725963593,2.7998077454414947,1,5.68899000514653
1635.9017417430878,2.7794298064129173,1,5.70048936463579
1635.9791901111603,2.7845242911700616,1,5.697614524763475
1636.056917667389,2.7921660183057746,1,5.693302264955005
1636.1363594532013,2.7794298064129173,1,5.70048936463579
1636.2445073127747,2.789618775927206,1,5.69473968489116
1636.3226792812347,2.7870715335486373,1,5.696177104827315
1636.400979757309,2.774335321655773,1,5.703364204508105
1636.4778966903687,2.781977048791493,1,5.699051944699631
1636.5561006069183,2.7794298064129173,1,5.70048936463579
1636.6487035751343,2.7794298064129173,1,5.70048936463579
1636.7264637947083,2.7921660183057746,1,5.693302264955005
1636.8096396923065,2.7845242911700616,1,5.697614524763475
1636.8832383155823,2.7794298064129173,1,5.70048936463579
1636.9607784748077,2.7768825640343486,1,5.7019267845719455
1637.04061627388,2.7845242911700616,1,5.697614524763475
1637.1200723648071,2.781977048791493,1,5.699051944699631
1637.1979048252106,2.7768825640343486,1,5.7019267845719455
1637.2778704166412,2.7998077454414947,1,5.68899000514653
1637.35529255867,2.7947132606843503,1,5.691864845018845
1637.4336233139038,2.7768825640343486,1,5.7019267845719455
1637.512885093689,2.7794298064129173,1,5.70048936463579
1637.5926723480225,2.7921660183057746,1,5.693302264955005
1637.6699724197388,2.7717880792772043,1,5.704801624444261
1637.749789237976,2.7768825640343486,1,5.7019267845719455
1637.8591363430023,2.789618775927206,1,5.69473968489116
1637.9369847774506,2.7768825640343486,1,5.7019267845719455
1638.0151813030243,2.774335321655773,1,5.703364204508105
1638.093941450119,2.7845242911700616,1,5.697614524763475
1638.1841773986816,2.7794298064129173,1,5.70048936463579
1638.2629146575928,2.797260503062919,1,5.69042742508269
1638.341679096222,2.789618775927206,1,5.69473968489116
1638.4205436706543,2.7921660183057746,1,5.693302264955005
1638.4984407424927,2.789618775927206,1,5.69473968489116
1638.576999425888,2.781977048791493,1,5.699051944699631
1638.6539289951324,2.804902230198639,1,5.686115165274215
1638.7305331230164,2.781977048791493,1,5.699051944699631
1638.8085556030273,2.789618775927206,1,5.69473968489116
1638.8866288661957,2.7768825640343486,1,5.7019267845719455
1638.9635994434357,2.781977048791493,1,5.699051944699631
1639.0417068004608,2.789618775927206,1,5.69473968489116
1639.1185426712036,2.7768825640343486,1,5.7019267845719455
1639.1984872817993,2.7845242911700616,1,5.697614524763475
1639.2754776477814,2.7768825640343486,1,5.7019267845719455
1639.3545370101929,2.797260503062919,1,5.69042742508269
1639.4633703231812,2.789618775927206,1,5.69473968489116
1639.5398807525635,2.7921660183057746,1,5.693302264955005
1639.6197123527527,2.781977048791493,1,5.699051944699631
1639.698038816452,2.7845242911700616,1,5.697614524763475
1639.7747077941895,2.789618775927206,1,5.69473968489116
1639.8535754680634,2.804902230198639,1,5.686115165274215
1639.9327232837677,2.7845242911700616,1,5.697614524763475
1640.0095422267914,2.7870715335486373,1,5.696177104827315
1640.0864810943604,2.774335321655773,1,5.703364204508105
1640.1650576591492,2.7768825640343486,1,5.7019267845719455
1640.2579255104065,2.7947132606843503,1,5.691864845018845
1640.3359999656677,2.7845242911700616,1,5.697614524763475
1640.4149618148804,2.7845242911700616,1,5.697614524763475
1640.4917097091675,2.797260503062919,1,5.69042742508269
1640.5696592330933,2.7870715335486373,1,5.696177104827315
1640.6475369930267,2.7870715335486373,1,5.696177104827315
1640.7250185012817,2.789618775927206,1,5.69473968489116
1640.8037972450256,2.7998077454414947,1,5.68899000514653
1640.8797039985657,2.7794298064129173,1,5.70048936463579
1640.9563868045807,2.789618775927206,1,5.69473968489116
1641.0815813541412,2.781977048791493,1,5.699051944699631
1641.1566932201385,2.7921660183057746,1,5.693302264955005
1641.23477435112,2.7845242911700616,1,5.697614524763475
1641.3127150535583,2.781977048791493,1,5.699051944699631
1641.390512228012,2.7845242911700616,1,5.697614524763475
1641.470519542694,2.7998077454414947,1,5.68899000514653
1641.5495183467865,2.7768825640343486,1,5.7019267845719455
1641.626391172409,2.797260503062919,1,5.69042742508269
1641.703978061676,2.7998077454414947,1,5.68899000514653
1641.7811324596405,2.7870715335486373,1,5.696177104827315
1641.8580594062805,2.789618775927206,1,5.69473968489116
1641.9360423088074,2.7921660183057746,1,5.693302264955005
1642.013177871704,2.797260503062919,1,5.69042742508269
1642.090538263321,2.7870715335486373,1,5.696177104827315
1642.1696779727936,2.7947132606843503,1,5.691864845018845
1642.2490229606628,2.797260503062919,1,5.69042742508269
1642.3270118236542,2.7870715335486373,1,5.696177104827315
1642.4058463573456,2.7921660183057746,1,5.693302264955005
1642.4857203960419,2.7998077454414947,1,5.68899000514653
1642.5617198944092,2.781977048791493,1,5.699051944699631
1642.671012878418,2.7870715335486373,1,5.696177104827315
1642.7504925727844,2.7870715335486373,1,5.696177104827315
1642.8272652626038,2.7921660183057746,1,5.693302264955005
1642.9049994945526,2.804902230198639,1,5.686115165274215
1642.9837982654572,2.7870715335486373,1,5.696177104827315
1643.0613331794739,2.7947132606843503,1,5.691864845018845
1643.1393110752106,2.797260503062919,1,5.69042742508269
1643.2164266109467,2.7998077454414947,1,5.68899000514653
1643.2919273376465,2.8099967149557834,1,5.6832403254019
1643.3700816631317,2.797260503062919,1,5.69042742508269
1643.4499907493591,2.781977048791493,1,5.699051944699631
1643.526818037033,2.7947132606843503,1,5.691864845018845
1643.6033606529236,2.8099967149557834,1,5.6832403254019
1643.6971311569214,2.7947132606843503,1,5.691864845018845
1643.774977684021,2.7998077454414947,1,5.68899000514653
1643.8539581298828,2.8150911997129278,1,5.680365485529585
1643.9328918457031,2.7947132606843503,1,5.691864845018845
1644.0104217529297,2.804902230198639,1,5.686115165274215
1644.088710784912,2.8023549878200633,1,5.6875525852103745
1644.165668964386,2.797260503062919,1,5.69042742508269
1644.273517370224,2.7947132606843503,1,5.691864845018845
1644.3526418209076,2.7998077454414947,1,5.68899000514653
1644.429714679718,2.7947132606843503,1,5.691864845018845
1644.509087562561,2.7998077454414947,1,5.68899000514653
1644.587858915329,2.7998077454414947,1,5.68899000514653
1644.6639306545258,2.797260503062919,1,5.69042742508269
1644.743447303772,2.789618775927206,1,5.69473968489116
1644.8381650447845,2.797260503062919,1,5.69042742508269
1644.9142923355103,2.789618775927206,1,5.69473968489116
1644.9931404590607,2.8023549878200633,1,5.6875525852103745
1645.0729882717133,2.789618775927206,1,5.69473968489116
1645.1488153934479,2.789618775927206,1,5.69473968489116
1645.2277410030365,2.7947132606843503,1,5.691864845018845
1645.305763721466,2.804902230198639,1,5.686115165274215
1645.3835940361023,2.7921660183057746,1,5.693302264955005
1645.4603385925293,2.7998077454414947,1,5.68899000514653
1645.5372807979584,2.797260503062919,1,5.69042742508269
1645.6140921115875,2.7998077454414947,1,5.68899000514653
1645.691977262497,2.8023549878200633,1,5.6875525852103745
1645.7706439495087,2.804902230198639,1,5.686115165274215
1645.8951108455658,2.8099967149557834,1,5.6832403254019
1645.9718334674835,2.8176384420914964,1,5.678928065593429
1646.0508353710175,2.7998077454414947,1,5.68899000514653
1646.128689289093,2.804902230198639,1,5.686115165274215
1646.2049453258514,2.8023549878200633,1,5.6875525852103745
1646.281802892685,2.789618775927206,1,5.69473968489116
1646.3596332073212,2.8074494725772077,1,5.6846777453380595
1646.439430475235,2.8227329268486407,1,5.676053225721114
1646.5152599811554,2.789618775927206,1,5.69473968489116
1646.593998670578,2.7998077454414947,1,5.68899000514653
1646.6719045639038,2.804902230198639,1,5.686115165274215
1646.7498936653137,2.7947132606843503,1,5.691864845018845
1646.82874417305,2.7947132606843503,1,5.691864845018845
1646.9066092967987,2.8099967149557834,1,5.6832403254019
1646.9845325946808,2.7998077454414947,1,5.68899000514653
1647.0628855228424,2.8023549878200633,1,5.6875525852103745
1647.1406762599945,2.8150911997129278,1,5.680365485529585
1647.2194254398346,2.7947132606843503,1,5.691864845018845
1647.295958518982,2.7921660183057746,1,5.693302264955005
1647.3739898204803,2.8074494725772077,1,5.6846777453380595
1647.4836328029633,2.7947132606843503,1,5.691864845018845
1647.5615680217743,2.797260503062919,1,5.69042742508269
1647.6381697654724,2.797260503062919,1,5.69042742508269
1647.7150032520294,2.7921660183057746,1,5.693302264955005
1647.7949466705322,2.789618775927206,1,5.69473968489116
1647.874989748001,2.8023549878200633,1,5.6875525852103745
1647.9527447223663,2.797260503062919,1,5.69042742508269
1648.0299198627472,2.7921660183057746,1,5.693302264955005
1648.1079411506653,2.8074494725772077,1,5.6846777453380595
1648.1867289543152,2.812543957334352,1,5.681802905465744
1648.2786071300507,2.8023549878200633,1,5.6875525852103745
1648.3560237884521,2.8023549878200633,1,5.6875525852103745
1648.4337196350098,2.7998077454414947,1,5.68899000514653
1648.5127878189087,2.804902230198639,1,5.686115165274215
1648.5895373821259,2.8074494725772077,1,5.6846777453380595
1648.6664888858795,2.8023549878200633,1,5.6875525852103745
1648.745005607605,2.8023549878200633,1,5.6875525852103745
1648.8222167491913,2.8099967149557834,1,5.6832403254019
1648.8997793197632,2.797260503062919,1,5.69042742508269
1648.9777882099152,2.8099967149557834,1,5.6832403254019
1649.0859587192535,2.8099967149557834,1,5.6832403254019
1649.1644518375397,2.7998077454414947,1,5.68899000514653
1649.2429504394531,2.8023549878200633,1,5.6875525852103745
1649.3216426372528,2.8099967149557834,1,5.6832403254019
1649.4004368782043,2.7998077454414947,1,5.68899000514653
1649.494861125946,2.797260503062919,1,5.69042742508269
1649.573001384735,2.8023549878200633,1,5.6875525852103745
1649.6519048213959,2.812543957334352,1,5.681802905465744
1649.7300760746002,2.804902230198639,1,5.686115165274215
1649.8079626560211,2.8074494725772077,1,5.6846777453380595
1649.8871431350708,2.820185684470065,1,5.677490645657274
1649.9665884971619,2.7947132606843503,1,5.691864845018845
1650.0440492630005,2.8023549878200633,1,5.6875525852103745
1650.1236391067505,2.8099967149557834,1,5.6832403254019
1650.2017815113068,2.812543957334352,1,5.681802905465744
1650.27969789505,2.7998077454414947,1,5.68899000514653
1650.3567686080933,2.8176384420914964,1,5.678928065593429
1650.4346928596497,2.7998077454414947,1,5.68899000514653
1650.511456489563,2.7998077454414947,1,5.68899000514653
1650.5908348560333,2.8099967149557834,1,5.6832403254019
1650.6996440887451,2.797260503062919,1,5.69042742508269
1650.7775647640228,2.8099967149557834,1,5.6832403254019
1650.857352733612,2.8303746539843537,1,5.671740965912644
1650.9371843338013,2.7998077454414947,1,5.68899000514653
1651.0143592357635,2.7998077454414947,1,5.68899000514653
1651.091756105423,2.8023549878200633,1,5.6875525852103745
1651.1695477962494,2.8252801692272094,1,5.674615805784959
1651.247570991516,2.8099967149557834,1,5.6832403254019
1651.3265538215637,2.8074494725772077,1,5.6846777453380595
1651.4032344818115,2.812543957334352,1,5.681802905465744
1651.4802374839783,2.7998077454414947,1,5.68899000514653
1651.5572245121002,2.8150911997129278,1,5.680365485529585
1651.6366856098175,2.8150911997129278,1,5.680365485529585
1651.7146606445312,2.797260503062919,1,5.69042742508269
1651.7927372455597,2.8023549878200633,1,5.6875525852103745
1651.8710536956787,2.820185684470065,1,5.677490645657274
1651.9480872154236,2.797260503062919,1,5.69042742508269
1652.026692867279,2.8099967149557834,1,5.6832403254019
1652.1049616336823,2.8150911997129278,1,5.680365485529585
1652.1808471679688,2.8099967149557834,1,5.6832403254019
1652.28946185112,2.8099967149557834,1,5.6832403254019
1652.3674182891846,2.827827411605785,1,5.673178385848799
1652.4457230567932,2.8099967149557834,1,5.6832403254019
1652.5230960845947,2.812543957334352,1,5.681802905465744
1652.5993974208832,2.820185684470065,1,5.677490645657274
1652.6750016212463,2.812543957334352,1,5.681802905465744
1652.7537815570831,2.8150911997129278,1,5.680365485529585
1652.8437922000885,2.812543957334352,1,5.681802905465744
1652.92192196846,2.8227329268486407,1,5.676053225721114
1653.0006816387177,2.8074494725772077,1,5.6846777453380595
1653.076334476471,2.820185684470065,1,5.677490645657274
1653.1540093421936,2.8150911997129278,1,5.680365485529585
1653.2331268787384,2.820185684470065,1,5.677490645657274
1653.3120839595795,2.8074494725772077,1,5.6846777453380595
1653.3904473781586,2.7998077454414947,1,5.68899000514653
1653.470021724701,2.820185684470065,1,5.677490645657274
1653.5489971637726,2.8074494725772077,1,5.6846777453380595
1653.6280138492584,2.8099967149557834,1,5.6832403254019
1653.7060647010803,2.804902230198639,1,5.686115165274215
1653.783997297287,2.7998077454414947,1,5.68899000514653
1653.8926424980164,2.8176384420914964,1,5.678928065593429
1653.9861340522766,2.8150911997129278,1,5.680365485529585
1654.0642714500427,2.8176384420914964,1,5.678928065593429
1654.1419792175293,2.8074494725772077,1,5.6846777453380595
1654.2198557853699,2.820185684470065,1,5.677490645657274
1654.295869588852,2.7998077454414947,1,5.68899000514653
1654.374988079071,2.8176384420914964,1,5.678928065593429
1654.4539549350739,2.8252801692272094,1,5.674615805784959
1654.5308647155762,2.804902230198639,1,5.686115165274215
1654.6077649593353,2.8099967149557834,1,5.6832403254019
1654.6848695278168,2.8150911997129278,1,5.680365485529585
1654.7615778446198,2.8074494725772077,1,5.6846777453380595
1654.8410112857819,2.7998077454414947,1,5.68899000514653
1654.9198825359344,2.8252801692272094,1,5.674615805784959
1654.9964017868042,2.797260503062919,1,5.69042742508269
1655.0761532783508,2.797260503062919,1,5.69042742508269
1655.1714737415314,2.7998077454414947,1,5.68899000514653
1655.2476925849915,2.797260503062919,1,5.69042742508269
1655.3255951404572,2.797260503062919,1,5.69042742508269
1655.4045565128326,2.812543957334352,1,5.681802905465744
1655.5122513771057,2.7947132606843503,1,5.691864845018845
1655.5897436141968,2.7998077454414947,1,5.68899000514653
1655.667534828186,2.804902230198639,1,5.686115165274215
1655.7476325035095,2.8150911997129278,1,5.680365485529585
1655.825548171997,2.7998077454414947,1,5.68899000514653
1655.9036655426025,2.804902230198639,1,5.686115165274215
1655.9835090637207,2.7998077454414947,1,5.68899000514653
1656.0627069473267,2.804902230198639,1,5.686115165274215
1656.139596939087,2.827827411605785,1,5.673178385848799
1656.2184264659882,2.8150911997129278,1,5.680365485529585
1656.2962477207184,2.8074494725772077,1,5.6846777453380595
1656.374859571457,2.8150911997129278,1,5.680365485529585
1656.4528124332428,2.8074494725772077,1,5.6846777453380595
1656.5297420024872,2.8150911997129278,1,5.680365485529585
1656.6069898605347,2.8176384420914964,1,5.678928065593429
1656.6848289966583,2.8099967149557834,1,5.6832403254019
1656.764550447464,2.8023549878200633,1,5.6875525852103745
1656.855004787445,2.820185684470065,1,5.677490645657274
1656.9332807064056,2.804902230198639,1,5.686115165274215
1657.0116140842438,2.7998077454414947,1,5.68899000514653
1657.1196286678314,2.8099967149557834,1,5.6832403254019
1657.1978044509888,2.8176384420914964,1,5.678928065593429
1657.2759025096893,2.7998077454414947,1,5.68899000514653
1657.3532474040985,2.8252801692272094,1,5.674615805784959
1657.445155620575,2.8023549878200633,1,5.6875525852103745
1657.5229632854462,2.8227329268486407,1,5.676053225721114
1657.6017484664917,2.8227329268486407,1,5.676053225721114
1657.6809611320496,2.8099967149557834,1,5.6832403254019
1657.7588114738464,2.820185684470065,1,5.677490645657274
1657.837435722351,2.8227329268486407,1,5.676053225721114
1657.9169011116028,2.8227329268486407,1,5.676053225721114
1657.996158838272,2.8023549878200633,1,5.6875525852103745
1658.0743975639343,2.8176384420914964,1,5.678928065593429
1658.151165008545,2.8303746539843537,1,5.671740965912644
1658.2292206287384,2.8099967149557834,1,5.6832403254019
1658.3070936203003,2.804902230198639,1,5.686115165274215
1658.386127948761,2.8099967149557834,1,5.6832403254019
1658.4642839431763,2.8150911997129278,1,5.680365485529585
1658.5590636730194,2.8227329268486407,1,5.676053225721114
1658.6388502120972,2.8176384420914964,1,5.678928065593429
1658.7484951019287,2.8150911997129278,1,5.680365485529585
1658.8282251358032,2.8099967149557834,1,5.6832403254019
1658.9062285423279,2.820185684470065,1,5.677490645657274
1658.9829878807068,2.820185684470065,1,5.677490645657274
1659.0618026256561,2.8099967149557834,1,5.6832403254019
1659.1402955055237,2.812543957334352,1,5.681802905465744
1659.2174813747406,2.812543957334352,1,5.681802905465744
1659.2956340312958,2.7998077454414947,1,5.68899000514653
1659.3737225532532,2.8023549878200633,1,5.6875525852103745
1659.4499361515045,2.8150911997129278,1,5.680365485529585
1659.5280916690826,2.8023549878200633,1,5.6875525852103745
1659.6053063869476,2.812543957334352,1,5.681802905465744
1659.6980664730072,2.8074494725772077,1,5.6846777453380595
1659.7762956619263,2.8074494725772077,1,5.6846777453380595
1659.856035232544,2.820185684470065,1,5.677490645657274
1659.9319150447845,2.8023549878200633,1,5.6875525852103745
1660.0100510120392,2.8099967149557834,1,5.6832403254019
1660.0881147384644,2.8150911997129278,1,5.680365485529585
1660.165090560913,2.8176384420914964,1,5.678928065593429
1660.2439165115356,2.8074494725772077,1,5.6846777453380595
1660.3527109622955,2.812543957334352,1,5.681802905465744
1660.432465314865,2.804902230198639,1,5.686115165274215
1660.512356519699,2.8023549878200633,1,5.6875525852103745
1660.5902342796326,2.8150911997129278,1,5.680365485529585
1660.6692807674408,2.8176384420914964,1,5.678928065593429
1660.7471890449524,2.8227329268486407,1,5.676053225721114
1660.8399093151093,2.8099967149557834,1,5.6832403254019
1660.9177017211914,2.820185684470065,1,5.677490645657274
1660.9970366954803,2.8099967149557834,1,5.6832403254019
1661.073882818222,2.8150911997129278,1,5.680365485529585
1661.1528449058533,2.820185684470065,1,5.677490645657274
1661.2327237129211,2.8150911997129278,1,5.680365485529585
1661.3087525367737,2.8227329268486407,1,5.676053225721114
1661.3868606090546,2.8150911997129278,1,5.680365485529585
1661.466775894165,2.8099967149557834,1,5.6832403254019
1661.5436236858368,2.8099967149557834,1,5.6832403254019
1661.6230292320251,2.8150911997129278,1,5.680365485529585
1661.698826789856,2.820185684470065,1,5.677490645657274
1661.7756221294403,2.8227329268486407,1,5.676053225721114
1661.855408668518,2.8303746539843537,1,5.671740965912644
1661.965116262436,2.820185684470065,1,5.677490645657274
1662.056869983673,2.8252801692272094,1,5.674615805784959
1662.135954618454,2.8329218963629295,1,5.670303545976484
1662.2137553691864,2.812543957334352,1,5.681802905465744
1662.2904117107391,2.8150911997129278,1,5.680365485529585
1662.367820739746,2.812543957334352,1,5.681802905465744
1662.4470129013062,2.8150911997129278,1,5.680365485529585
1662.5239882469177,2.820185684470065,1,5.677490645657274
1662.6029124259949,2.820185684470065,1,5.677490645657274
1662.6817736625671,2.8176384420914964,1,5.678928065593429
1662.7588539123535,2.8074494725772077,1,5.6846777453380595
1662.8373610973358,2.8252801692272094,1,5.674615805784959
1662.9148607254028,2.820185684470065,1,5.677490645657274
1662.9919364452362,2.8099967149557834,1,5.6832403254019
1663.0717844963074,2.8074494725772077,1,5.6846777453380595
1663.1506266593933,2.812543957334352,1,5.681802905465744
1663.2264363765717,2.8176384420914964,1,5.678928065593429
1663.3054161071777,2.8099967149557834,1,5.6832403254019
1663.3837020397186,2.8150911997129278,1,5.680365485529585
1663.461979150772,2.8099967149557834,1,5.6832403254019
1663.5701169967651,2.8329218963629295,1,5.670303545976484
1663.647161245346,2.8150911997129278,1,5.680365485529585
1663.725869178772,2.8074494725772077,1,5.6846777453380595
1663.8047699928284,2.8150911997129278,1,5.680365485529585
1663.8809070587158,2.8150911997129278,1,5.680365485529585
1663.9604752063751,2.8150911997129278,1,5.680365485529585
1664.039522409439,2.8150911997129278,1,5.680365485529585
1664.1150178909302,2.8227329268486407,1,5.676053225721114
1664.1945052146912,2.8150911997129278,1,5.680365485529585
1664.2723727226257,2.812543957334352,1,5.681802905465744
1664.349078655243,2.8227329268486407,1,5.676053225721114
1664.42738199234,2.8074494725772077,1,5.6846777453380595
1664.5040006637573,2.8176384420914964,1,5.678928065593429
1664.5799632072449,2.8227329268486407,1,5.676053225721114
1664.6597929000854,2.8176384420914964,1,5.678928065593429
1664.7376441955566,2.8150911997129278,1,5.680365485529585
1664.8131430149078,2.8150911997129278,1,5.680365485529585
1664.8924777507782,2.8023549878200633,1,5.6875525852103745
1664.9709923267365,2.8176384420914964,1,5.678928065593429
1665.0480182170868,2.804902230198639,1,5.686115165274215
1665.1588962078094,2.8074494725772077,1,5.6846777453380595
1665.234922170639,2.827827411605785,1,5.673178385848799
1665.322669506073,2.8099967149557834,1,5.6832403254019
1665.4074461460114,2.804902230198639,1,5.686115165274215
1665.4848346710205,2.8227329268486407,1,5.676053225721114
1665.5607783794403,2.812543957334352,1,5.681802905465744
1665.6406154632568,2.7947132606843503,1,5.691864845018845
1665.7178547382355,2.8176384420914964,1,5.678928065593429
1665.7949569225311,2.8099967149557834,1,5.6832403254019
1665.8738617897034,2.8099967149557834,1,5.6832403254019
1665.952675819397,2.812543957334352,1,5.681802905465744
1666.028691291809,2.7921660183057746,1,5.693302264955005
1666.1055800914764,2.8176384420914964,1,5.678928065593429
1666.1839048862457,2.8074494725772077,1,5.6846777453380595
1666.2609658241272,2.804902230198639,1,5.686115165274215
1666.3395245075226,2.8176384420914964,1,5.678928065593429
1666.4178504943848,2.812543957334352,1,5.681802905465744
1666.4956693649292,2.827827411605785,1,5.673178385848799
1666.5894587039948,2.8150911997129278,1,5.680365485529585
1666.6672871112823,2.8099967149557834,1,5.6832403254019
1666.7771623134613,2.7998077454414947,1,5.68899000514653
1666.8570222854614,2.8074494725772077,1,5.6846777453380595
1666.933795452118,2.8227329268486407,1,5.676053225721114
1667.0097744464874,2.8023549878200633,1,5.6875525852103745
1667.089584827423,2.8074494725772077,1,5.6846777453380595
1667.1657345294952,2.8074494725772077,1,5.6846777453380595
1667.2446370124817,2.8074494725772077,1,5.6846777453380595
1667.3245108127594,2.8074494725772077,1,5.6846777453380595
1667.4007589817047,2.8150911997129278,1,5.680365485529585
1667.4769356250763,2.8074494725772077,1,5.6846777453380595
1667.5558438301086,2.8227329268486407,1,5.676053225721114
1667.6326367855072,2.820185684470065,1,5.677490645657274
1667.7124273777008,2.812543957334352,1,5.681802905465744
1667.7896194458008,2.8176384420914964,1,5.678928065593429
1667.8647165298462,2.7998077454414947,1,5.68899000514653
1667.9416613578796,2.812543957334352,1,5.681802905465744
1668.0206725597382,2.820185684470065,1,5.677490645657274
1668.097466468811,2.820185684470065,1,5.677490645657274
1668.2047441005707,2.812543957334352,1,5.681802905465744
1668.281676530838,2.8176384420914964,1,5.678928065593429
1668.359035730362,2.8099967149557834,1,5.6832403254019
1668.4358818531036,2.8074494725772077,1,5.6846777453380595
1668.5128977298737,2.8099967149557834,1,5.6832403254019
1668.589727640152,2.8176384420914964,1,5.678928065593429
1668.666575908661,2.8099967149557834,1,5.6832403254019
1668.7458038330078,2.8099967149557834,1,5.6832403254019
1668.8233511447906,2.8023549878200633,1,5.6875525852103745
1668.9022960662842,2.8176384420914964,1,5.678928065593429
1668.981639623642,2.820185684470065,1,5.677490645657274
1669.0586228370667,2.8074494725772077,1,5.6846777453380595
1669.1359162330627,2.8150911997129278,1,5.680365485529585
1669.2139856815338,2.820185684470065,1,5.677490645657274
1669.2909281253815,2.8074494725772077,1,5.6846777453380595
1669.3689646720886,2.8252801692272094,1,5.674615805784959
1669.446947813034,2.820185684470065,1,5.677490645657274
1669.5239853858948,2.8150911997129278,1,5.680365485529585
1669.6339371204376,2.8176384420914964,1,5.678928065593429
1669.7100481987,2.8150911997129278,1,5.680365485529585
1669.7869420051575,2.8227329268486407,1,5.676053225721114
1669.8652336597443,2.8252801692272094,1,5.674615805784959
1669.971279144287,2.8176384420914964,1,5.678928065593429
1670.0471560955048,2.8150911997129278,1,5.680365485529585
1670.1249513626099,2.8252801692272094,1,5.674615805784959
1670.2010853290558,2.8252801692272094,1,5.674615805784959
1670.280309677124,2.8252801692272094,1,5.674615805784959
1670.3602313995361,2.8099967149557834,1,5.6832403254019
1670.4361336231232,2.8252801692272094,1,5.674615805784959
1670.5150692462921,2.8252801692272094,1,5.674615805784959
1670.6059708595276,2.8303746539843537,1,5.671740965912644
1670.6829555034637,2.835469138741498,1,5.668866126040329
1670.7622601985931,2.8252801692272094,1,5.674615805784959
1670.8397135734558,2.8227329268486407,1,5.676053225721114
1670.916586637497,2.827827411605785,1,5.673178385848799
1670.99640250206,2.8303746539843537,1,5.671740965912644
1671.0744898319244,2.820185684470065,1,5.677490645657274
1671.1840600967407,2.835469138741498,1,5.668866126040329
1671.2637906074524,2.8329218963629295,1,5.670303545976484
1671.3416147232056,2.8176384420914964,1,5.678928065593429
1671.4184963703156,2.835469138741498,1,5.668866126040329
1671.4953606128693,2.8303746539843537,1,5.671740965912644
1671.5733435153961,2.8252801692272094,1,5.674615805784959
1671.6511867046356,2.8303746539843537,1,5.671740965912644
1671.7291448116302,2.8303746539843537,1,5.671740965912644
1671.806932926178,2.820185684470065,1,5.677490645657274
1671.885750055313,2.820185684470065,1,5.677490645657274
1671.9628162384033,2.8227329268486407,1,5.676053225721114
1672.0409762859344,2.8227329268486407,1,5.676053225721114
1672.1176788806915,2.820185684470065,1,5.677490645657274
1672.2124242782593,2.8303746539843537,1,5.671740965912644
1672.290218114853,2.8176384420914964,1,5.678928065593429
1672.3696835041046,2.8303746539843537,1,5.671740965912644
1672.4495224952698,2.820185684470065,1,5.677490645657274
1672.527352809906,2.8252801692272094,1,5.674615805784959
1672.6232125759125,2.8252801692272094,1,5.674615805784959
1672.702612400055,2.820185684470065,1,5.677490645657274
1672.7796828746796,2.8150911997129278,1,5.680365485529585
1672.8576295375824,2.827827411605785,1,5.673178385848799
1672.936599969864,2.8329218963629295,1,5.670303545976484
1673.0141265392303,2.820185684470065,1,5.677490645657274
1673.1096670627594,2.8150911997129278,1,5.680365485529585
1673.188595533371,2.8176384420914964,1,5.678928065593429
1673.2646956443787,2.8227329268486407,1,5.676053225721114
1673.3435833454132,2.827827411605785,1,5.673178385848799
1673.4220855236053,2.8176384420914964,1,5.678928065593429
1673.4993555545807,2.838016381120074,1,5.667428706104169
1673.5767164230347,2.8252801692272094,1,5.674615805784959
1673.6532125473022,2.827827411605785,1,5.673178385848799
1673.7309272289276,2.843110865877218,1,5.664553866231854
1673.8090493679047,2.8150911997129278,1,5.680365485529585
1673.887903213501,2.820185684470065,1,5.677490645657274
1673.964900970459,2.827827411605785,1,5.673178385848799
1674.0763070583344,2.820185684470065,1,5.677490645657274
1674.1548550128937,2.8252801692272094,1,5.674615805784959
1674.2329416275024,2.8252801692272094,1,5.674615805784959
1674.3106648921967,2.8227329268486407,1,5.676053225721114
1674.3895101547241,2.8252801692272094,1,5.674615805784959
1674.4672791957855,2.8303746539843537,1,5.671740965912644
1674.5452527999878,2.845658108255787,1,5.663116446295699
1674.6233887672424,2.8252801692272094,1,5.674615805784959
1674.7020502090454,2.827827411605785,1,5.673178385848799
1674.7806730270386,2.827827411605785,1,5.673178385848799
1674.8591973781586,2.8227329268486407,1,5.676053225721114
1674.9368979930878,2.8176384420914964,1,5.678928065593429
1675.0154724121094,2.835469138741498,1,5.668866126040329
1675.09481215477,2.8252801692272094,1,5.674615805784959
1675.171672821045,2.820185684470065,1,5.677490645657274
1675.2493839263916,2.827827411605785,1,5.673178385848799
1675.3276524543762,2.820185684470065,1,5.677490645657274
1675.4064648151398,2.820185684470065,1,5.677490645657274
1675.5159227848053,2.8329218963629295,1,5.670303545976484
1675.592957496643,2.8176384420914964,1,5.678928065593429
1675.6870863437653,2.8176384420914964,1,5.678928065593429
1675.7660508155823,2.838016381120074,1,5.667428706104169
1675.8570392131805,2.827827411605785,1,5.673178385848799
1675.9349637031555,2.8176384420914964,1,5.678928065593429
1676.0119094848633,2.838016381120074,1,5.667428706104169
1676.0879406929016,2.8303746539843537,1,5.671740965912644
1676.1669957637787,2.845658108255787,1,5.663116446295699
1676.2458145618439,2.8329218963629295,1,5.670303545976484
1676.3210279941559,2.8252801692272094,1,5.674615805784959
1676.398638010025,2.845658108255787,1,5.663116446295699
1676.476484298706,2.8303746539843537,1,5.671740965912644
1676.5527341365814,2.8303746539843537,1,5.671740965912644
1676.630532503128,2.827827411605785,1,5.673178385848799
1676.7097890377045,2.820185684470065,1,5.677490645657274
1676.786758184433,2.8227329268486407,1,5.676053225721114
1676.8806672096252,2.8329218963629295,1,5.670303545976484
1676.959659576416,2.8252801692272094,1,5.674615805784959
1677.0706322193146,2.827827411605785,1,5.673178385848799
1677.1495356559753,2.838016381120074,1,5.667428706104169
1677.2261390686035,2.820185684470065,1,5.677490645657274
1677.3039355278015,2.812543957334352,1,5.681802905465744
1677.3839144706726,2.827827411605785,1,5.673178385848799
1677.461620092392,2.8329218963629295,1,5.670303545976484
1677.5374925136566,2.8227329268486407,1,5.676053225721114
1677.6150438785553,2.835469138741498,1,5.668866126040329
1677.6920483112335,2.812543957334352,1,5.681802905465744
1677.7679386138916,2.827827411605785,1,5.673178385848799
1677.8447444438934,2.8329218963629295,1,5.670303545976484
1677.9225409030914,2.820185684470065,1,5.677490645657274
1678.0004613399506,2.8329218963629295,1,5.670303545976484
1678.079556465149,2.8303746539843537,1,5.671740965912644
1678.157390832901,2.8227329268486407,1,5.676053225721114
1678.23482131958,2.835469138741498,1,5.668866126040329
1678.3119537830353,2.835469138741498,1,5.668866126040329
1678.388629436493,2.8227329268486407,1,5.676053225721114
1678.4984638690948,2.827827411605785,1,5.673178385848799
1678.57635140419,2.8252801692272094,1,5.674615805784959
1678.6535861492157,2.835469138741498,1,5.668866126040329
1678.732572555542,2.8405636234986424,1,5.665991286168014
1678.8114602565765,2.8482053506343554,1,5.661679026359543
1678.889480829239,2.8329218963629295,1,5.670303545976484
1678.9693689346313,2.835469138741498,1,5.668866126040329
1679.0472009181976,2.838016381120074,1,5.667428706104169
1679.1403164863586,2.838016381120074,1,5.667428706104169
1679.2194428443909,2.8329218963629295,1,5.670303545976484
1679.2939856052399,2.8405636234986424,1,5.665991286168014
1679.371815919876,2.8227329268486407,1,5.676053225721114
1679.4516668319702,2.838016381120074,1,5.667428706104169
1679.5306541919708,2.838016381120074,1,5.667428706104169
1679.6074051856995,2.8227329268486407,1,5.676053225721114
1679.6872260570526,2.820185684470065,1,5.677490645657274
1679.764986038208,2.835469138741498,1,5.668866126040329
1679.857812166214,2.8303746539843537,1,5.671740965912644
1679.968121290207,2.8252801692272094,1,5.674615805784959
1680.0449073314667,2.8227329268486407,1,5.676053225721114
1680.1240258216858,2.8329218963629295,1,5.670303545976484
1680.2027180194855,2.8227329268486407,1,5.676053225721114
1680.2954065799713,2.8405636234986424,1,5.665991286168014
1680.3728301525116,2.8303746539843537,1,5.671740965912644
1680.45081949234,2.8252801692272094,1,5.674615805784959
1680.5271813869476,2.820185684470065,1,5.677490645657274
1680.6058323383331,2.827827411605785,1,5.673178385848799
1680.6856825351715,2.8303746539843537,1,5.671740965912644
1680.764011144638,2.8405636234986424,1,5.665991286168014
1680.8429243564606,2.8303746539843537,1,5.671740965912644
1680.9203264713287,2.827827411605785,1,5.673178385848799
1680.9982388019562,2.835469138741498,1,5.668866126040329
1681.0764820575714,2.8303746539843537,1,5.671740965912644
1681.155067205429,2.8303746539843537,1,5.671740965912644
1681.2319684028625,2.8405636234986424,1,5.665991286168014
1681.3111655712128,2.838016381120074,1,5.667428706104169
1681.4208734035492,2.835469138741498,1,5.668866126040329
1681.4979169368744,2.835469138741498,1,5.668866126040329
1681.574935913086,2.838016381120074,1,5.667428706104169
1681.6528675556183,2.8227329268486407,1,5.676053225721114
1681.731677055359,2.835469138741498,1,5.668866126040329
1681.8092086315155,2.8252801692272094,1,5.674615805784959
1681.886507511139,2.8252801692272094,1,5.674615805784959
1681.9664883613586,2.8405636234986424,1,5.665991286168014
1682.0445430278778,2.8303746539843537,1,5.671740965912644
1682.1203825473785,2.827827411605785,1,5.673178385848799
1682.1997473239899,2.838016381120074,1,5.667428706104169
1682.2786977291107,2.8405636234986424,1,5.665991286168014
1682.3552627563477,2.8252801692272094,1,5.674615805784959
1682.434419631958,2.8329218963629295,1,5.670303545976484
1682.5132820606232,2.8405636234986424,1,5.665991286168014
1682.605661869049,2.8303746539843537,1,5.671740965912644
1682.684003829956,2.8329218963629295,1,5.670303545976484
1682.7619955539703,2.843110865877218,1,5.664553866231854
1682.8390548229218,2.8329218963629295,1,5.670303545976484
1682.9478044509888,2.850752593012931,1,5.660241606423384
1683.025762796402,2.8252801692272094,1,5.674615805784959
1683.10285115242,2.8405636234986424,1,5.665991286168014
1683.18123960495,2.835469138741498,1,5.668866126040329
1683.259264945984,2.838016381120074,1,5.667428706104169
1683.335108757019,2.8252801692272094,1,5.674615805784959
1683.413722038269,2.838016381120074,1,5.667428706104169
1683.4925479888916,2.843110865877218,1,5.664553866231854
1683.5710153579712,2.8176384420914964,1,5.678928065593429
1683.664738893509,2.8303746539843537,1,5.671740965912644
1683.743019580841,2.8227329268486407,1,5.676053225721114
1683.8198227882385,2.835469138741498,1,5.668866126040329
1683.896862745285,2.8482053506343554,1,5.661679026359543
1683.9747619628906,2.850752593012931,1,5.660241606423384
1684.0521166324615,2.8252801692272094,1,5.674615805784959
1684.130611896515,2.845658108255787,1,5.663116446295699
1684.20885014534,2.8329218963629295,1,5.670303545976484
1684.2866683006287,2.8303746539843537,1,5.671740965912644
1684.3966891765594,2.845658108255787,1,5.663116446295699
1684.4724974632263,2.8252801692272094,1,5.674615805784959
1684.5494964122772,2.838016381120074,1,5.667428706104169
1684.6253113746643,2.8252801692272094,1,5.674615805784959
1684.7042336463928,2.8329218963629295,1,5.670303545976484
1684.782021522522,2.8303746539843537,1,5.671740965912644
1684.8613076210022,2.8227329268486407,1,5.676053225721114
1684.9396917819977,2.8227329268486407,1,5.676053225721114
1685.0164716243744,2.827827411605785,1,5.673178385848799
1685.0959050655365,2.835469138741498,1,5.668866126040329
1685.174352645874,2.8405636234986424,1,5.665991286168014
1685.2492427825928,2.845658108255787,1,5.663116446295699
1685.327897310257,2.8405636234986424,1,5.665991286168014
1685.4068100452423,2.8405636234986424,1,5.665991286168014
1685.4829425811768,2.843110865877218,1,5.664553866231854
1685.5619370937347,2.838016381120074,1,5.667428706104169
1685.6399800777435,2.835469138741498,1,5.668866126040329
1685.7179522514343,2.8227329268486407,1,5.676053225721114
1685.8289506435394,2.843110865877218,1,5.664553866231854
1685.90642952919,2.8482053506343554,1,5.661679026359543
1686.0009181499481,2.827827411605785,1,5.673178385848799
1686.0801503658295,2.8405636234986424,1,5.665991286168014
1686.1579718589783,2.8303746539843537,1,5.671740965912644
1686.2359709739685,2.8405636234986424,1,5.665991286168014
1686.3138327598572,2.843110865877218,1,5.664553866231854
1686.3903138637543,2.8405636234986424,1,5.665991286168014
1686.4681103229523,2.8405636234986424,1,5.665991286168014
1686.547125339508,2.850752593012931,1,5.660241606423384
1686.6240627765656,2.845658108255787,1,5.663116446295699
1686.7019548416138,2.8303746539843537,1,5.671740965912644
1686.7812943458557,2.8532998353915,1,5.658804186487227
1686.8592348098755,2.843110865877218,1,5.664553866231854
1686.9379971027374,2.835469138741498,1,5.668866126040329
1687.0140554904938,2.838016381120074,1,5.667428706104169
1687.0917026996613,2.850752593012931,1,5.660241606423384
1687.170551776886,2.835469138741498,1,5.668866126040329
1687.281657218933,2.8303746539843537,1,5.671740965912644
1687.3585336208344,2.845658108255787,1,5.663116446295699
1687.4376826286316,2.838016381120074,1,5.667428706104169
1687.5146217346191,2.850752593012931,1,5.660241606423384
1687.590666770935,2.8405636234986424,1,5.665991286168014
1687.6697270870209,2.8252801692272094,1,5.674615805784959
1687.7486004829407,2.8482053506343554,1,5.661679026359543
1687.8256466388702,2.835469138741498,1,5.668866126040329
1687.9027390480042,2.8329218963629295,1,5.670303545976484
1687.9816195964813,2.8405636234986424,1,5.665991286168014
1688.0591325759888,2.8532998353915,1,5.658804186487227
1688.1365497112274,2.8303746539843537,1,5.671740965912644
1688.214455127716,2.8405636234986424,1,5.665991286168014
1688.2922468185425,2.8329218963629295,1,5.670303545976484
1688.3720128536224,2.8303746539843537,1,5.671740965912644
1688.4518139362335,2.8329218963629295,1,5.670303545976484
1688.5296471118927,2.8405636234986424,1,5.665991286168014
1688.6079034805298,2.8558470777700755,1,5.6573667665510685
1688.6857492923737,2.8329218963629295,1,5.670303545976484
1688.7934863567352,2.8405636234986424,1,5.665991286168014
1688.8852107524872,2.8405636234986424,1,5.665991286168014
1688.9632272720337,2.843110865877218,1,5.664553866231854
1689.0422875881195,2.843110865877218,1,5.664553866231854
1689.1187160015106,2.8405636234986424,1,5.665991286168014
1689.1969180107117,2.8405636234986424,1,5.665991286168014
1689.2758905887604,2.8405636234986424,1,5.665991286168014
1689.3527615070343,2.850752593012931,1,5.660241606423384
1689.4305210113525,2.850752593012931,1,5.660241606423384
1689.5098507404327,2.838016381120074,1,5.667428706104169
1689.589099407196,2.835469138741498,1,5.668866126040329
1689.6668207645416,2.850752593012931,1,5.660241606423384
1689.745611667633,2.86094156252722,1,5.654491926678753
1689.8216598033905,2.8532998353915,1,5.658804186487227
1689.8982150554657,2.827827411605785,1,5.673178385848799
1689.9774904251099,2.845658108255787,1,5.663116446295699
1690.0545268058777,2.845658108255787,1,5.663116446295699
1690.1313264369965,2.850752593012931,1,5.660241606423384
1690.2407896518707,2.843110865877218,1,5.664553866231854
1690.3197317123413,2.838016381120074,1,5.667428706104169
1690.3957464694977,2.843110865877218,1,5.664553866231854
1690.4874558448792,2.845658108255787,1,5.663116446295699
1690.5662846565247,2.838016381120074,1,5.667428706104169
1690.642994403839,2.843110865877218,1,5.664553866231854
1690.718961238861,2.843110865877218,1,5.664553866231854
1690.798141002655,2.8329218963629295,1,5.670303545976484
1690.8756353855133,2.8532998353915,1,5.658804186487227
1690.9540362358093,2.8303746539843537,1,5.671740965912644
1691.0311496257782,2.838016381120074,1,5.667428706104169
1691.1081326007843,2.843110865877218,1,5.664553866231854
1691.1870441436768,2.8405636234986424,1,5.665991286168014
1691.2656412124634,2.8558470777700755,1,5.6573667665510685
1691.3590679168701,2.8558470777700755,1,5.6573667665510685
1691.4384815692902,2.835469138741498,1,5.668866126040329
1691.5172822475433,2.838016381120074,1,5.667428706104169
1691.5939576625824,2.838016381120074,1,5.667428706104169
1691.703798532486,2.835469138741498,1,5.668866126040329
1691.7803149223328,2.835469138741498,1,5.668866126040329
1691.8581676483154,2.845658108255787,1,5.663116446295699
1691.9373054504395,2.850752593012931,1,5.660241606423384
1692.0143446922302,2.8252801692272094,1,5.674615805784959
1692.09401345253,2.845658108255787,1,5.663116446295699
1692.1872580051422,2.843110865877218,1,5.664553866231854
1692.2643699645996,2.850752593012931,1,5.660241606423384
1692.341187953949,2.8482053506343554,1,5.661679026359543
1692.420505285263,2.8482053506343554,1,5.661679026359543
1692.4955532550812,2.858394320148644,1,5.655929346614913
1692.5748052597046,2.8482053506343554,1,5.661679026359543
1692.6536643505096,2.8405636234986424,1,5.665991286168014
1692.7307615280151,2.8405636234986424,1,5.665991286168014
1692.8245232105255,2.8558470777700755,1,5.6573667665510685
1692.9014129638672,2.835469138741498,1,5.668866126040329
1692.9777116775513,2.850752593012931,1,5.660241606423384
1693.0547273159027,2.843110865877218,1,5.664553866231854
1693.1636695861816,2.8482053506343554,1,5.661679026359543
1693.2414393424988,2.850752593012931,1,5.660241606423384
1693.3176324367523,2.8482053506343554,1,5.661679026359543
1693.3949978351593,2.845658108255787,1,5.663116446295699
1693.4711570739746,2.8532998353915,1,5.658804186487227
1693.5489525794983,2.8532998353915,1,5.658804186487227
1693.6267726421356,2.8558470777700755,1,5.6573667665510685
1693.7036526203156,2.8532998353915,1,5.658804186487227
1693.7814462184906,2.838016381120074,1,5.667428706104169
1693.8593554496765,2.8634888049057885,1,5.653054506742597
1693.9381775856018,2.850752593012931,1,5.660241606423384
1694.0318186283112,2.8329218963629295,1,5.670303545976484
1694.1096029281616,2.8558470777700755,1,5.6573667665510685
1694.1885151863098,2.8405636234986424,1,5.665991286168014
1694.2675805091858,2.8405636234986424,1,5.665991286168014
1694.3450462818146,2.843110865877218,1,5.664553866231854
1694.4231424331665,2.8558470777700755,1,5.6573667665510685
1694.5011763572693,2.835469138741498,1,5.668866126040329
1694.578173160553,2.843110865877218,1,5.664553866231854
1694.687898159027,2.843110865877218,1,5.664553866231854
1694.7651779651642,2.845658108255787,1,5.663116446295699
1694.8420839309692,2.8558470777700755,1,5.6573667665510685
1694.9205734729767,2.850752593012931,1,5.660241606423384
1694.9986264705658,2.8405636234986424,1,5.665991286168014
1695.0754599571228,2.8558470777700755,1,5.6573667665510685
1695.1529576778412,2.868583289662933,1,5.650179666870283
1695.2303094863892,2.8532998353915,1,5.658804186487227
1695.3218040466309,2.8660360472843642,1,5.651617086806438
1695.399617433548,2.86094156252722,1,5.654491926678753
1695.4786005020142,2.850752593012931,1,5.660241606423384
1695.5578384399414,2.8558470777700755,1,5.6573667665510685
1695.6369490623474,2.8532998353915,1,5.658804186487227
1695.7142877578735,2.845658108255787,1,5.663116446295699
1695.7923893928528,2.8405636234986424,1,5.665991286168014
1695.8708868026733,2.850752593012931,1,5.660241606423384
1695.949594259262,2.850752593012931,1,5.660241606423384
1696.0281031131744,2.850752593012931,1,5.660241606423384
1696.1371083259583,2.8532998353915,1,5.658804186487227
1696.2239093780518,2.8558470777700755,1,5.6573667665510685
1696.307851076126,2.845658108255787,1,5.663116446295699
1696.3871216773987,2.8634888049057885,1,5.653054506742597
1696.4645137786865,2.8532998353915,1,5.658804186487227
1696.5443308353424,2.8532998353915,1,5.658804186487227
1696.6241879463196,2.8558470777700755,1,5.6573667665510685
1696.7010068893433,2.838016381120074,1,5.667428706104169
1696.7802329063416,2.850752593012931,1,5.660241606423384
1696.8593521118164,2.86094156252722,1,5.654491926678753
1696.9369959831238,2.86094156252722,1,5.654491926678753
1697.015308856964,2.843110865877218,1,5.664553866231854
1697.0929236412048,2.8634888049057885,1,5.653054506742597
1697.1860766410828,2.8482053506343554,1,5.661679026359543
1697.2630081176758,2.858394320148644,1,5.655929346614913
1697.341863155365,2.843110865877218,1,5.664553866231854
1697.4226377010345,2.8634888049057885,1,5.653054506742597
1697.5149929523468,2.843110865877218,1,5.664553866231854
1697.623913526535,2.8482053506343554,1,5.661679026359543
1697.701898097992,2.8558470777700755,1,5.6573667665510685
1697.781239748001,2.8405636234986424,1,5.665991286168014
1697.8586978912354,2.858394320148644,1,5.655929346614913
1697.9378476142883,2.86094156252722,1,5.654491926678753
1698.014172554016,2.843110865877218,1,5.664553866231854
1698.090741634369,2.86094156252722,1,5.654491926678753
1698.1696796417236,2.850752593012931,1,5.660241606423384
1698.2466578483582,2.835469138741498,1,5.668866126040329
1698.3402099609375,2.8482053506343554,1,5.661679026359543
1698.4182608127594,2.858394320148644,1,5.655929346614913
1698.4980642795563,2.858394320148644,1,5.655929346614913
1698.5916483402252,2.850752593012931,1,5.660241606423384
1698.6697900295258,2.8482053506343554,1,5.661679026359543
1698.7487843036652,2.86094156252722,1,5.654491926678753
1698.8261415958405,2.858394320148644,1,5.655929346614913
1698.9028475284576,2.845658108255787,1,5.663116446295699
1698.9826250076294,2.8482053506343554,1,5.661679026359543
1699.0924685001373,2.850752593012931,1,5.660241606423384
1699.1696410179138,2.868583289662933,1,5.650179666870283
1699.2456603050232,2.8482053506343554,1,5.661679026359543
1699.3230764865875,2.8660360472843642,1,5.651617086806438
1699.4028062820435,2.8532998353915,1,5.658804186487227
1699.4797008037567,2.8532998353915,1,5.658804186487227
1699.5569202899933,2.8558470777700755,1,5.6573667665510685
1699.634667634964,2.850752593012931,1,5.660241606423384
1699.7274191379547,2.8532998353915,1,5.658804186487227
1699.8051307201385,2.86094156252722,1,5.654491926678753
1699.884333372116,2.845658108255787,1,5.663116446295699
1699.9615333080292,2.858394320148644,1,5.655929346614913
1700.0385406017303,2.8532998353915,1,5.658804186487227
1700.1173980236053,2.8558470777700755,1,5.6573667665510685
1700.1948518753052,2.850752593012931,1,5.660241606423384
1700.2740783691406,2.86094156252722,1,5.654491926678753
1700.3519325256348,2.8532998353915,1,5.658804186487227
1700.4279894828796,2.8532998353915,1,5.658804186487227
1700.5066797733307,2.86094156252722,1,5.654491926678753
1700.6156079769135,2.868583289662933,1,5.650179666870283
1700.6925597190857,2.845658108255787,1,5.663116446295699
1700.7714838981628,2.850752593012931,1,5.660241606423384
1700.8619289398193,2.8634888049057885,1,5.653054506742597
1700.9406893253326,2.86094156252722,1,5.654491926678753
1701.0185995101929,2.873677774420077,1,5.647304826997967
1701.0959084033966,2.8558470777700755,1,5.6573667665510685
1701.1748762130737,2.8558470777700755,1,5.6573667665510685
1701.2527964115143,2.8660360472843642,1,5.651617086806438
1701.3308699131012,2.86094156252722,1,5.654491926678753
1701.423543214798,2.86094156252722,1,5.654491926678753
1701.5021243095398,2.86094156252722,1,5.654491926678753
1701.579971075058,2.845658108255787,1,5.663116446295699
1701.6586492061615,2.845658108255787,1,5.663116446295699
1701.7349989414215,2.858394320148644,1,5.655929346614913
1701.8130958080292,2.845658108255787,1,5.663116446295699
1701.8901417255402,2.850752593012931,1,5.660241606423384
1701.9719352722168,2.8711305320415086,1,5.648742246934123
1702.0773017406464,2.8482053506343554,1,5.661679026359543
1702.155469417572,2.868583289662933,1,5.650179666870283
1702.2333929538727,2.868583289662933,1,5.650179666870283
1702.325172662735,2.86094156252722,1,5.654491926678753
1702.4020340442657,2.873677774420077,1,5.647304826997967
1702.4959824085236,2.845658108255787,1,5.663116446295699
1702.5749623775482,2.845658108255787,1,5.663116446295699
1702.654138803482,2.8634888049057885,1,5.653054506742597
1702.7329857349396,2.858394320148644,1,5.655929346614913
1702.8116812705994,2.8532998353915,1,5.658804186487227
1702.890319108963,2.8532998353915,1,5.658804186487227
1702.9680001735687,2.868583289662933,1,5.650179666870283
1703.0459413528442,2.8482053506343554,1,5.661679026359543
1703.1226925849915,2.8558470777700755,1,5.6573667665510685
1703.2005264759064,2.86094156252722,1,5.654491926678753
1703.2786543369293,2.86094156252722,1,5.654491926678753
1703.3567638397217,2.843110865877218,1,5.664553866231854
1703.4350974559784,2.86094156252722,1,5.654491926678753
1703.5431470870972,2.845658108255787,1,5.663116446295699
1703.6215572357178,2.8660360472843642,1,5.651617086806438
1703.6981356143951,2.8711305320415086,1,5.648742246934123
1703.7762727737427,2.86094156252722,1,5.654491926678753
1703.8541276454926,2.8660360472843642,1,5.651617086806438
1703.931851387024,2.868583289662933,1,5.650179666870283
1704.0116803646088,2.858394320148644,1,5.655929346614913
1704.090544462204,2.858394320148644,1,5.655929346614913
1704.1674959659576,2.858394320148644,1,5.655929346614913
1704.2472536563873,2.858394320148644,1,5.655929346614913
1704.356865644455,2.8405636234986424,1,5.665991286168014
1704.4327507019043,2.8711305320415086,1,5.648742246934123
1704.5255098342896,2.8558470777700755,1,5.6573667665510685
1704.603496313095,2.8634888049057885,1,5.653054506742597
1704.6812899112701,2.8634888049057885,1,5.653054506742597
1704.7722926139832,2.8634888049057885,1,5.653054506742597
1704.8491535186768,2.858394320148644,1,5.655929346614913
1704.9291126728058,2.86094156252722,1,5.654491926678753
1705.0399370193481,2.8660360472843642,1,5.651617086806438
1705.1178224086761,2.868583289662933,1,5.650179666870283
1705.1968502998352,2.868583289662933,1,5.650179666870283
1705.2762424945831,2.86094156252722,1,5.654491926678753
1705.3533964157104,2.86094156252722,1,5.654491926678753
1705.430617570877,2.868583289662933,1,5.650179666870283
1705.509202003479,2.845658108255787,1,5.663116446295699
1705.586364030838,2.86094156252722,1,5.654491926678753
1705.6661925315857,2.86094156252722,1,5.654491926678753
1705.7438929080963,2.8558470777700755,1,5.6573667665510685
1705.820719242096,2.868583289662933,1,5.650179666870283
1705.8965566158295,2.8482053506343554,1,5.661679026359543
1705.9745543003082,2.858394320148644,1,5.655929346614913
1706.05086684227,2.8711305320415086,1,5.648742246934123
1706.1287236213684,2.858394320148644,1,5.655929346614913
1706.2067799568176,2.858394320148644,1,5.655929346614913
1706.2837493419647,2.8711305320415086,1,5.648742246934123
1706.3625917434692,2.8634888049057885,1,5.653054506742597
1706.4406909942627,2.86094156252722,1,5.654491926678753
1706.547355890274,2.858394320148644,1,5.655929346614913
1706.6263661384583,2.8711305320415086,1,5.648742246934123
1706.7049975395203,2.8660360472843642,1,5.651617086806438
1706.7829473018646,2.868583289662933,1,5.650179666870283
1706.8627660274506,2.8634888049057885,1,5.653054506742597
1706.9416687488556,2.8558470777700755,1,5.6573667665510685
1707.0202782154083,2.86094156252722,1,5.654491926678753
1707.1001482009888,2.868583289662933,1,5.650179666870283
1707.1788821220398,2.868583289662933,1,5.650179666870283
1707.2578547000885,2.8711305320415086,1,5.648742246934123
1707.335938692093,2.873677774420077,1,5.647304826997967
1707.4139273166656,2.876225016798646,1,5.645867407061812
1707.4928760528564,2.868583289662933,1,5.650179666870283
1707.571055173874,2.850752593012931,1,5.660241606423384
1707.649111032486,2.8787722591772216,1,5.644429987125653
1707.7259669303894,2.850752593012931,1,5.660241606423384
1707.8197374343872,2.86094156252722,1,5.654491926678753
1707.8954455852509,2.86094156252722,1,5.654491926678753
1708.004142999649,2.876225016798646,1,5.645867407061812
1708.0801429748535,2.868583289662933,1,5.650179666870283
1708.1562328338623,2.868583289662933,1,5.650179666870283
1708.2351214885712,2.883866743934366,1,5.641555147253337
1708.3140087127686,2.8711305320415086,1,5.648742246934123
1708.3918793201447,2.8660360472843642,1,5.651617086806438
1708.4710829257965,2.8634888049057885,1,5.653054506742597
1708.5503814220428,2.88131950155579,1,5.642992567189497
1708.6278507709503,2.8634888049057885,1,5.653054506742597
1708.7071311473846,2.86094156252722,1,5.654491926678753
1708.7868945598602,2.8711305320415086,1,5.648742246934123
1708.8798377513885,2.868583289662933,1,5.650179666870283
1708.9565818309784,2.868583289662933,1,5.650179666870283
1709.034384727478,2.88131950155579,1,5.642992567189497
1709.1106884479523,2.8711305320415086,1,5.648742246934123
1709.1905419826508,2.8634888049057885,1,5.653054506742597
1709.2686262130737,2.8711305320415086,1,5.648742246934123
1709.3463368415833,2.8634888049057885,1,5.653054506742597
1709.4542863368988,2.873677774420077,1,5.647304826997967
1709.5323176383972,2.8787722591772216,1,5.644429987125653
1709.6106624603271,2.883866743934366,1,5.641555147253337
1709.6896250247955,2.8634888049057885,1,5.653054506742597
1709.766508102417,2.8711305320415086,1,5.648742246934123
1709.8422904014587,2.868583289662933,1,5.650179666870283
1709.9221098423004,2.8711305320415086,1,5.648742246934123
1710.0160977840424,2.876225016798646,1,5.645867407061812
1710.0945360660553,2.883866743934366,1,5.641555147253337
1710.1734540462494,2.868583289662933,1,5.650179666870283
1710.25150847435,2.873677774420077,1,5.647304826997967
1710.328563451767,2.876225016798646,1,5.645867407061812
1710.4065997600555,2.876225016798646,1,5.645867407061812
1710.483648300171,2.8634888049057885,1,5.653054506742597
1710.563140630722,2.876225016798646,1,5.645867407061812
1710.6407039165497,2.858394320148644,1,5.655929346614913
1710.7171971797943,2.868583289662933,1,5.650179666870283
1710.795061826706,2.8660360472843642,1,5.651617086806438
1710.9057676792145,2.8660360472843642,1,5.651617086806438
1710.9818308353424,2.883866743934366,1,5.641555147253337
1711.0608866214752,2.8660360472843642,1,5.651617086806438
1711.1551196575165,2.8558470777700755,1,5.6573667665510685
1711.2330257892609,2.8660360472843642,1,5.651617086806438
1711.3121500015259,2.8634888049057885,1,5.653054506742597
1711.3895328044891,2.868583289662933,1,5.650179666870283
1711.4656646251678,2.88131950155579,1,5.642992567189497
1711.5449113845825,2.8660360472843642,1,5.651617086806438
1711.62446641922,2.873677774420077,1,5.647304826997967
1711.7018020153046,2.868583289662933,1,5.650179666870283
1711.7806363105774,2.873677774420077,1,5.647304826997967
1711.8907115459442,2.8711305320415086,1,5.648742246934123
1711.985558271408,2.873677774420077,1,5.647304826997967
1712.0634377002716,2.868583289662933,1,5.650179666870283
1712.1547198295593,2.868583289662933,1,5.650179666870283
1712.2322154045105,2.8711305320415086,1,5.648742246934123
1712.3106935024261,2.876225016798646,1,5.645867407061812
1712.3870141506195,2.858394320148644,1,5.655929346614913
1712.4961462020874,2.8711305320415086,1,5.648742246934123
1712.573982000351,2.8532998353915,1,5.658804186487227
1712.6510813236237,2.8711305320415086,1,5.648742246934123
1712.729135274887,2.8711305320415086,1,5.648742246934123
1712.8075630664825,2.868583289662933,1,5.650179666870283
1712.8860898017883,2.86094156252722,1,5.654491926678753
1712.9641444683075,2.88131950155579,1,5.642992567189497
1713.0410232543945,2.868583289662933,1,5.650179666870283
1713.119134902954,2.858394320148644,1,5.655929346614913
1713.1969764232635,2.868583289662933,1,5.650179666870283
1713.276026725769,2.868583289662933,1,5.650179666870283
1713.3528063297272,2.86094156252722,1,5.654491926678753
1713.4483799934387,2.86094156252722,1,5.654491926678753
1713.524002790451,2.8558470777700755,1,5.6573667665510685
1713.602972984314,2.8660360472843642,1,5.651617086806438
1713.6822113990784,2.858394320148644,1,5.655929346614913
1713.759047985077,2.8660360472843642,1,5.651617086806438
1713.8362436294556,2.86094156252722,1,5.654491926678753
1713.945543050766,2.8711305320415086,1,5.648742246934123
1714.0217955112457,2.8711305320415086,1,5.648742246934123
1714.1009702682495,2.8711305320415086,1,5.648742246934123
1714.1808483600616,2.8864139863129346,1,5.640117727317182
1714.2578392028809,2.868583289662933,1,5.650179666870283
1714.3357589244843,2.8787722591772216,1,5.644429987125653
1714.4147164821625,2.88131950155579,1,5.642992567189497
1714.4910962581635,2.883866743934366,1,5.641555147253337
1714.5850141048431,2.8660360472843642,1,5.651617086806438
1714.6647591590881,2.873677774420077,1,5.647304826997967
1714.7425208091736,2.8660360472843642,1,5.651617086806438
1714.8219857215881,2.8711305320415086,1,5.648742246934123
1714.9012796878815,2.868583289662933,1,5.650179666870283
1714.9781062602997,2.88131950155579,1,5.642992567189497
1715.0560944080353,2.873677774420077,1,5.647304826997967
1715.1350140571594,2.8711305320415086,1,5.648742246934123
1715.2117233276367,2.883866743934366,1,5.641555147253337
1715.2898511886597,2.8787722591772216,1,5.644429987125653
1715.3965818881989,2.8864139863129346,1,5.640117727317182
1715.4765770435333,2.873677774420077,1,5.647304826997967
1715.5538470745087,2.868583289662933,1,5.650179666870283
1715.6316180229187,2.8864139863129346,1,5.640117727317182
1715.710410118103,2.8634888049057885,1,5.653054506742597
1715.7875792980194,2.858394320148644,1,5.655929346614913
1715.8639476299286,2.8787722591772216,1,5.644429987125653
1715.9410417079926,2.8634888049057885,1,5.653054506742597
1716.0206050872803,2.8532998353915,1,5.658804186487227
1716.096659898758,2.86094156252722,1,5.654491926678753
1716.174987077713,2.868583289662933,1,5.650179666870283
1716.25302195549,2.858394320148644,1,5.655929346614913
1716.328738451004,2.868583289662933,1,5.650179666870283
1716.4057557582855,2.850752593012931,1,5.660241606423384
1716.4839017391205,2.8634888049057885,1,5.653054506742597
1716.560785293579,2.8660360472843642,1,5.651617086806438
1716.6386919021606,2.86094156252722,1,5.654491926678753
1716.7170028686523,2.8711305320415086,1,5.648742246934123
1716.8255896568298,2.868583289662933,1,5.650179666870283
1716.9038262367249,2.868583289662933,1,5.650179666870283
1716.981681585312,2.8634888049057885,1,5.653054506742597
1717.0579414367676,2.8889612286915103,1,5.638680307381023
1717.137853860855,2.8532998353915,1,5.658804186487227
1717.217685699463,2.8532998353915,1,5.658804186487227
1717.294884443283,2.873677774420077,1,5.647304826997967
1717.374675989151,2.88131950155579,1,5.642992567189497
1717.4537198543549,2.8660360472843642,1,5.651617086806438
1717.529542684555,2.8787722591772216,1,5.644429987125653
1717.608102798462,2.8787722591772216,1,5.644429987125653
1717.6856327056885,2.86094156252722,1,5.654491926678753
1717.7619349956512,2.8787722591772216,1,5.644429987125653
1717.8387894630432,2.8634888049057885,1,5.653054506742597
1717.9185831546783,2.876225016798646,1,5.645867407061812
1717.9966168403625,2.876225016798646,1,5.645867407061812
1718.0758006572723,2.8889612286915103,1,5.638680307381023
1718.1519875526428,2.858394320148644,1,5.655929346614913
1718.2294299602509,2.8864139863129346,1,5.640117727317182
1718.339002609253,2.86094156252722,1,5.654491926678753
1718.4179475307465,2.8634888049057885,1,5.653054506742597
1718.4971692562103,2.868583289662933,1,5.650179666870283
1718.575033903122,2.88131950155579,1,5.642992567189497
1718.6520688533783,2.8711305320415086,1,5.648742246934123
1718.7292168140411,2.8787722591772216,1,5.644429987125653
1718.8219683170319,2.8660360472843642,1,5.651617086806438
1718.8997597694397,2.88131950155579,1,5.642992567189497
1718.9940214157104,2.8864139863129346,1,5.640117727317182
1719.0732336044312,2.868583289662933,1,5.650179666870283
1719.149156332016,2.88131950155579,1,5.642992567189497
1719.2270991802216,2.8787722591772216,1,5.644429987125653
1719.3059794902802,2.8711305320415086,1,5.648742246934123
1719.3829410076141,2.88131950155579,1,5.642992567189497
1719.4619517326355,2.88131950155579,1,5.642992567189497
1719.5410478115082,2.8787722591772216,1,5.644429987125653
1719.6179132461548,2.868583289662933,1,5.650179666870283
1719.69660282135,2.8787722591772216,1,5.644429987125653
1719.807610988617,2.876225016798646,1,5.645867407061812
1719.8861780166626,2.8660360472843642,1,5.651617086806438
1719.9786109924316,2.891508471070079,1,5.637242887444867
1720.0564301013947,2.8711305320415086,1,5.648742246934123
1720.1341798305511,2.868583289662933,1,5.650179666870283
1720.2122945785522,2.876225016798646,1,5.645867407061812
1720.304081439972,2.8634888049057885,1,5.653054506742597
1720.3819000720978,2.8787722591772216,1,5.644429987125653
1720.461062669754,2.883866743934366,1,5.641555147253337
1720.5369009971619,2.86094156252722,1,5.654491926678753
1720.6139466762543,2.876225016798646,1,5.645867407061812
1720.6898531913757,2.8711305320415086,1,5.648742246934123
1720.766684293747,2.8889612286915103,1,5.638680307381023
1720.8436398506165,2.8660360472843642,1,5.651617086806438
1720.9215619564056,2.876225016798646,1,5.645867407061812
1721.0004560947418,2.8787722591772216,1,5.644429987125653
1721.0764904022217,2.883866743934366,1,5.641555147253337
1721.1542735099792,2.8711305320415086,1,5.648742246934123
1721.264018535614,2.8660360472843642,1,5.651617086806438
1721.3417692184448,2.873677774420077,1,5.647304826997967
1721.4216814041138,2.88131950155579,1,5.642992567189497
1721.499641418457,2.8634888049057885,1,5.653054506742597
1721.5795023441315,2.873677774420077,1,5.647304826997967
1721.659364938736,2.88131950155579,1,5.642992567189497
1721.7362461090088,2.8634888049057885,1,5.653054506742597
1721.8154742717743,2.8711305320415086,1,5.648742246934123
1721.893750667572,2.8864139863129346,1,5.640117727317182
1721.9706292152405,2.8634888049057885,1,5.653054506742597
1722.0494236946106,2.868583289662933,1,5.650179666870283
1722.1264672279358,2.8864139863129346,1,5.640117727317182
1722.2018582820892,2.8711305320415086,1,5.648742246934123
1722.2801189422607,2.868583289662933,1,5.650179666870283
1722.3601019382477,2.8787722591772216,1,5.644429987125653
1722.4376709461212,2.868583289662933,1,5.650179666870283
1722.517555475235,2.868583289662933,1,5.650179666870283
1722.6093978881836,2.8634888049057885,1,5.653054506742597
1722.7181556224823,2.876225016798646,1,5.645867407061812
1722.7959897518158,2.8660360472843642,1,5.651617086806438
1722.874386548996,2.876225016798646,1,5.645867407061812
1722.9516904354095,2.8660360472843642,1,5.651617086806438
1723.0293548107147,2.88131950155579,1,5.642992567189497
1723.1066262722015,2.876225016798646,1,5.645867407061812
1723.1848978996277,2.873677774420077,1,5.647304826997967
1723.261813402176,2.8864139863129346,1,5.640117727317182
1723.3409564495087,2.876225016798646,1,5.645867407061812
1723.4191014766693,2.868583289662933,1,5.650179666870283
1723.4979639053345,2.8634888049057885,1,5.653054506742597
1723.576061964035,2.883866743934366,1,5.641555147253337
1723.6547338962555,2.876225016798646,1,5.645867407061812
1723.7493152618408,2.8660360472843642,1,5.651617086806438
1723.8271219730377,2.873677774420077,1,5.647304826997967
1723.9029159545898,2.873677774420077,1,5.647304826997967
1723.9807319641113,2.8711305320415086,1,5.648742246934123
1724.0588328838348,2.8864139863129346,1,5.640117727317182
1724.138595342636,2.8634888049057885,1,5.653054506742597
1724.2492997646332,2.876225016798646,1,5.645867407061812
1724.3402307033539,2.876225016798646,1,5.645867407061812
1724.4190545082092,2.873677774420077,1,5.647304826997967
1724.5137662887573,2.883866743934366,1,5.641555147253337
1724.5918979644775,2.8787722591772216,1,5.644429987125653
1724.6698668003082,2.876225016798646,1,5.645867407061812
1724.7469964027405,2.88131950155579,1,5.642992567189497
1724.8417963981628,2.883866743934366,1,5.641555147253337
1724.9337816238403,2.873677774420077,1,5.647304826997967
1725.026516199112,2.9016974405843676,1,5.631493207700236
1725.106188774109,2.891508471070079,1,5.637242887444867
1725.1859755516052,2.8864139863129346,1,5.640117727317182
1725.2797284126282,2.8787722591772216,1,5.644429987125653
1725.357685804367,2.8787722591772216,1,5.644429987125653
1725.435290336609,2.873677774420077,1,5.647304826997967
1725.5265016555786,2.891508471070079,1,5.637242887444867
1725.6063439846039,2.873677774420077,1,5.647304826997967
1725.685166835785,2.8711305320415086,1,5.648742246934123
1725.81081199646,2.8787722591772216,1,5.644429987125653
1725.8896527290344,2.8787722591772216,1,5.644429987125653
1725.9821078777313,2.8787722591772216,1,5.644429987125653
1726.0750126838684,2.8966029558272233,1,5.6343680475725515
1726.1516711711884,2.8711305320415086,1,5.648742246934123
1726.2296710014343,2.891508471070079,1,5.637242887444867
1726.3063161373138,2.891508471070079,1,5.637242887444867
1726.383623600006,2.876225016798646,1,5.645867407061812
1726.476557970047,2.8966029558272233,1,5.6343680475725515
1726.5698158740997,2.88131950155579,1,5.642992567189497
1726.6468172073364,2.8889612286915103,1,5.638680307381023
1726.7267282009125,2.891508471070079,1,5.637242887444867
1726.8057498931885,2.8864139863129346,1,5.640117727317182
1726.88178896904,2.868583289662933,1,5.650179666870283
1726.961713552475,2.891508471070079,1,5.637242887444867
1727.0405263900757,2.88131950155579,1,5.642992567189497
1727.1183505058289,2.876225016798646,1,5.645867407061812
1727.2135837078094,2.868583289662933,1,5.650179666870283
1727.322954416275,2.88131950155579,1,5.642992567189497
1727.4008028507233,2.8787722591772216,1,5.644429987125653
1727.4807605743408,2.88131950155579,1,5.642992567189497
1727.55957198143,2.891508471070079,1,5.637242887444867
1727.6359024047852,2.88131950155579,1,5.642992567189497
1727.7156898975372,2.873677774420077,1,5.647304826997967
1727.7948784828186,2.88131950155579,1,5.642992567189497
1727.873831987381,2.873677774420077,1,5.647304826997967
1727.9536092281342,2.88131950155579,1,5.642992567189497
1728.0329189300537,2.86094156252722,1,5.654491926678753
1728.1089868545532,2.883866743934366,1,5.641555147253337
1728.188925743103,2.8864139863129346,1,5.640117727317182
1728.2806951999664,2.8787722591772216,1,5.644429987125653
1728.3757164478302,2.8889612286915103,1,5.638680307381023
1728.4529349803925,2.8787722591772216,1,5.644429987125653
1728.5306930541992,2.8711305320415086,1,5.648742246934123
1728.6096861362457,2.8864139863129346,1,5.640117727317182
1728.6860468387604,2.876225016798646,1,5.645867407061812
1728.793913602829,2.876225016798646,1,5.645867407061812
1728.8712663650513,2.8966029558272233,1,5.6343680475725515
1728.950252532959,2.883866743934366,1,5.641555147253337
1729.0270988941193,2.891508471070079,1,5.637242887444867
1729.1069016456604,2.8787722591772216,1,5.644429987125653
1729.2007100582123,2.883866743934366,1,5.641555147253337
1729.2772390842438,2.8940557134486546,1,5.635805467508707
1729.3570861816406,2.8889612286915103,1,5.638680307381023
1729.433830022812,2.8787722591772216,1,5.644429987125653
1729.5279669761658,2.8864139863129346,1,5.640117727317182
1729.6066584587097,2.88131950155579,1,5.642992567189497
1729.6826968193054,2.876225016798646,1,5.645867407061812
1729.759964466095,2.883866743934366,1,5.641555147253337
1729.838793516159,2.8864139863129346,1,5.640117727317182
1729.9168829917908,2.883866743934366,1,5.641555147253337
1729.9941799640656,2.8787722591772216,1,5.644429987125653
1730.0739500522614,2.883866743934366,1,5.641555147253337
1730.151918888092,2.8864139863129346,1,5.640117727317182
1730.2311172485352,2.883866743934366,1,5.641555147253337
1730.340876340866,2.8940557134486546,1,5.635805467508707
1730.4178953170776,2.883866743934366,1,5.641555147253337
1730.4978442192078,2.8940557134486546,1,5.635805467508707
1730.5917901992798,2.8966029558272233,1,5.6343680475725515
1730.6691098213196,2.8864139863129346,1,5.640117727317182
1730.7474384307861,2.891508471070079,1,5.637242887444867
1730.825305223465,2.8966029558272233,1,5.6343680475725515
1730.9018182754517,2.891508471070079,1,5.637242887444867
1730.9792947769165,2.891508471070079,1,5.637242887444867
1731.056564092636,2.88131950155579,1,5.642992567189497
1731.133512020111,2.88131950155579,1,5.642992567189497
1731.2124428749084,2.891508471070079,1,5.637242887444867
1731.2923176288605,2.9016974405843676,1,5.631493207700236
1731.3693149089813,2.899150198205799,1,5.632930627636393
1731.4471578598022,2.8787722591772216,1,5.644429987125653
1731.5248482227325,2.8889612286915103,1,5.638680307381023
1731.602787733078,2.899150198205799,1,5.632930627636393
1731.6953961849213,2.8864139863129346,1,5.640117727317182
1731.818410396576,2.8966029558272233,1,5.6343680475725515
1731.895572900772,2.883866743934366,1,5.641555147253337
1731.9749581813812,2.8889612286915103,1,5.638680307381023
1732.0528557300568,2.8966029558272233,1,5.6343680475725515
1732.1327974796295,2.883866743934366,1,5.641555147253337
1732.2115967273712,2.8711305320415086,1,5.648742246934123
1732.3037221431732,2.883866743934366,1,5.641555147253337
1732.3813016414642,2.8864139863129346,1,5.640117727317182
1732.458190202713,2.891508471070079,1,5.637242887444867
1732.5358018875122,2.88131950155579,1,5.642992567189497
1732.6129565238953,2.8787722591772216,1,5.644429987125653
1732.6928732395172,2.88131950155579,1,5.642992567189497
1732.7694458961487,2.891508471070079,1,5.637242887444867
1732.862869501114,2.891508471070079,1,5.637242887444867
1732.939127445221,2.899150198205799,1,5.632930627636393
1733.015941143036,2.891508471070079,1,5.637242887444867
1733.0948827266693,2.88131950155579,1,5.642992567189497
1733.1718430519104,2.899150198205799,1,5.632930627636393
1733.2807388305664,2.8864139863129346,1,5.640117727317182
1733.3592715263367,2.8940557134486546,1,5.635805467508707
1733.4359827041626,2.9016974405843676,1,5.631493207700236
1733.514895439148,2.8787722591772216,1,5.644429987125653
1733.5939028263092,2.9016974405843676,1,5.631493207700236
1733.6697359085083,2.8864139863129346,1,5.640117727317182
1733.7474944591522,2.88131950155579,1,5.642992567189497
1733.8250625133514,2.9016974405843676,1,5.631493207700236
1733.9016966819763,2.8966029558272233,1,5.6343680475725515
1733.9804899692535,2.8787722591772216,1,5.644429987125653
1734.074548959732,2.8966029558272233,1,5.6343680475725515
1734.1515367031097,2.8940557134486546,1,5.635805467508707
1734.2285404205322,2.8864139863129346,1,5.640117727317182
1734.3058352470398,2.9016974405843676,1,5.631493207700236
1734.3829782009125,2.8864139863129346,1,5.640117727317182
1734.4622917175293,2.891508471070079,1,5.637242887444867
1734.5391910076141,2.9016974405843676,1,5.631493207700236
1734.6148900985718,2.883866743934366,1,5.641555147253337
1734.726809501648,2.8889612286915103,1,5.638680307381023
1734.8057253360748,2.9042446829629363,1,5.630055787764081
1734.883906841278,2.9016974405843676,1,5.631493207700236
1734.9629874229431,2.8940557134486546,1,5.635805467508707
1735.0409882068634,2.8966029558272233,1,5.6343680475725515
1735.1356897354126,2.8940557134486546,1,5.635805467508707
1735.2135179042816,2.88131950155579,1,5.642992567189497
1735.2913386821747,2.8940557134486546,1,5.635805467508707
1735.3695557117462,2.891508471070079,1,5.637242887444867
1735.4489204883575,2.883866743934366,1,5.641555147253337
1735.5270524024963,2.88131950155579,1,5.642992567189497
1735.6062672138214,2.8940557134486546,1,5.635805467508707
1735.6856689453125,2.899150198205799,1,5.632930627636393
1735.7638862133026,2.876225016798646,1,5.645867407061812
1735.843632221222,2.8787722591772216,1,5.644429987125653
1735.9229502677917,2.8889612286915103,1,5.638680307381023
1735.999925851822,2.8966029558272233,1,5.6343680475725515
1736.0782136917114,2.876225016798646,1,5.645867407061812
1736.1576929092407,2.8966029558272233,1,5.6343680475725515
1736.2657089233398,2.8889612286915103,1,5.638680307381023
1736.3443267345428,2.88131950155579,1,5.642992567189497
1736.421166419983,2.8940557134486546,1,5.635805467508707
1736.4980447292328,2.88131950155579,1,5.642992567189497
1736.5750749111176,2.8864139863129346,1,5.640117727317182
1736.6685268878937,2.883866743934366,1,5.641555147253337
1736.7603466510773,2.8864139863129346,1,5.640117727317182
1736.8392617702484,2.891508471070079,1,5.637242887444867
1736.9170649051666,2.8889612286915103,1,5.638680307381023
1737.009032011032,2.8889612286915103,1,5.638680307381023
1737.087800502777,2.8966029558272233,1,5.6343680475725515
1737.1649861335754,2.8940557134486546,1,5.635805467508707
1737.24400806427,2.883866743934366,1,5.641555147253337
1737.322373867035,2.899150198205799,1,5.632930627636393
1737.4156646728516,2.9118864100986563,1,5.625743527955606
1737.4935054779053,2.8889612286915103,1,5.638680307381023
1737.5705251693726,2.9016974405843676,1,5.631493207700236
1737.6477682590485,2.8864139863129346,1,5.640117727317182
1737.7587990760803,2.899150198205799,1,5.632930627636393
1737.836609840393,2.9093391677200806,1,5.627180947891766
1737.9139494895935,2.8889612286915103,1,5.638680307381023
1737.9929156303406,2.891508471070079,1,5.637242887444867
1738.0695242881775,2.8966029558272233,1,5.6343680475725515
1738.1466443538666,2.88131950155579,1,5.642992567189497
1738.2256331443787,2.8864139863129346,1,5.640117727317182
1738.304481267929,2.914433652477225,1,5.624306108019451
1738.3810186386108,2.899150198205799,1,5.632930627636393
1738.4730179309845,2.8889612286915103,1,5.638680307381023
1738.551484823227,2.9016974405843676,1,5.631493207700236
1738.6276128292084,2.891508471070079,1,5.637242887444867
1738.7061100006104,2.9016974405843676,1,5.631493207700236
1738.7837936878204,2.891508471070079,1,5.637242887444867
1738.8606522083282,2.883866743934366,1,5.641555147253337
1738.9389038085938,2.9016974405843676,1,5.631493207700236
1739.0305943489075,2.9016974405843676,1,5.631493207700236
1739.1097393035889,2.891508471070079,1,5.637242887444867
1739.2194883823395,2.9169808948558007,1,5.622868688083291
1739.2969048023224,2.8940557134486546,1,5.635805467508707
1739.3759548664093,2.9016974405843676,1,5.631493207700236
1739.4519608020782,2.8966029558272233,1,5.6343680475725515
1739.529094696045,2.9042446829629363,1,5.630055787764081
1739.6079468727112,2.891508471070079,1,5.637242887444867
1739.70165681839,2.914433652477225,1,5.624306108019451
1739.780021905899,2.88131950155579,1,5.642992567189497
1739.8741645812988,2.8940557134486546,1,5.635805467508707
1739.9529056549072,2.906791925341512,1,5.628618367827921
1740.0300619602203,2.9042446829629363,1,5.630055787764081
1740.109926700592,2.8940557134486546,1,5.635805467508707
1740.186791419983,2.8940557134486546,1,5.635805467508707
1740.2650887966156,2.9016974405843676,1,5.631493207700236
1740.3442332744598,2.891508471070079,1,5.637242887444867
1740.4211595058441,2.9016974405843676,1,5.631493207700236
1740.4991085529327,2.9016974405843676,1,5.631493207700236
1740.5759632587433,2.8889612286915103,1,5.638680307381023
1740.6847512722015,2.9093391677200806,1,5.627180947891766
1740.763727426529,2.8966029558272233,1,5.6343680475725515
1740.8574447631836,2.8966029558272233,1,5.6343680475725515
1740.9339833259583,2.9016974405843676,1,5.631493207700236
1741.0129444599152,2.891508471070079,1,5.637242887444867
1741.090847492218,2.899150198205799,1,5.632930627636393
1741.1667478084564,2.9042446829629363,1,5.630055787764081
1741.245198726654,2.88131950155579,1,5.642992567189497
1741.3241221904755,2.899150198205799,1,5.632930627636393
1741.4021017551422,2.9016974405843676,1,5.631493207700236
1741.478453874588,2.88131950155579,1,5.642992567189497
1741.5553176403046,2.8966029558272233,1,5.6343680475725515
1741.633900642395,2.9118864100986563,1,5.625743527955606
1741.7133734226227,2.9042446829629363,1,5.630055787764081
1741.7932455539703,2.899150198205799,1,5.632930627636393
1741.8704512119293,2.9042446829629363,1,5.630055787764081
1741.9502592086792,2.9195281372343693,1,5.621431268147136
1742.043673992157,2.9016974405843676,1,5.631493207700236
1742.119636297226,2.906791925341512,1,5.628618367827921
1742.2287247180939,2.88131950155579,1,5.642992567189497
1742.3065218925476,2.8966029558272233,1,5.6343680475725515
1742.3862521648407,2.86094156252722,1,5.654491926678753
1742.466136932373,2.9042446829629363,1,5.630055787764081
1742.5419821739197,2.8940557134486546,1,5.635805467508707
1742.621225118637,2.9016974405843676,1,5.631493207700236
1742.6991429328918,2.9169808948558007,1,5.622868688083291
1742.7760434150696,2.8940557134486546,1,5.635805467508707
1742.8544194698334,2.8966029558272233,1,5.6343680475725515
1742.9324445724487,2.9118864100986563,1,5.625743527955606
1743.0102925300598,2.8864139863129346,1,5.640117727317182
1743.0900802612305,2.8864139863129346,1,5.640117727317182
1743.1698050498962,2.9016974405843676,1,5.631493207700236
1743.245817899704,2.906791925341512,1,5.628618367827921
1743.3236765861511,2.8966029558272233,1,5.6343680475725515
1743.4028189182281,2.922075379612945,1,5.619993848210976
1743.4806139469147,2.9093391677200806,1,5.627180947891766
1743.5581929683685,2.899150198205799,1,5.632930627636393
1743.6697204113007,2.914433652477225,1,5.624306108019451
1743.7476456165314,2.9195281372343693,1,5.621431268147136
1743.8269679546356,2.8966029558272233,1,5.6343680475725515
1743.905874967575,2.9016974405843676,1,5.631493207700236
1743.983627796173,2.8966029558272233,1,5.6343680475725515
1744.0628712177277,2.9042446829629363,1,5.630055787764081
1744.1407222747803,2.8966029558272233,1,5.6343680475725515
1744.217203617096,2.8940557134486546,1,5.635805467508707
1744.2970967292786,2.906791925341512,1,5.628618367827921
1744.376852273941,2.9016974405843676,1,5.631493207700236
1744.4547214508057,2.9016974405843676,1,5.631493207700236
1744.5329518318176,2.906791925341512,1,5.628618367827921
1744.6114525794983,2.8966029558272233,1,5.6343680475725515
1744.689124584198,2.9042446829629363,1,5.630055787764081
1744.7668817043304,2.9016974405843676,1,5.631493207700236
1744.8442101478577,2.9016974405843676,1,5.631493207700236
1744.920978307724,2.9118864100986563,1,5.625743527955606
1745.0000154972076,2.8787722591772216,1,5.644429987125653
1745.1080026626587,2.899150198205799,1,5.632930627636393
1745.201631307602,2.914433652477225,1,5.624306108019451
1745.2805061340332,2.906791925341512,1,5.628618367827921
1745.3690602779388,2.9042446829629363,1,5.630055787764081
1745.4691414833069,2.9093391677200806,1,5.627180947891766
1745.5469689369202,2.9093391677200806,1,5.627180947891766
1745.6233191490173,2.891508471070079,1,5.637242887444867
1745.7031304836273,2.906791925341512,1,5.628618367827921
1745.781016588211,2.906791925341512,1,5.628618367827921
1745.858089208603,2.9042446829629363,1,5.630055787764081
1745.934847831726,2.9246226219915137,1,5.618556428274821
1746.013905286789,2.9118864100986563,1,5.625743527955606
1746.0908117294312,2.899150198205799,1,5.632930627636393
1746.16695022583,2.906791925341512,1,5.628618367827921
1746.2439572811127,2.899150198205799,1,5.632930627636393
1746.3200142383575,2.9118864100986563,1,5.625743527955606
1746.39994430542,2.914433652477225,1,5.624306108019451
1746.4776430130005,2.906791925341512,1,5.628618367827921
1746.584123134613,2.9169808948558007,1,5.622868688083291
1746.6607766151428,2.891508471070079,1,5.637242887444867
1746.7405560016632,2.8940557134486546,1,5.635805467508707
1746.8179178237915,2.9093391677200806,1,5.627180947891766
1746.8977415561676,2.906791925341512,1,5.628618367827921
1746.9764597415924,2.8889612286915103,1,5.638680307381023
1747.053949356079,2.8966029558272233,1,5.6343680475725515
1747.1327557563782,2.899150198205799,1,5.632930627636393
1747.2120673656464,2.914433652477225,1,5.624306108019451
1747.2899899482727,2.8864139863129346,1,5.640117727317182
1747.369891166687,2.9042446829629363,1,5.630055787764081
1747.448703289032,2.9016974405843676,1,5.631493207700236
1747.5267856121063,2.899150198205799,1,5.632930627636393
1747.6067011356354,2.9016974405843676,1,5.631493207700236
1747.7000422477722,2.9093391677200806,1,5.627180947891766
1747.7926828861237,2.899150198205799,1,5.632930627636393
1747.8710913658142,2.9093391677200806,1,5.627180947891766
1747.9488937854767,2.9195281372343693,1,5.621431268147136
1748.0289697647095,2.922075379612945,1,5.619993848210976
1748.1407549381256,2.8940557134486546,1,5.635805467508707
1748.2187774181366,2.9169808948558007,1,5.622868688083291
1748.2965531349182,2.906791925341512,1,5.628618367827921
1748.3754358291626,2.9016974405843676,1,5.631493207700236
1748.453788280487,2.9016974405843676,1,5.631493207700236
1748.5315556526184,2.9246226219915137,1,5.618556428274821
1748.6115334033966,2.906791925341512,1,5.628618367827921
1748.6896936893463,2.8966029558272233,1,5.6343680475725515
1748.76757478714,2.9195281372343693,1,5.621431268147136
1748.845680475235,2.9042446829629363,1,5.630055787764081
1748.924518585205,2.906791925341512,1,5.628618367827921
1749.0026807785034,2.9118864100986563,1,5.625743527955606
1749.0776586532593,2.9042446829629363,1,5.630055787764081
1749.1575067043304,2.9016974405843676,1,5.631493207700236
1749.2334952354431,2.9169808948558007,1,5.622868688083291
1749.3092484474182,2.8966029558272233,1,5.6343680475725515
1749.3888261318207,2.899150198205799,1,5.632930627636393
1749.4648084640503,2.922075379612945,1,5.619993848210976
1749.575561761856,2.906791925341512,1,5.628618367827921
1749.653268814087,2.9195281372343693,1,5.621431268147136
1749.7319340705872,2.914433652477225,1,5.624306108019451
1749.8111064434052,2.9195281372343693,1,5.621431268147136
1749.8887205123901,2.9093391677200806,1,5.627180947891766
1749.9844181537628,2.9042446829629363,1,5.630055787764081
1750.0642085075378,2.922075379612945,1,5.619993848210976
1750.140885591507,2.9016974405843676,1,5.631493207700236
1750.2197868824005,2.9016974405843676,1,5.631493207700236
1750.29727435112,2.9093391677200806,1,5.627180947891766
1750.373999595642,2.906791925341512,1,5.628618367827921
1750.4519143104553,2.9118864100986563,1,5.625743527955606
1750.531055688858,2.914433652477225,1,5.624306108019451
1750.6088798046112,2.899150198205799,1,5.632930627636393
1750.6859467029572,2.9042446829629363,1,5.630055787764081
1750.764358997345,2.9016974405843676,1,5.631493207700236
1750.855256319046,2.906791925341512,1,5.628618367827921
1750.9340336322784,2.914433652477225,1,5.624306108019451
1751.0439734458923,2.9169808948558007,1,5.622868688083291
1751.1218156814575,2.9118864100986563,1,5.625743527955606
1751.2006096839905,2.9169808948558007,1,5.622868688083291
1751.2799952030182,2.9195281372343693,1,5.621431268147136
1751.3559036254883,2.906791925341512,1,5.628618367827921
1751.4345967769623,2.9118864100986563,1,5.625743527955606
1751.5129873752594,2.922075379612945,1,5.619993848210976
1751.5912294387817,2.8966029558272233,1,5.6343680475725515
1751.669939994812,2.929717106748658,1,5.615681588402506
1751.749091386795,2.9169808948558007,1,5.622868688083291
1751.8280284404755,2.9322643491272267,1,5.61424416846635
1751.9059448242188,2.9118864100986563,1,5.625743527955606
1751.9849433898926,2.9169808948558007,1,5.622868688083291
1752.06281208992,2.906791925341512,1,5.628618367827921
1752.1409072875977,2.8966029558272233,1,5.6343680475725515
1752.2171041965485,2.9169808948558007,1,5.622868688083291
1752.29966878891,2.914433652477225,1,5.624306108019451
1752.389433145523,2.9042446829629363,1,5.630055787764081
1752.4967415332794,2.9118864100986563,1,5.625743527955606
1752.5751783847809,2.9093391677200806,1,5.627180947891766
1752.6545972824097,2.9042446829629363,1,5.630055787764081
1752.7324106693268,2.9246226219915137,1,5.618556428274821
1752.8111984729767,2.9246226219915137,1,5.618556428274821
1752.8903381824493,2.9118864100986563,1,5.625743527955606
1752.9684619903564,2.9169808948558007,1,5.622868688083291
1753.0463273525238,2.9042446829629363,1,5.630055787764081
1753.1232073307037,2.9016974405843676,1,5.631493207700236
1753.1999869346619,2.9169808948558007,1,5.622868688083291
1753.2797832489014,2.9118864100986563,1,5.625743527955606
1753.3586239814758,2.9195281372343693,1,5.621431268147136
1753.4673337936401,2.922075379612945,1,5.619993848210976
1753.5770418643951,2.922075379612945,1,5.619993848210976
1753.715671300888,2.922075379612945,1,5.619993848210976
1753.8099012374878,2.922075379612945,1,5.619993848210976
1753.8864016532898,2.9195281372343693,1,5.621431268147136
1753.9649424552917,2.922075379612945,1,5.619993848210976
1754.0427768230438,2.9246226219915137,1,5.618556428274821
1754.1517231464386,2.9093391677200806,1,5.627180947891766
1754.2296059131622,2.922075379612945,1,5.619993848210976
1754.3074901103973,2.899150198205799,1,5.632930627636393
1754.384369134903,2.9195281372343693,1,5.621431268147136
1754.4624679088593,2.9093391677200806,1,5.627180947891766
1754.5404696464539,2.922075379612945,1,5.619993848210976
1754.6332216262817,2.922075379612945,1,5.619993848210976
1754.7248332500458,2.914433652477225,1,5.624306108019451
1754.802909374237,2.922075379612945,1,5.619993848210976
1754.8805303573608,2.914433652477225,1,5.624306108019451
1754.9603424072266,2.9118864100986563,1,5.625743527955606
1755.0527000427246,2.9118864100986563,1,5.625743527955606
1755.1318864822388,2.914433652477225,1,5.624306108019451
1755.2107124328613,2.9246226219915137,1,5.618556428274821
1755.2872622013092,2.914433652477225,1,5.624306108019451
1755.366340637207,2.922075379612945,1,5.619993848210976
1755.4454412460327,2.9195281372343693,1,5.621431268147136
1755.5236134529114,2.9118864100986563,1,5.625743527955606
1755.6490910053253,2.9271698643700894,1,5.617119008338662
1755.7428414821625,2.922075379612945,1,5.619993848210976
1755.8509075641632,2.9246226219915137,1,5.618556428274821
1755.9289801120758,2.922075379612945,1,5.619993848210976
1756.0051362514496,2.9169808948558007,1,5.622868688083291
1756.0839352607727,2.929717106748658,1,5.615681588402506
1756.1628873348236,2.9246226219915137,1,5.618556428274821
1756.2398686408997,2.9169808948558007,1,5.622868688083291
1756.3168935775757,2.9093391677200806,1,5.627180947891766
1756.395697593689,2.929717106748658,1,5.615681588402506
1756.471753358841,2.914433652477225,1,5.624306108019451
1756.5490310192108,2.922075379612945,1,5.619993848210976
1756.628015756607,2.9169808948558007,1,5.622868688083291
1756.7045347690582,2.9093391677200806,1,5.627180947891766
1756.781495809555,2.9195281372343693,1,5.621431268147136
1756.8592729568481,2.9246226219915137,1,5.618556428274821
1756.9495532512665,2.922075379612945,1,5.619993848210976
1757.0268416404724,2.9246226219915137,1,5.618556428274821
1757.1349141597748,2.9195281372343693,1,5.621431268147136
1757.2107636928558,2.922075379612945,1,5.619993848210976
1757.2878186702728,2.906791925341512,1,5.628618367827921
1757.3638558387756,2.929717106748658,1,5.615681588402506
1757.440010547638,2.9169808948558007,1,5.622868688083291
1757.5168061256409,2.9195281372343693,1,5.621431268147136
1757.5936408042908,2.9246226219915137,1,5.618556428274821
1757.6709387302399,2.914433652477225,1,5.624306108019451
1757.7504811286926,2.9118864100986563,1,5.625743527955606
1757.8274133205414,2.9246226219915137,1,5.618556428274821
1757.903639793396,2.9169808948558007,1,5.622868688083291
1757.9834818840027,2.922075379612945,1,5.619993848210976
1758.0783219337463,2.9271698643700894,1,5.617119008338662
1758.154366493225,2.9169808948558007,1,5.622868688083291
1758.2309613227844,2.929717106748658,1,5.615681588402506
1758.309915304184,2.9322643491272267,1,5.61424416846635
1758.3868815898895,2.9169808948558007,1,5.622868688083291
1758.4799082279205,2.9348115915058024,1,5.612806748530191
1758.588671207428,2.922075379612945,1,5.619993848210976
1758.6677510738373,2.9246226219915137,1,5.618556428274821
1758.7466344833374,2.929717106748658,1,5.615681588402506
1758.8235864639282,2.9246226219915137,1,5.618556428274821
1758.9016280174255,2.9246226219915137,1,5.618556428274821
1758.979546546936,2.9271698643700894,1,5.617119008338662
1759.0564510822296,2.9169808948558007,1,5.622868688083291
1759.1354825496674,2.922075379612945,1,5.619993848210976
1759.215270280838,2.9271698643700894,1,5.617119008338662
1759.2920942306519,2.9246226219915137,1,5.618556428274821
1759.3709738254547,2.9042446829629363,1,5.630055787764081
1759.448080778122,2.9169808948558007,1,5.622868688083291
1759.5248947143555,2.929717106748658,1,5.615681588402506
1759.603774547577,2.9118864100986563,1,5.625743527955606
1759.680594444275,2.9246226219915137,1,5.618556428274821
1759.7576594352722,2.9093391677200806,1,5.627180947891766
1759.8370506763458,2.9246226219915137,1,5.618556428274821
1759.9160261154175,2.922075379612945,1,5.619993848210976
1759.9927170276642,2.9322643491272267,1,5.61424416846635
1760.1008784770966,2.929717106748658,1,5.615681588402506
1760.1806526184082,2.9271698643700894,1,5.617119008338662
1760.2566602230072,2.922075379612945,1,5.619993848210976
1760.3364398479462,2.922075379612945,1,5.619993848210976
1760.4130170345306,2.9195281372343693,1,5.621431268147136
1760.4904313087463,2.914433652477225,1,5.624306108019451
1760.568507194519,2.914433652477225,1,5.624306108019451
1760.646544456482,2.914433652477225,1,5.624306108019451
1760.7230384349823,2.929717106748658,1,5.615681588402506
1760.8017764091492,2.9169808948558007,1,5.622868688083291
1760.8765695095062,2.9322643491272267,1,5.61424416846635
1760.9541392326355,2.9246226219915137,1,5.618556428274821
1761.031780719757,2.9169808948558007,1,5.622868688083291
1761.1109054088593,2.9399060762629468,1,5.609931908657876
1761.2042324543,2.914433652477225,1,5.624306108019451
1761.2816746234894,2.9322643491272267,1,5.61424416846635
1761.358078956604,2.929717106748658,1,5.615681588402506
1761.436353445053,2.9195281372343693,1,5.621431268147136
1761.545648097992,2.9348115915058024,1,5.612806748530191
1761.6230432987213,2.9271698643700894,1,5.617119008338662
1761.702020406723,2.9271698643700894,1,5.617119008338662
1761.7819023132324,2.937358833884371,1,5.611369328594035
1761.8584308624268,2.9348115915058024,1,5.612806748530191
1761.9370710849762,2.9118864100986563,1,5.625743527955606
1762.0153431892395,2.9348115915058024,1,5.612806748530191
1762.0919551849365,2.9322643491272267,1,5.61424416846635
1762.1701574325562,2.929717106748658,1,5.615681588402506
1762.2493176460266,2.9322643491272267,1,5.61424416846635
1762.3259484767914,2.9424533186415154,1,5.60849448872172
1762.4043312072754,2.929717106748658,1,5.615681588402506
1762.483894109726,2.922075379612945,1,5.619993848210976
1762.5607476234436,2.9322643491272267,1,5.61424416846635
1762.6549789905548,2.9246226219915137,1,5.618556428274821
1762.7348971366882,2.929717106748658,1,5.615681588402506
1762.810873746872,2.929717106748658,1,5.615681588402506
1762.8876733779907,2.9169808948558007,1,5.622868688083291
1762.9980874061584,2.9399060762629468,1,5.609931908657876
1763.0770819187164,2.9322643491272267,1,5.61424416846635
1763.1707246303558,2.9195281372343693,1,5.621431268147136
1763.2487366199493,2.9399060762629468,1,5.609931908657876
1763.3285415172577,2.945000561020091,1,5.6070570687855605
1763.4084858894348,2.952642288155804,1,5.60274480897709
1763.4854836463928,2.9271698643700894,1,5.617119008338662
1763.5643129348755,2.945000561020091,1,5.6070570687855605
1763.643563747406,2.937358833884371,1,5.611369328594035
1763.7343208789825,2.9348115915058024,1,5.612806748530191
1763.8273599147797,2.937358833884371,1,5.611369328594035
1763.9057838916779,2.9271698643700894,1,5.617119008338662
1763.983021736145,2.9348115915058024,1,5.612806748530191
1764.0626013278961,2.9424533186415154,1,5.60849448872172
1764.139636039734,2.9424533186415154,1,5.60849448872172
1764.2161796092987,2.9322643491272267,1,5.61424416846635
1764.295049905777,2.9246226219915137,1,5.618556428274821
1764.3747069835663,2.9322643491272267,1,5.61424416846635
1764.484587430954,2.9322643491272267,1,5.61424416846635
1764.5637238025665,2.9348115915058024,1,5.612806748530191
1764.6406474113464,2.9322643491272267,1,5.61424416846635
1764.7196130752563,2.929717106748658,1,5.615681588402506
1764.7977707386017,2.9348115915058024,1,5.612806748530191
1764.889415025711,2.9271698643700894,1,5.617119008338662
1764.9836297035217,2.9322643491272267,1,5.61424416846635
1765.0630342960358,2.937358833884371,1,5.611369328594035
1765.138680934906,2.9322643491272267,1,5.61424416846635
1765.2169749736786,2.9246226219915137,1,5.618556428274821
1765.2955617904663,2.9348115915058024,1,5.612806748530191
1765.3714339733124,2.922075379612945,1,5.619993848210976
1765.4494948387146,2.9246226219915137,1,5.618556428274821
1765.52885222435,2.9348115915058024,1,5.612806748530191
1765.606728553772,2.9322643491272267,1,5.61424416846635
1765.6836810112,2.9271698643700894,1,5.617119008338662
1765.762498140335,2.9399060762629468,1,5.609931908657876
1765.8399746418,2.937358833884371,1,5.611369328594035
1765.9191472530365,2.937358833884371,1,5.611369328594035
1766.0303673744202,2.922075379612945,1,5.619993848210976
1766.1077938079834,2.9322643491272267,1,5.61424416846635
1766.1865935325623,2.9195281372343693,1,5.621431268147136
1766.26291513443,2.937358833884371,1,5.611369328594035
1766.3386738300323,2.9271698643700894,1,5.617119008338662
1766.416157245636,2.9195281372343693,1,5.621431268147136
1766.508972644806,2.929717106748658,1,5.615681588402506
1766.5874791145325,2.922075379612945,1,5.619993848210976
1766.6659269332886,2.9271698643700894,1,5.617119008338662
1766.7448813915253,2.960284015291517,1,5.59843254916862
1766.8238425254822,2.9322643491272267,1,5.61424416846635
1766.9032332897186,2.922075379612945,1,5.619993848210976
1766.9799118041992,2.9271698643700894,1,5.617119008338662
1767.0589637756348,2.937358833884371,1,5.611369328594035
1767.1367599964142,2.9399060762629468,1,5.609931908657876
1767.2290844917297,2.9271698643700894,1,5.617119008338662
1767.3084349632263,2.937358833884371,1,5.611369328594035
1767.3876686096191,2.922075379612945,1,5.619993848210976
1767.4969518184662,2.9271698643700894,1,5.617119008338662
1767.5751292705536,2.9322643491272267,1,5.61424416846635
1767.6529698371887,2.9093391677200806,1,5.627180947891766
1767.7289147377014,2.914433652477225,1,5.624306108019451
1767.8074896335602,2.937358833884371,1,5.611369328594035
1767.8843784332275,2.922075379612945,1,5.619993848210976
1767.9613993167877,2.937358833884371,1,5.611369328594035
1768.040637254715,2.9424533186415154,1,5.60849448872172
1768.1199753284454,2.9246226219915137,1,5.618556428274821
1768.1975548267365,2.9322643491272267,1,5.61424416846635
1768.2759363651276,2.9348115915058024,1,5.612806748530191
1768.369250535965,2.9271698643700894,1,5.617119008338662
1768.4452588558197,2.9322643491272267,1,5.61424416846635
1768.5228674411774,2.9475478033986597,1,5.605619648849405
1768.6016564369202,2.9246226219915137,1,5.618556428274821
1768.6784253120422,2.9348115915058024,1,5.612806748530191
1768.7545368671417,2.9322643491272267,1,5.61424416846635
1768.8314669132233,2.9348115915058024,1,5.612806748530191
1768.940187215805,2.937358833884371,1,5.611369328594035
1769.0171360969543,2.922075379612945,1,5.619993848210976
1769.0955560207367,2.929717106748658,1,5.615681588402506
1769.1723880767822,2.9271698643700894,1,5.617119008338662
1769.2511155605316,2.9322643491272267,1,5.61424416846635
1769.3283159732819,2.9399060762629468,1,5.609931908657876
1769.4069159030914,2.9424533186415154,1,5.60849448872172
1769.5006821155548,2.9246226219915137,1,5.618556428274821
1769.577710866928,2.9322643491272267,1,5.61424416846635
1769.6547949314117,2.9246226219915137,1,5.618556428274821
1769.7346222400665,2.9195281372343693,1,5.621431268147136
1769.811316728592,2.9322643491272267,1,5.61424416846635
1769.890819311142,2.929717106748658,1,5.615681588402506
1769.9687309265137,2.937358833884371,1,5.611369328594035
1770.0455186367035,2.9399060762629468,1,5.609931908657876
1770.1233553886414,2.9424533186415154,1,5.60849448872172
1770.200602531433,2.9348115915058024,1,5.612806748530191
1770.2786078453064,2.929717106748658,1,5.615681588402506
1770.3893284797668,2.9424533186415154,1,5.60849448872172
1770.4693052768707,2.922075379612945,1,5.619993848210976
1770.5453612804413,2.9500950457772355,1,5.6041822289132455
1770.6238131523132,2.937358833884371,1,5.611369328594035
1770.7037281990051,2.937358833884371,1,5.611369328594035
1770.780534029007,2.9246226219915137,1,5.618556428274821
1770.859700679779,2.9399060762629468,1,5.609931908657876
1770.9375524520874,2.9348115915058024,1,5.612806748530191
1771.0154383182526,2.9424533186415154,1,5.60849448872172
1771.093558549881,2.937358833884371,1,5.611369328594035
1771.1707129478455,2.929717106748658,1,5.615681588402506
1771.2476353645325,2.9348115915058024,1,5.612806748530191
1771.3257477283478,2.9475478033986597,1,5.605619648849405
1771.4039623737335,2.9246226219915137,1,5.618556428274821
1771.4805445671082,2.922075379612945,1,5.619993848210976
1771.5575060844421,2.9271698643700894,1,5.617119008338662
1771.6358633041382,2.922075379612945,1,5.619993848210976
1771.7130858898163,2.929717106748658,1,5.615681588402506
1771.8077628612518,2.9246226219915137,1,5.618556428274821
1771.9157905578613,2.9195281372343693,1,5.621431268147136
1771.9951167106628,2.929717106748658,1,5.615681588402506
1772.0742177963257,2.929717106748658,1,5.615681588402506
1772.1511254310608,2.9246226219915137,1,5.618556428274821
1772.2299859523773,2.937358833884371,1,5.611369328594035
1772.3099689483643,2.9348115915058024,1,5.612806748530191
1772.402453660965,2.9322643491272267,1,5.61424416846635
1772.480474472046,2.929717106748658,1,5.615681588402506
1772.5592935085297,2.952642288155804,1,5.60274480897709
1772.6359429359436,2.922075379612945,1,5.619993848210976
1772.7147789001465,2.929717106748658,1,5.615681588402506
1772.7916176319122,2.9424533186415154,1,5.60849448872172
1772.869134426117,2.922075379612945,1,5.619993848210976
1772.9629595279694,2.9271698643700894,1,5.617119008338662
1773.0421023368835,2.9271698643700894,1,5.617119008338662
1773.1201875209808,2.922075379612945,1,5.619993848210976
1773.2000894546509,2.9169808948558007,1,5.622868688083291
1773.278114080429,2.9322643491272267,1,5.61424416846635
1773.3858697414398,2.9271698643700894,1,5.617119008338662
1773.4641587734222,2.9246226219915137,1,5.618556428274821
1773.5431113243103,2.9322643491272267,1,5.61424416846635
1773.6211025714874,2.9424533186415154,1,5.60849448872172
1773.6997022628784,2.937358833884371,1,5.611369328594035
1773.776921749115,2.9348115915058024,1,5.612806748530191
1773.8550744056702,2.9399060762629468,1,5.609931908657876
1773.9327080249786,2.9322643491272267,1,5.61424416846635
1774.0248494148254,2.9500950457772355,1,5.6041822289132455
1774.104334115982,2.9424533186415154,1,5.60849448872172
1774.184062242508,2.9169808948558007,1,5.622868688083291
1774.259786605835,2.9399060762629468,1,5.609931908657876
1774.3375515937805,2.9500950457772355,1,5.6041822289132455
1774.4173636436462,2.9348115915058024,1,5.612806748530191
1774.4951915740967,2.9246226219915137,1,5.618556428274821
1774.5740864276886,2.9271698643700894,1,5.617119008338662
1774.6519548892975,2.9322643491272267,1,5.61424416846635
1774.7298815250397,2.9348115915058024,1,5.612806748530191
1774.8406701087952,2.945000561020091,1,5.6070570687855605
1774.920576095581,2.952642288155804,1,5.60274480897709
1774.998506307602,2.937358833884371,1,5.611369328594035
1775.0758759975433,2.937358833884371,1,5.611369328594035
1775.1716043949127,2.9424533186415154,1,5.60849448872172
1775.2475473880768,2.9348115915058024,1,5.612806748530191
1775.3268423080444,2.9475478033986597,1,5.605619648849405
1775.4057922363281,2.9322643491272267,1,5.61424416846635
1775.4985823631287,2.9348115915058024,1,5.612806748530191
1775.577823638916,2.9322643491272267,1,5.61424416846635
1775.6553959846497,2.952642288155804,1,5.60274480897709
1775.7349343299866,2.937358833884371,1,5.611369328594035
1775.8126809597015,2.9399060762629468,1,5.609931908657876
1775.8916461467743,2.9399060762629468,1,5.609931908657876
1775.9706048965454,2.937358833884371,1,5.611369328594035
1776.0505030155182,2.9246226219915137,1,5.618556428274821
1776.1295578479767,2.9399060762629468,1,5.609931908657876
1776.2056467533112,2.937358833884371,1,5.611369328594035
1776.3133208751678,2.9399060762629468,1,5.609931908657876
1776.404899597168,2.9322643491272267,1,5.61424416846635
1776.4827427864075,2.9348115915058024,1,5.612806748530191
1776.561898946762,2.929717106748658,1,5.615681588402506
1776.6378626823425,2.9500950457772355,1,5.6041822289132455
1776.7150418758392,2.937358833884371,1,5.611369328594035
1776.7929899692535,2.9424533186415154,1,5.60849448872172
1776.8697164058685,2.9424533186415154,1,5.60849448872172
1776.9495224952698,2.9246226219915137,1,5.618556428274821
1777.0284759998322,2.9399060762629468,1,5.609931908657876
1777.1055736541748,2.952642288155804,1,5.60274480897709
1777.1846783161163,2.9424533186415154,1,5.60849448872172
1777.2629039287567,2.9322643491272267,1,5.61424416846635
1777.3404414653778,2.9399060762629468,1,5.609931908657876
1777.4191091060638,2.945000561020091,1,5.6070570687855605
1777.5112056732178,2.937358833884371,1,5.611369328594035
1777.5889854431152,2.945000561020091,1,5.6070570687855605
1777.6680438518524,2.9348115915058024,1,5.612806748530191
1777.747997045517,2.9348115915058024,1,5.612806748530191
1777.857016801834,2.9424533186415154,1,5.60849448872172
1777.9359622001648,2.9348115915058024,1,5.612806748530191
1778.015121936798,2.9399060762629468,1,5.609931908657876
1778.0932931900024,2.9500950457772355,1,5.6041822289132455
1778.1713373661041,2.952642288155804,1,5.60274480897709
1778.2482812404633,2.9424533186415154,1,5.60849448872172
1778.327287197113,2.952642288155804,1,5.60274480897709
1778.4061572551727,2.945000561020091,1,5.6070570687855605
1778.4839873313904,2.9399060762629468,1,5.609931908657876
1778.5775156021118,2.9424533186415154,1,5.60849448872172
1778.6704528331757,2.952642288155804,1,5.60274480897709
1778.7471120357513,2.9475478033986597,1,5.605619648849405
1778.8258266448975,2.9475478033986597,1,5.605619648849405
1778.9039084911346,2.9348115915058024,1,5.612806748530191
1778.980857849121,2.945000561020091,1,5.6070570687855605
1779.0607221126556,2.9322643491272267,1,5.61424416846635
1779.1530544757843,2.9348115915058024,1,5.612806748530191
1779.230845451355,2.9500950457772355,1,5.6041822289132455
1779.339723110199,2.9500950457772355,1,5.6041822289132455
1779.4177668094635,2.937358833884371,1,5.611369328594035
1779.4964933395386,2.952642288155804,1,5.60274480897709
1779.574696779251,2.9577367729129485,1,5.599869969104775
1779.6528453826904,2.9424533186415154,1,5.60849448872172
1779.7311389446259,2.9399060762629468,1,5.609931908657876
1779.8227117061615,2.9424533186415154,1,5.60849448872172
1779.899314880371,2.937358833884371,1,5.611369328594035
1779.9791283607483,2.937358833884371,1,5.611369328594035
1780.0581514835358,2.952642288155804,1,5.60274480897709
1780.1351296901703,2.9322643491272267,1,5.61424416846635
1780.212149143219,2.9500950457772355,1,5.6041822289132455
1780.2899618148804,2.952642288155804,1,5.60274480897709
1780.3659904003143,2.9399060762629468,1,5.609931908657876
1780.445284128189,2.9348115915058024,1,5.612806748530191
1780.5245485305786,2.9475478033986597,1,5.605619648849405
1780.602635383606,2.9500950457772355,1,5.6041822289132455
1780.6825199127197,2.9348115915058024,1,5.612806748530191
1780.7930710315704,2.9475478033986597,1,5.605619648849405
1780.8843359947205,2.9500950457772355,1,5.6041822289132455
1780.9612448215485,2.9348115915058024,1,5.612806748530191
1781.041096687317,2.952642288155804,1,5.60274480897709
1781.1194977760315,2.952642288155804,1,5.60274480897709
1781.1994149684906,2.95518953053438,1,5.60130738904093
1781.2793319225311,2.945000561020091,1,5.6070570687855605
1781.3566327095032,2.9475478033986597,1,5.605619648849405
1781.4345078468323,2.9475478033986597,1,5.605619648849405
1781.5137321949005,2.9424533186415154,1,5.60849448872172
1781.58997797966,2.937358833884371,1,5.611369328594035
1781.6677496433258,2.952642288155804,1,5.60274480897709
1781.7450959682465,2.9424533186415154,1,5.60849448872172
1781.822288274765,2.9577367729129485,1,5.599869969104775
1781.901906967163,2.962831257670093,1,5.59699512923246
1781.99565243721,2.945000561020091,1,5.6070570687855605
1782.0896787643433,2.9577367729129485,1,5.599869969104775
1782.168352842331,2.9500950457772355,1,5.6041822289132455
1782.2772748470306,2.952642288155804,1,5.60274480897709
1782.3556661605835,2.9500950457772355,1,5.6041822289132455
1782.4342603683472,2.9500950457772355,1,5.6041822289132455
1782.5262625217438,2.95518953053438,1,5.60130738904093
1782.603631734848,2.952642288155804,1,5.60274480897709
1782.6815004348755,2.9399060762629468,1,5.609931908657876
1782.7588567733765,2.945000561020091,1,5.6070570687855605
1782.8383042812347,2.952642288155804,1,5.60274480897709
1782.9181134700775,2.952642288155804,1,5.60274480897709
1782.9949297904968,2.929717106748658,1,5.615681588402506
1783.0748291015625,2.952642288155804,1,5.60274480897709
1783.1690061092377,2.9653785000486614,1,5.595557709296305
1783.2470262050629,2.9399060762629468,1,5.609931908657876
1783.3259553909302,2.9577367729129485,1,5.599869969104775
1783.4050345420837,2.9653785000486614,1,5.595557709296305
1783.4837324619293,2.9424533186415154,1,5.60849448872172
1783.5610666275024,2.945000561020091,1,5.6070570687855605
1783.6379942893982,2.962831257670093,1,5.59699512923246
1783.7153046131134,2.952642288155804,1,5.60274480897709
1783.8242926597595,2.960284015291517,1,5.59843254916862
1783.9004380702972,2.9577367729129485,1,5.599869969104775
1783.9790375232697,2.952642288155804,1,5.60274480897709
1784.0574815273285,2.9653785000486614,1,5.595557709296305
1784.1347439289093,2.95518953053438,1,5.60130738904093
1784.214040517807,2.9424533186415154,1,5.60849448872172
1784.2918319702148,2.95518953053438,1,5.60130738904093
1784.3676788806915,2.960284015291517,1,5.59843254916862
1784.4455168247223,2.9500950457772355,1,5.6041822289132455
1784.5248613357544,2.962831257670093,1,5.59699512923246
1784.615660905838,2.945000561020091,1,5.6070570687855605
1784.6906249523163,2.9500950457772355,1,5.6041822289132455
1784.7685811519623,2.960284015291517,1,5.59843254916862
1784.8445131778717,2.9577367729129485,1,5.599869969104775
1784.922637462616,2.952642288155804,1,5.60274480897709
1784.999641418457,2.962831257670093,1,5.59699512923246
1785.0770175457,2.952642288155804,1,5.60274480897709
1785.1548879146576,2.9577367729129485,1,5.599869969104775
1785.2642226219177,2.952642288155804,1,5.60274480897709
1785.340964794159,2.9577367729129485,1,5.599869969104775
1785.4184515476227,2.960284015291517,1,5.59843254916862
1785.49835562706,2.9500950457772355,1,5.6041822289132455
1785.5763351917267,2.952642288155804,1,5.60274480897709
1785.6552958488464,2.9653785000486614,1,5.595557709296305
1785.7330868244171,2.960284015291517,1,5.59843254916862
1785.8100624084473,2.937358833884371,1,5.611369328594035
1785.887176990509,2.9475478033986597,1,5.605619648849405
1785.96506857872,2.9424533186415154,1,5.60849448872172
1786.0436294078827,2.9500950457772355,1,5.6041822289132455
1786.1213738918304,2.9577367729129485,1,5.599869969104775
1786.2006433010101,2.95518953053438,1,5.60130738904093
1786.2778956890106,2.95518953053438,1,5.60130738904093
1786.3562734127045,2.960284015291517,1,5.59843254916862
1786.4334063529968,2.9653785000486614,1,5.595557709296305
1786.526141166687,2.9500950457772355,1,5.6041822289132455
1786.6050276756287,2.952642288155804,1,5.60274480897709
1786.7148756980896,2.9475478033986597,1,5.605619648849405
1786.7926571369171,2.960284015291517,1,5.59843254916862
1786.8719441890717,2.962831257670093,1,5.59699512923246
1786.947544336319,2.9500950457772355,1,5.6041822289132455
1787.0267057418823,2.9577367729129485,1,5.599869969104775
1787.1049478054047,2.960284015291517,1,5.59843254916862
1787.1821410655975,2.960284015291517,1,5.59843254916862
1787.2599890232086,2.9653785000486614,1,5.595557709296305
1787.3398485183716,2.9577367729129485,1,5.599869969104775
1787.4167511463165,2.967925742427237,1,5.594120289360145
1787.4950323104858,2.960284015291517,1,5.59843254916862
1787.5739767551422,2.9806619543200945,1,5.5869331896793595
1787.651281118393,2.9653785000486614,1,5.595557709296305
1787.7306470870972,2.960284015291517,1,5.59843254916862
1787.8249213695526,2.960284015291517,1,5.59843254916862
1787.9014403820038,2.960284015291517,1,5.59843254916862
1787.9782752990723,2.9653785000486614,1,5.595557709296305
1788.0578815937042,2.970472984805806,1,5.59268286942399
1788.164668560028,2.9500950457772355,1,5.6041822289132455
1788.2429866790771,2.960284015291517,1,5.59843254916862
1788.3191843032837,2.967925742427237,1,5.594120289360145
1788.3982739448547,2.9475478033986597,1,5.605619648849405
1788.4761805534363,2.9475478033986597,1,5.605619648849405
1788.5546607971191,2.95518953053438,1,5.60130738904093
1788.6329021453857,2.9577367729129485,1,5.599869969104775
1788.7119426727295,2.9424533186415154,1,5.60849448872172
1788.8032438755035,2.952642288155804,1,5.60274480897709
1788.896833896637,2.9424533186415154,1,5.60849448872172
1788.9749336242676,2.962831257670093,1,5.59699512923246
1789.050940990448,2.962831257670093,1,5.59699512923246
1789.1277177333832,2.95518953053438,1,5.60130738904093
1789.2038307189941,2.9653785000486614,1,5.595557709296305
1789.2810106277466,2.960284015291517,1,5.59843254916862
1789.3601605892181,2.9577367729129485,1,5.599869969104775
1789.4369373321533,2.9577367729129485,1,5.599869969104775
1789.5141432285309,2.95518953053438,1,5.60130738904093
1789.5929019451141,2.962831257670093,1,5.59699512923246
1789.699717760086,2.967925742427237,1,5.594120289360145
1789.777536869049,2.960284015291517,1,5.59843254916862
1789.8569991588593,2.962831257670093,1,5.59699512923246
1789.9362499713898,2.970472984805806,1,5.59268286942399
1790.030183315277,2.962831257670093,1,5.59699512923246
1790.1101319789886,2.9577367729129485,1,5.599869969104775
1790.1900177001953,2.9653785000486614,1,5.595557709296305
1790.2660853862762,2.962831257670093,1,5.59699512923246
1790.3598387241364,2.9475478033986597,1,5.605619648849405
1790.4389290809631,2.970472984805806,1,5.59268286942399
1790.516589164734,2.960284015291517,1,5.59843254916862
1790.594403743744,2.9577367729129485,1,5.599869969104775
1790.6732234954834,2.962831257670093,1,5.59699512923246
1790.750158071518,2.9730202271843815,1,5.59124544948783
1790.8270545005798,2.9475478033986597,1,5.605619648849405
1790.9188611507416,2.9653785000486614,1,5.595557709296305
1790.9978501796722,2.952642288155804,1,5.60274480897709
1791.0925731658936,2.962831257670093,1,5.59699512923246
1791.2023997306824,2.970472984805806,1,5.59268286942399
1791.282202243805,2.960284015291517,1,5.59843254916862
1791.3600249290466,2.952642288155804,1,5.60274480897709
1791.4378368854523,2.9730202271843815,1,5.59124544948783
1791.5165011882782,2.970472984805806,1,5.59268286942399
1791.5937187671661,2.962831257670093,1,5.59699512923246
1791.6695892810822,2.97556746956295,1,5.5898080295516746
1791.7494983673096,2.962831257670093,1,5.59699512923246
1791.8284153938293,2.95518953053438,1,5.60130738904093
1791.9044485092163,2.9730202271843815,1,5.59124544948783
1791.9823598861694,2.9577367729129485,1,5.599869969104775
1792.0617775917053,2.960284015291517,1,5.59843254916862
1792.137847661972,2.9730202271843815,1,5.59124544948783
1792.2161741256714,2.9653785000486614,1,5.595557709296305
1792.2939774990082,2.95518953053438,1,5.60130738904093
1792.371690273285,2.970472984805806,1,5.59268286942399
1792.4515891075134,2.95518953053438,1,5.60130738904093
1792.5306408405304,2.960284015291517,1,5.59843254916862
1792.6393988132477,2.9653785000486614,1,5.595557709296305
1792.7184853553772,2.960284015291517,1,5.59843254916862
1792.7943677902222,2.952642288155804,1,5.60274480897709
1792.871642589569,2.9653785000486614,1,5.595557709296305
1792.9496273994446,2.967925742427237,1,5.594120289360145
1793.0276772975922,2.962831257670093,1,5.59699512923246
1793.1071422100067,2.952642288155804,1,5.60274480897709
1793.1867518424988,2.9653785000486614,1,5.595557709296305
1793.2643995285034,2.945000561020091,1,5.6070570687855605
1793.3443837165833,2.9475478033986597,1,5.605619648849405
1793.4227409362793,2.960284015291517,1,5.59843254916862
1793.4993424415588,2.967925742427237,1,5.594120289360145
1793.5759782791138,2.960284015291517,1,5.59843254916862
1793.6541225910187,2.970472984805806,1,5.59268286942399
1793.7318212985992,2.95518953053438,1,5.60130738904093
1793.81103682518,2.960284015291517,1,5.59843254916862
1793.8908905982971,2.9500950457772355,1,5.6041822289132455
1793.982694387436,2.962831257670093,1,5.59699512923246
1794.0922031402588,2.962831257670093,1,5.59699512923246
1794.1701724529266,2.952642288155804,1,5.60274480897709
1794.247343301773,2.9475478033986597,1,5.605619648849405
1794.3270647525787,2.9500950457772355,1,5.6041822289132455
1794.4069573879242,2.9730202271843815,1,5.59124544948783
1794.4999816417694,2.97556746956295,1,5.5898080295516746
1794.579013824463,2.960284015291517,1,5.59843254916862
1794.6549563407898,2.960284015291517,1,5.59843254916862
1794.7330482006073,2.9806619543200945,1,5.5869331896793595
1794.8118479251862,2.9500950457772355,1,5.6041822289132455
1794.8908996582031,2.952642288155804,1,5.60274480897709
1794.969183921814,2.97556746956295,1,5.5898080295516746
1795.0472958087921,2.95518953053438,1,5.60130738904093
1795.1253089904785,2.9653785000486614,1,5.595557709296305
1795.2029943466187,2.978114711941526,1,5.588370609615515
1795.281988143921,2.97556746956295,1,5.5898080295516746
1795.3598594665527,2.9653785000486614,1,5.595557709296305
1795.4356815814972,2.9730202271843815,1,5.59124544948783
1795.5149829387665,2.9577367729129485,1,5.599869969104775
1795.623990058899,2.9653785000486614,1,5.595557709296305
1795.7017817497253,2.967925742427237,1,5.594120289360145
1795.7806322574615,2.978114711941526,1,5.588370609615515
1795.8567111492157,2.960284015291517,1,5.59843254916862
1795.933577299118,2.9653785000486614,1,5.595557709296305
1796.0128190517426,2.962831257670093,1,5.59699512923246
1796.0903193950653,2.962831257670093,1,5.59699512923246
1796.1681144237518,2.970472984805806,1,5.59268286942399
1796.2461233139038,2.95518953053438,1,5.60130738904093
1796.32328414917,2.967925742427237,1,5.594120289360145
1796.4031400680542,2.962831257670093,1,5.59699512923246
1796.4828367233276,2.967925742427237,1,5.594120289360145
1796.5586557388306,2.95518953053438,1,5.60130738904093
1796.637635231018,2.967925742427237,1,5.594120289360145
1796.7165231704712,2.967925742427237,1,5.594120289360145
1796.7943587303162,2.9577367729129485,1,5.599869969104775
1796.8877294063568,2.967925742427237,1,5.594120289360145
1796.9666993618011,2.97556746956295,1,5.5898080295516746
1797.0748410224915,2.9730202271843815,1,5.59124544948783
1797.1523659229279,2.967925742427237,1,5.594120289360145
1797.2297995090485,2.960284015291517,1,5.59843254916862
1797.3075654506683,2.9730202271843815,1,5.59124544948783
1797.3858971595764,2.967925742427237,1,5.594120289360145
1797.4636816978455,2.960284015291517,1,5.59843254916862
1797.5418055057526,2.967925742427237,1,5.594120289360145
1797.6208925247192,2.9730202271843815,1,5.59124544948783
1797.697678565979,2.9577367729129485,1,5.599869969104775
1797.7747099399567,2.962831257670093,1,5.59699512923246
1797.8515510559082,2.9832091966986702,1,5.5854957697432
1797.930368900299,2.978114711941526,1,5.588370609615515
1798.0226197242737,2.960284015291517,1,5.59843254916862
1798.1016356945038,2.970472984805806,1,5.59268286942399
1798.1790640354156,2.9577367729129485,1,5.599869969104775
1798.257848739624,2.962831257670093,1,5.59699512923246
1798.3347308635712,2.985756439077239,1,5.584058349807044
1798.4135870933533,2.960284015291517,1,5.59843254916862
1798.5246305465698,2.967925742427237,1,5.594120289360145
1798.6037456989288,2.97556746956295,1,5.5898080295516746
1798.680804014206,2.962831257670093,1,5.59699512923246
1798.760682106018,2.970472984805806,1,5.59268286942399
1798.8387179374695,2.9577367729129485,1,5.599869969104775
1798.915719985962,2.970472984805806,1,5.59268286942399
1798.995011806488,2.967925742427237,1,5.594120289360145
1799.0748126506805,2.962831257670093,1,5.59699512923246
1799.1660544872284,2.970472984805806,1,5.59268286942399
1799.2452664375305,2.960284015291517,1,5.59843254916862
1799.3231086730957,2.962831257670093,1,5.59699512923246
1799.4006915092468,2.962831257670093,1,5.59699512923246
1799.4795227050781,2.9832091966986702,1,5.5854957697432
1799.5569388866425,2.962831257670093,1,5.59699512923246
1799.6339354515076,2.97556746956295,1,5.5898080295516746
1799.7130799293518,2.978114711941526,1,5.588370609615515
1799.7919034957886,2.97556746956295,1,5.5898080295516746
1799.8679840564728,2.9806619543200945,1,5.5869331896793595
1799.9779880046844,2.967925742427237,1,5.594120289360145
1800.0569293498993,2.962831257670093,1,5.59699512923246
1800.1341888904572,2.9806619543200945,1,5.5869331896793595
1800.211233139038,2.960284015291517,1,5.59843254916862
1800.3039824962616,2.967925742427237,1,5.594120289360145
1800.3820099830627,2.9832091966986702,1,5.5854957697432
1800.4601881504059,2.978114711941526,1,5.588370609615515
1800.5380823612213,2.970472984805806,1,5.59268286942399
1800.6173272132874,2.9730202271843815,1,5.59124544948783
1800.6954290866852,2.970472984805806,1,5.59268286942399
1800.773110628128,2.970472984805806,1,5.59268286942399
1800.851791858673,2.9730202271843815,1,5.59124544948783
1800.9301295280457,2.967925742427237,1,5.594120289360145
1801.0077962875366,2.9730202271843815,1,5.59124544948783
1801.0840454101562,2.97556746956295,1,5.5898080295516746
1801.1637938022614,2.97556746956295,1,5.5898080295516746
1801.2399265766144,2.978114711941526,1,5.588370609615515
1801.3185939788818,2.970472984805806,1,5.59268286942399
1801.4138476848602,2.97556746956295,1,5.5898080295516746
1801.521635055542,2.985756439077239,1,5.584058349807044
1801.5976734161377,2.978114711941526,1,5.588370609615515
1801.6765928268433,2.95518953053438,1,5.60130738904093
1801.7536373138428,2.97556746956295,1,5.5898080295516746
1801.8304619789124,2.967925742427237,1,5.594120289360145
1801.9088394641876,2.970472984805806,1,5.59268286942399
1801.9848001003265,2.978114711941526,1,5.588370609615515
1802.0638451576233,2.9832091966986702,1,5.5854957697432
1802.1406517028809,2.9806619543200945,1,5.5869331896793595
1802.2180616855621,2.9806619543200945,1,5.5869331896793595
1802.2978229522705,2.978114711941526,1,5.588370609615515
1802.374666929245,2.97556746956295,1,5.5898080295516746
1802.4504988193512,2.985756439077239,1,5.584058349807044
1802.543256521225,2.970472984805806,1,5.59268286942399
1802.6209971904755,2.9653785000486614,1,5.595557709296305
1802.698825120926,2.9832091966986702,1,5.5854957697432
1802.7776460647583,2.970472984805806,1,5.59268286942399
1802.8694651126862,2.9730202271843815,1,5.59124544948783
1802.9931709766388,2.9806619543200945,1,5.5869331896793595
1803.0859246253967,2.9730202271843815,1,5.59124544948783
1803.1792085170746,2.9730202271843815,1,5.59124544948783
1803.271436214447,2.9730202271843815,1,5.59124544948783
1803.3641903400421,2.985756439077239,1,5.584058349807044
1803.470243215561,2.967925742427237,1,5.594120289360145
1803.5629947185516,2.9806619543200945,1,5.5869331896793595
1803.6569652557373,2.967925742427237,1,5.594120289360145
1803.7517890930176,2.967925742427237,1,5.594120289360145
1803.843956708908,2.97556746956295,1,5.5898080295516746
1803.9239130020142,2.9577367729129485,1,5.599869969104775
1803.9998672008514,2.9959454085915276,1,5.578308670062414
1804.0764756202698,2.962831257670093,1,5.59699512923246
1804.1553738117218,2.97556746956295,1,5.5898080295516746
1804.24950838089,2.978114711941526,1,5.588370609615515
1804.3442568778992,2.978114711941526,1,5.588370609615515
1804.4380059242249,2.9730202271843815,1,5.59124544948783
1804.5457186698914,2.9832091966986702,1,5.5854957697432
1804.686341047287,2.97556746956295,1,5.5898080295516746
1804.795051574707,2.960284015291517,1,5.59843254916862
1804.8868429660797,2.9730202271843815,1,5.59124544948783
1804.9794924259186,2.978114711941526,1,5.588370609615515
1805.0582818984985,2.9806619543200945,1,5.5869331896793595
1805.1380679607391,2.978114711941526,1,5.588370609615515
1805.2308201789856,2.9832091966986702,1,5.5854957697432
1805.3260757923126,2.9653785000486614,1,5.595557709296305
1805.417833328247,2.985756439077239,1,5.584058349807044
1805.5111908912659,2.967925742427237,1,5.594120289360145
1805.6049387454987,2.9832091966986702,1,5.5854957697432
1805.7136538028717,2.9806619543200945,1,5.5869331896793595
1805.791880607605,2.985756439077239,1,5.584058349807044
1805.87082529068,2.978114711941526,1,5.588370609615515
1805.9645879268646,2.985756439077239,1,5.584058349807044
1806.0568721294403,2.9832091966986702,1,5.5854957697432
1806.1331565380096,2.9908509238343832,1,5.581183509934729
1806.21026968956,2.9730202271843815,1,5.59124544948783
1806.3197660446167,2.985756439077239,1,5.584058349807044
1806.397177696228,2.985756439077239,1,5.584058349807044
1806.4918539524078,2.985756439077239,1,5.584058349807044
1806.5985686779022,2.985756439077239,1,5.584058349807044
1806.7048661708832,2.9959454085915276,1,5.578308670062414
1806.783879518509,2.985756439077239,1,5.584058349807044
1806.8599028587341,2.9730202271843815,1,5.59124544948783
1806.9387068748474,2.9959454085915276,1,5.578308670062414
1807.0318846702576,2.9908509238343832,1,5.581183509934729
1807.1246407032013,2.9806619543200945,1,5.5869331896793595
1807.2183907032013,2.9908509238343832,1,5.581183509934729
1807.3251049518585,2.978114711941526,1,5.588370609615515
1807.4328179359436,2.9806619543200945,1,5.5869331896793595
1807.5235741138458,2.978114711941526,1,5.588370609615515
1807.6168866157532,2.9908509238343832,1,5.581183509934729
1807.7099571228027,2.9730202271843815,1,5.59124544948783
1807.8031866550446,2.9832091966986702,1,5.5854957697432
1807.881020307541,2.9959454085915276,1,5.578308670062414
1807.9559202194214,2.97556746956295,1,5.5898080295516746
1808.0794484615326,2.9883036814558075,1,5.582620929870888
1808.157827615738,2.978114711941526,1,5.588370609615515
1808.25057554245,2.9832091966986702,1,5.5854957697432
1808.3439886569977,2.97556746956295,1,5.5898080295516746
1808.4377217292786,2.993398166212952,1,5.579746089998574
1808.546753168106,2.9908509238343832,1,5.581183509934729
1808.656965970993,2.97556746956295,1,5.5898080295516746
1808.7336280345917,2.9832091966986702,1,5.5854957697432
1808.8114988803864,2.970472984805806,1,5.59268286942399
1808.8915438652039,2.9806619543200945,1,5.5869331896793595
1808.9832978248596,2.9806619543200945,1,5.5869331896793595
1809.0783183574677,2.9806619543200945,1,5.5869331896793595
1809.170744895935,2.970472984805806,1,5.59268286942399
1809.248394727707,2.9832091966986702,1,5.5854957697432
1809.3421404361725,2.97556746956295,1,5.5898080295516746
1809.435038805008,2.9908509238343832,1,5.581183509934729
1809.5122320652008,2.9730202271843815,1,5.59124544948783
1809.5907773971558,2.9730202271843815,1,5.59124544948783
1809.6977455615997,2.9883036814558075,1,5.582620929870888
1809.7916419506073,2.9832091966986702,1,5.5854957697432
1809.8853905200958,2.9908509238343832,1,5.581183509934729
1809.981171131134,2.97556746956295,1,5.5898080295516746
1810.0758814811707,2.9883036814558075,1,5.582620929870888
1810.1696321964264,2.9908509238343832,1,5.581183509934729
1810.2629265785217,2.993398166212952,1,5.579746089998574
1810.3412885665894,2.9832091966986702,1,5.5854957697432
1810.4330432415009,2.993398166212952,1,5.579746089998574
1810.5267930030823,2.9883036814558075,1,5.582620929870888
1810.6355023384094,2.985756439077239,1,5.584058349807044
1810.7278757095337,2.97556746956295,1,5.5898080295516746
1810.8206624984741,2.9806619543200945,1,5.5869331896793595
1810.9158964157104,2.9959454085915276,1,5.578308670062414
1811.0116617679596,2.9806619543200945,1,5.5869331896793595
1811.1203989982605,2.978114711941526,1,5.588370609615515
1811.2310421466827,2.985756439077239,1,5.584058349807044
1811.3407464027405,2.985756439077239,1,5.584058349807044
1811.4654123783112,2.998492650970096,1,5.576871250126258
1811.5571672916412,2.9959454085915276,1,5.578308670062414
1811.6529123783112,2.9908509238343832,1,5.581183509934729
1811.7317187786102,3.001039893348672,1,5.575433830190099
1811.823478460312,2.998492650970096,1,5.576871250126258
1811.9190001487732,2.9959454085915276,1,5.578308670062414
1812.0287084579468,2.9959454085915276,1,5.578308670062414
1812.1228740215302,2.998492650970096,1,5.576871250126258
1812.1998059749603,2.9908509238343832,1,5.581183509934729
1812.2759237289429,2.9832091966986702,1,5.5854957697432
1812.3529057502747,2.998492650970096,1,5.576871250126258
1812.4296441078186,2.9908509238343832,1,5.581183509934729
1812.522551059723,2.9959454085915276,1,5.578308670062414
1812.6014504432678,2.993398166212952,1,5.579746089998574
1812.6796910762787,3.0112288628629607,1,5.569684150445469
1812.75741648674,2.993398166212952,1,5.579746089998574
1812.837150812149,2.9959454085915276,1,5.578308670062414
1812.914999961853,3.008681620484385,1,5.571121570381628
1813.022840499878,2.9883036814558075,1,5.582620929870888
1813.1016619205475,3.001039893348672,1,5.575433830190099
1813.1794295310974,3.0061343781058163,1,5.572558990317784
1813.256283044815,2.9908509238343832,1,5.581183509934729
1813.3341212272644,3.001039893348672,1,5.575433830190099
1813.4120862483978,3.001039893348672,1,5.575433830190099
1813.4905445575714,2.9883036814558075,1,5.582620929870888
1813.5697286128998,3.0061343781058163,1,5.572558990317784
1813.6477217674255,3.0061343781058163,1,5.572558990317784
1813.7268528938293,2.993398166212952,1,5.579746089998574
1813.820612668991,2.9959454085915276,1,5.578308670062414
1813.9313423633575,3.0061343781058163,1,5.572558990317784
1814.0410492420197,2.993398166212952,1,5.579746089998574
1814.1357724666595,3.001039893348672,1,5.575433830190099
1814.2151470184326,3.008681620484385,1,5.571121570381628
1814.2929108142853,2.9959454085915276,1,5.578308670062414
1814.3706588745117,3.0035871357272406,1,5.573996410253944
1814.4484877586365,3.008681620484385,1,5.571121570381628
1814.5412731170654,3.0035871357272406,1,5.573996410253944
1814.650711774826,3.0112288628629607,1,5.569684150445469
1814.7296197414398,3.001039893348672,1,5.575433830190099
1814.807832956314,2.9908509238343832,1,5.581183509934729
1814.8852486610413,3.0061343781058163,1,5.572558990317784
1814.9622094631195,3.0112288628629607,1,5.569684150445469
1815.0399158000946,3.0035871357272406,1,5.573996410253944
1815.119461297989,2.998492650970096,1,5.576871250126258
1815.2130658626556,3.008681620484385,1,5.571121570381628
1815.2929377555847,2.9883036814558075,1,5.582620929870888
1815.3719718456268,3.0035871357272406,1,5.573996410253944
1815.4480316638947,3.0137761052415293,1,5.568246730509314
1815.5248138904572,3.008681620484385,1,5.571121570381628
1815.602221250534,3.0061343781058163,1,5.572558990317784
1815.6798255443573,3.0112288628629607,1,5.569684150445469
1815.7576982975006,2.9908509238343832,1,5.581183509934729
1815.8360047340393,3.0035871357272406,1,5.573996410253944
1815.9132854938507,2.998492650970096,1,5.576871250126258
1815.9926438331604,2.9883036814558075,1,5.582620929870888
1816.100646495819,3.0061343781058163,1,5.572558990317784
1816.176052570343,2.9959454085915276,1,5.578308670062414
1816.2549204826355,2.9883036814558075,1,5.582620929870888
1816.3481907844543,2.998492650970096,1,5.576871250126258
1816.4403266906738,2.998492650970096,1,5.576871250126258
1816.518002986908,2.998492650970096,1,5.576871250126258
1816.5968544483185,3.0035871357272406,1,5.573996410253944
1816.674114704132,2.985756439077239,1,5.584058349807044
1816.752008676529,3.0112288628629607,1,5.569684150445469
1816.8288147449493,2.9959454085915276,1,5.578308670062414
1816.9059817790985,2.9832091966986702,1,5.5854957697432
1816.9850420951843,3.0035871357272406,1,5.573996410253944
1817.0627822875977,3.008681620484385,1,5.571121570381628
1817.1560719013214,2.998492650970096,1,5.576871250126258
1817.2508187294006,3.016323347620105,1,5.566809310573154
1817.343197107315,2.985756439077239,1,5.584058349807044
1817.4389412403107,2.993398166212952,1,5.579746089998574
1817.531217098236,2.993398166212952,1,5.579746089998574
1817.6394815444946,2.998492650970096,1,5.576871250126258
1817.7182552814484,3.0061343781058163,1,5.572558990317784
1817.7937414646149,2.9832091966986702,1,5.5854957697432
1817.8727896213531,3.0035871357272406,1,5.573996410253944
1817.9516921043396,3.0188705899986736,1,5.565371890636998
1818.0453333854675,3.001039893348672,1,5.575433830190099
1818.1252808570862,2.9959454085915276,1,5.578308670062414
1818.2020387649536,3.0112288628629607,1,5.569684150445469
1818.2789053916931,3.001039893348672,1,5.575433830190099
1818.3568325042725,3.0035871357272406,1,5.573996410253944
1818.4350123405457,3.0035871357272406,1,5.573996410253944
1818.511831521988,3.0035871357272406,1,5.573996410253944
1818.59161901474,3.0035871357272406,1,5.573996410253944
1818.6857702732086,3.001039893348672,1,5.575433830190099
1818.7641913890839,2.9908509238343832,1,5.581183509934729
1818.843013048172,2.9959454085915276,1,5.578308670062414
1818.9216916561127,2.9959454085915276,1,5.578308670062414
1819.0137581825256,3.016323347620105,1,5.566809310573154
1819.123750448227,2.998492650970096,1,5.576871250126258
1819.200632095337,3.0035871357272406,1,5.573996410253944
1819.2794392108917,3.001039893348672,1,5.575433830190099
1819.3573725223541,3.008681620484385,1,5.571121570381628
1819.4342484474182,3.001039893348672,1,5.575433830190099
1819.5138912200928,3.0061343781058163,1,5.572558990317784
1819.5906562805176,3.0035871357272406,1,5.573996410253944
1819.6693818569183,3.001039893348672,1,5.575433830190099
1819.7632231712341,3.0265123171343866,1,5.561059630828527
1819.8565211296082,2.9908509238343832,1,5.581183509934729
1819.9314587116241,3.008681620484385,1,5.571121570381628
1820.0101013183594,2.998492650970096,1,5.576871250126258
1820.0887079238892,3.001039893348672,1,5.575433830190099
1820.1650896072388,3.0137761052415293,1,5.568246730509314
1820.2425289154053,2.9959454085915276,1,5.578308670062414
1820.320508480072,3.0061343781058163,1,5.572558990317784
1820.3945367336273,3.008681620484385,1,5.571121570381628
1820.472872018814,2.998492650970096,1,5.576871250126258
1820.5516369342804,3.0035871357272406,1,5.573996410253944
1820.6594588756561,2.9959454085915276,1,5.578308670062414
1820.7368853092194,3.0188705899986736,1,5.565371890636998
1820.8277339935303,3.001039893348672,1,5.575433830190099
1820.9391059875488,2.993398166212952,1,5.579746089998574
1821.0323672294617,2.9959454085915276,1,5.578308670062414
1821.1415853500366,2.9908509238343832,1,5.581183509934729
1821.2213973999023,2.9908509238343832,1,5.581183509934729
1821.3125131130219,3.008681620484385,1,5.571121570381628
1821.4202256202698,3.0035871357272406,1,5.573996410253944
1821.527971982956,3.0137761052415293,1,5.568246730509314
1821.6234781742096,2.998492650970096,1,5.576871250126258
1821.7183547019958,3.0061343781058163,1,5.572558990317784
1821.8261756896973,2.993398166212952,1,5.579746089998574
1821.9348850250244,3.0137761052415293,1,5.568246730509314
1822.0435943603516,3.0035871357272406,1,5.573996410253944
1822.1525461673737,2.993398166212952,1,5.579746089998574
1822.2284832000732,2.9959454085915276,1,5.578308670062414
1822.3074979782104,2.9959454085915276,1,5.578308670062414
1822.4330780506134,3.001039893348672,1,5.575433830190099
1822.5424723625183,3.001039893348672,1,5.575433830190099
1822.6518318653107,3.0035871357272406,1,5.573996410253944
1822.7615389823914,3.008681620484385,1,5.571121570381628
1822.8713619709015,2.9908509238343832,1,5.581183509934729
1822.9800717830658,3.0061343781058163,1,5.572558990317784
1823.091772556305,2.993398166212952,1,5.579746089998574
1823.169444322586,3.0137761052415293,1,5.568246730509314
1823.2466099262238,3.001039893348672,1,5.575433830190099
1823.3424263000488,3.0035871357272406,1,5.573996410253944
1823.4332134723663,3.0214178323772423,1,5.5639344707008425
1823.5428891181946,2.998492650970096,1,5.576871250126258
1823.6515974998474,3.0112288628629607,1,5.569684150445469
1823.7443497180939,3.0112288628629607,1,5.569684150445469
1823.8530943393707,3.0035871357272406,1,5.573996410253944
1823.932844877243,3.0035871357272406,1,5.573996410253944
1824.028589963913,3.0137761052415293,1,5.568246730509314
1824.1219515800476,2.998492650970096,1,5.576871250126258
1824.246830701828,3.0035871357272406,1,5.573996410253944
1824.3384408950806,3.001039893348672,1,5.575433830190099
1824.4175531864166,3.0112288628629607,1,5.569684150445469
1824.4964118003845,3.001039893348672,1,5.575433830190099
1824.5741868019104,3.008681620484385,1,5.571121570381628
1824.6504964828491,3.023965074755818,1,5.562497050764684
1824.7285668849945,3.0137761052415293,1,5.568246730509314
1824.8064079284668,3.0061343781058163,1,5.572558990317784
1824.9153468608856,3.016323347620105,1,5.566809310573154
1825.0220623016357,3.008681620484385,1,5.571121570381628
1825.1477200984955,3.008681620484385,1,5.571121570381628
1825.2262661457062,3.008681620484385,1,5.571121570381628
1825.302958726883,3.0137761052415293,1,5.568246730509314
1825.3826739788055,3.0035871357272406,1,5.573996410253944
1825.4774293899536,3.0137761052415293,1,5.568246730509314
1825.5561101436615,2.998492650970096,1,5.576871250126258
1825.6499271392822,3.0061343781058163,1,5.572558990317784
1825.743677854538,3.0061343781058163,1,5.572558990317784
1825.8843007087708,3.008681620484385,1,5.571121570381628
1825.9920129776,3.0061343781058163,1,5.572558990317784
1826.101718902588,3.001039893348672,1,5.575433830190099
1826.1944723129272,3.0112288628629607,1,5.569684150445469
1826.2902150154114,3.0035871357272406,1,5.573996410253944
1826.3860700130463,3.0035871357272406,1,5.573996410253944
1826.4637415409088,3.008681620484385,1,5.571121570381628
1826.5425248146057,3.0112288628629607,1,5.569684150445469
1826.635526895523,3.0188705899986736,1,5.565371890636998
1826.7130198478699,3.0137761052415293,1,5.568246730509314
1826.791480064392,3.0061343781058163,1,5.572558990317784
1826.867603778839,3.016323347620105,1,5.566809310573154
1826.9451291561127,3.0112288628629607,1,5.569684150445469
1827.024611711502,3.001039893348672,1,5.575433830190099
1827.118486404419,3.0061343781058163,1,5.572558990317784
1827.228890657425,3.0137761052415293,1,5.568246730509314
1827.3385918140411,3.0035871357272406,1,5.573996410253944
1827.4310858249664,3.0137761052415293,1,5.568246730509314
1827.5099349021912,3.008681620484385,1,5.571121570381628
1827.6170394420624,3.0137761052415293,1,5.568246730509314
1827.696629524231,3.0214178323772423,1,5.5639344707008425
1827.7740972042084,3.0112288628629607,1,5.569684150445469
1827.8509089946747,3.023965074755818,1,5.562497050764684
1827.9300467967987,3.023965074755818,1,5.562497050764684
1828.007863521576,2.9959454085915276,1,5.578308670062414
1828.0848841667175,3.001039893348672,1,5.575433830190099
1828.1620028018951,3.0188705899986736,1,5.565371890636998
1828.241135597229,2.998492650970096,1,5.576871250126258
1828.3178136348724,3.0061343781058163,1,5.572558990317784
1828.3948829174042,3.016323347620105,1,5.566809310573154
1828.4707610607147,3.008681620484385,1,5.571121570381628
1828.5464220046997,3.0112288628629607,1,5.569684150445469
1828.6233954429626,3.0061343781058163,1,5.572558990317784
1828.7019555568695,3.008681620484385,1,5.571121570381628
1828.7784640789032,3.0214178323772423,1,5.5639344707008425
1828.8573107719421,2.9959454085915276,1,5.578308670062414
1828.935287475586,3.0137761052415293,1,5.568246730509314
1829.0439891815186,3.0035871357272406,1,5.573996410253944
1829.1229095458984,3.0061343781058163,1,5.572558990317784
1829.2017512321472,3.001039893348672,1,5.575433830190099
1829.278730392456,3.001039893348672,1,5.575433830190099
1829.3571536540985,3.001039893348672,1,5.575433830190099
1829.4354507923126,2.9959454085915276,1,5.578308670062414
1829.512347459793,3.001039893348672,1,5.575433830190099
1829.5909368991852,2.998492650970096,1,5.576871250126258
1829.6682856082916,3.0137761052415293,1,5.568246730509314
1829.7444927692413,2.998492650970096,1,5.576871250126258
1829.820687532425,3.0061343781058163,1,5.572558990317784
1829.8991656303406,3.0188705899986736,1,5.565371890636998
1829.9909703731537,3.0035871357272406,1,5.573996410253944
1830.0708694458008,3.0061343781058163,1,5.572558990317784
1830.1493592262268,3.016323347620105,1,5.566809310573154
1830.2264699935913,3.016323347620105,1,5.566809310573154
1830.30313205719,2.9908509238343832,1,5.581183509934729
1830.3816556930542,3.0035871357272406,1,5.573996410253944
1830.5074775218964,2.9959454085915276,1,5.578308670062414
1830.5846128463745,3.0035871357272406,1,5.573996410253944
1830.6770315170288,3.001039893348672,1,5.575433830190099
1830.772334575653,2.993398166212952,1,5.579746089998574
1830.8650867938995,3.0188705899986736,1,5.565371890636998
1830.9578120708466,2.998492650970096,1,5.576871250126258
1831.0498223304749,3.0061343781058163,1,5.572558990317784
1831.157389640808,2.998492650970096,1,5.576871250126258
1831.249908208847,3.0112288628629607,1,5.569684150445469
1831.343668937683,3.0061343781058163,1,5.572558990317784
1831.4214334487915,2.9883036814558075,1,5.582620929870888
1831.500482559204,3.001039893348672,1,5.575433830190099
1831.5932717323303,2.998492650970096,1,5.576871250126258
1831.6860291957855,2.9959454085915276,1,5.578308670062414
1831.7658138275146,3.0137761052415293,1,5.568246730509314
1831.8595595359802,2.9908509238343832,1,5.581183509934729
1831.9393546581268,2.998492650970096,1,5.576871250126258
1832.0321025848389,2.998492650970096,1,5.576871250126258
1832.156687259674,2.9959454085915276,1,5.578308670062414
1832.2500958442688,3.0035871357272406,1,5.573996410253944
1832.3418493270874,2.993398166212952,1,5.579746089998574
1832.4376246929169,2.985756439077239,1,5.584058349807044
1832.5314311981201,3.0061343781058163,1,5.572558990317784
1832.6249508857727,3.0035871357272406,1,5.573996410253944
1832.7019832134247,3.0035871357272406,1,5.573996410253944
1832.7785923480988,2.9959454085915276,1,5.578308670062414
1832.8723630905151,2.9959454085915276,1,5.578308670062414
1832.9671094417572,2.993398166212952,1,5.579746089998574
1833.059861421585,3.001039893348672,1,5.575433830190099
1833.1546123027802,2.9908509238343832,1,5.581183509934729
1833.2473607063293,2.998492650970096,1,5.576871250126258
1833.3411140441895,2.993398166212952,1,5.579746089998574
1833.4358568191528,2.9959454085915276,1,5.578308670062414
1833.5306022167206,2.998492650970096,1,5.576871250126258
1833.622395992279,3.0035871357272406,1,5.573996410253944
1833.71617436409,3.0035871357272406,1,5.573996410253944
1833.8098192214966,2.998492650970096,1,5.576871250126258
1833.9175479412079,3.0137761052415293,1,5.568246730509314
1834.0122957229614,3.001039893348672,1,5.575433830190099
1834.1073310375214,2.998492650970096,1,5.576871250126258
1834.2006206512451,3.001039893348672,1,5.575433830190099
1834.2936611175537,2.998492650970096,1,5.576871250126258
1834.3868980407715,3.001039893348672,1,5.575433830190099
1834.4826385974884,3.0112288628629607,1,5.569684150445469
1834.5773315429688,3.0035871357272406,1,5.573996410253944
1834.6710348129272,2.9832091966986702,1,5.5854957697432
1834.7655227184296,3.0112288628629607,1,5.569684150445469
1834.8571729660034,2.9806619543200945,1,5.5869331896793595
1834.9516642093658,3.0137761052415293,1,5.568246730509314
1835.0295267105103,3.008681620484385,1,5.571121570381628
1835.1068198680878,2.998492650970096,1,5.576871250126258
1835.200438261032,3.001039893348672,1,5.575433830190099
1835.2926270961761,2.998492650970096,1,5.576871250126258
1835.3859832286835,3.001039893348672,1,5.575433830190099
1835.4817340373993,3.008681620484385,1,5.571121570381628
1835.60599899292,2.9959454085915276,1,5.578308670062414
1835.7011938095093,2.9959454085915276,1,5.578308670062414
1835.7949578762054,3.0035871357272406,1,5.573996410253944
1835.8867011070251,3.0061343781058163,1,5.572558990317784
1835.9821224212646,3.0137761052415293,1,5.568246730509314
1836.0759115219116,2.9883036814558075,1,5.582620929870888
1836.1695845127106,2.985756439077239,1,5.584058349807044
1836.2464735507965,2.998492650970096,1,5.576871250126258
1836.3234691619873,2.993398166212952,1,5.579746089998574
1836.4169323444366,3.008681620484385,1,5.571121570381628
1836.510008573532,3.001039893348672,1,5.575433830190099
1836.6037678718567,2.9832091966986702,1,5.5854957697432
1836.6995856761932,3.0061343781058163,1,5.572558990317784
1836.7926168441772,3.0112288628629607,1,5.569684150445469
1836.8864121437073,3.008681620484385,1,5.571121570381628
1836.979147195816,2.998492650970096,1,5.576871250126258
1837.0719363689423,3.0035871357272406,1,5.573996410253944
1837.1676750183105,3.001039893348672,1,5.575433830190099
1837.2913491725922,3.008681620484385,1,5.571121570381628
1837.3850972652435,2.998492650970096,1,5.576871250126258
1837.46173787117,3.0137761052415293,1,5.568246730509314
1837.5397448539734,2.985756439077239,1,5.584058349807044
1837.6337656974792,3.0061343781058163,1,5.572558990317784
1837.7255246639252,3.0137761052415293,1,5.568246730509314
1837.82026720047,2.998492650970096,1,5.576871250126258
1837.914074897766,3.0137761052415293,1,5.568246730509314
1838.009719133377,3.0035871357272406,1,5.573996410253944
1838.1054689884186,2.9959454085915276,1,5.578308670062414
1838.1988925933838,3.0137761052415293,1,5.568246730509314
1838.3091449737549,3.0061343781058163,1,5.572558990317784
1838.401897907257,3.0035871357272406,1,5.573996410253944
1838.49768948555,3.023965074755818,1,5.562497050764684
1838.5914795398712,3.0188705899986736,1,5.565371890636998
1838.6693758964539,3.0061343781058163,1,5.572558990317784
1838.7481768131256,3.0137761052415293,1,5.568246730509314
1838.8419363498688,3.0112288628629607,1,5.569684150445469
1838.953624010086,3.008681620484385,1,5.571121570381628
1839.046375989914,3.023965074755818,1,5.562497050764684
1839.1401245594025,3.0061343781058163,1,5.572558990317784
1839.2498314380646,3.016323347620105,1,5.566809310573154
1839.3415868282318,3.0061343781058163,1,5.572558990317784
1839.4373314380646,3.0112288628629607,1,5.569684150445469
1839.5310802459717,3.0112288628629607,1,5.569684150445469
1839.6228592395782,3.0112288628629607,1,5.569684150445469
1839.716608285904,3.0137761052415293,1,5.568246730509314
1839.8092684745789,3.008681620484385,1,5.571121570381628
1839.888155221939,3.0188705899986736,1,5.565371890636998
1839.9649901390076,3.031606801891531,1,5.558184790956212
1840.0584621429443,3.0061343781058163,1,5.572558990317784
1840.1523787975311,3.0137761052415293,1,5.568246730509314
1840.245130777359,3.0112288628629607,1,5.569684150445469
1840.3399291038513,3.0112288628629607,1,5.569684150445469
1840.449912071228,2.970472984805806,1,5.59268286942399
1840.5435292720795,3.008681620484385,1,5.571121570381628
1840.6394577026367,3.0188705899986736,1,5.565371890636998
1840.765121936798,3.023965074755818,1,5.562497050764684
1840.8588712215424,3.0214178323772423,1,5.5639344707008425
1840.9516847133636,3.0137761052415293,1,5.568246730509314
1841.0295839309692,3.031606801891531,1,5.558184790956212
1841.1095139980316,3.0112288628629607,1,5.569684150445469
1841.2025010585785,3.016323347620105,1,5.566809310573154
1841.2816150188446,3.0188705899986736,1,5.565371890636998
1841.359581708908,3.0188705899986736,1,5.565371890636998
1841.435652256012,3.0035871357272406,1,5.573996410253944
1841.5313930511475,3.001039893348672,1,5.575433830190099
1841.6400604248047,3.001039893348672,1,5.575433830190099
1841.7487707138062,3.0188705899986736,1,5.565371890636998
1841.8445134162903,3.0112288628629607,1,5.569684150445469
1841.9522333145142,3.0061343781058163,1,5.572558990317784
1842.0619676113129,3.023965074755818,1,5.562497050764684
1842.1550962924957,3.023965074755818,1,5.562497050764684
1842.2321717739105,3.016323347620105,1,5.566809310573154
1842.3107628822327,3.023965074755818,1,5.562497050764684
1842.4195659160614,3.0061343781058163,1,5.572558990317784
1842.4993619918823,3.0188705899986736,1,5.565371890636998
1842.6080684661865,3.039248529027251,1,5.5538725311477375
1842.7323234081268,3.023965074755818,1,5.562497050764684
1842.8413338661194,3.0112288628629607,1,5.569684150445469
1842.9519741535187,3.016323347620105,1,5.566809310573154
1843.0297663211823,3.023965074755818,1,5.562497050764684
1843.1384794712067,3.008681620484385,1,5.571121570381628
1843.2472622394562,3.0214178323772423,1,5.5639344707008425
1843.3707416057587,3.0112288628629607,1,5.569684150445469
1843.450028181076,3.0137761052415293,1,5.568246730509314
1843.5273718833923,3.023965074755818,1,5.562497050764684
1843.6069946289062,3.0137761052415293,1,5.568246730509314
1843.6858549118042,3.0112288628629607,1,5.569684150445469
1843.7641010284424,3.0341540442701067,1,5.5567473710200534
1843.8588473796844,3.023965074755818,1,5.562497050764684
1843.9378156661987,3.0035871357272406,1,5.573996410253944
1844.0156264305115,3.0188705899986736,1,5.565371890636998
1844.1251165866852,3.0188705899986736,1,5.565371890636998
1844.204157590866,3.0188705899986736,1,5.565371890636998
1844.2961354255676,3.031606801891531,1,5.558184790956212
1844.4065141677856,3.016323347620105,1,5.566809310573154
1844.5301821231842,3.023965074755818,1,5.562497050764684
1844.6229319572449,3.023965074755818,1,5.562497050764684
1844.715716600418,3.0137761052415293,1,5.568246730509314
1844.8114614486694,3.0188705899986736,1,5.565371890636998
1844.888697385788,3.0188705899986736,1,5.565371890636998
1844.9816417694092,3.0214178323772423,1,5.5639344707008425
1845.0769367218018,3.0341540442701067,1,5.5567473710200534
1845.1558103561401,3.0137761052415293,1,5.568246730509314
1845.234439611435,3.0290595595129624,1,5.559622210892368
1845.3131861686707,3.0341540442701067,1,5.5567473710200534
1845.4199016094208,3.0112288628629607,1,5.569684150445469
1845.5475599765778,3.0265123171343866,1,5.561059630828527
1845.655820608139,3.0112288628629607,1,5.569684150445469
1845.7348506450653,3.0214178323772423,1,5.5639344707008425
1845.8439033031464,3.023965074755818,1,5.562497050764684
1845.9209570884705,3.0112288628629607,1,5.569684150445469
1845.9995732307434,3.0341540442701067,1,5.5567473710200534
1846.0767216682434,3.039248529027251,1,5.5538725311477375
1846.1546111106873,3.023965074755818,1,5.562497050764684
1846.2325823307037,3.031606801891531,1,5.558184790956212
1846.3103375434875,3.0367012866486753,1,5.555309951083897
1846.3876595497131,3.0290595595129624,1,5.559622210892368
1846.4658980369568,3.0367012866486753,1,5.555309951083897
1846.5447273254395,3.0417957714058197,1,5.552435111211582
1846.6211867332458,3.023965074755818,1,5.562497050764684
1846.6994915008545,3.0341540442701067,1,5.5567473710200534
1846.7779111862183,3.0341540442701067,1,5.5567473710200534
1846.8539786338806,3.0290595595129624,1,5.559622210892368
1846.9315433502197,3.0367012866486753,1,5.555309951083897
1847.0106630325317,3.0265123171343866,1,5.561059630828527
1847.0877902507782,3.0214178323772423,1,5.5639344707008425
1847.1671075820923,3.039248529027251,1,5.5538725311477375
1847.2462666034698,3.0443430137843954,1,5.550997691275423
1847.356122970581,3.023965074755818,1,5.562497050764684
1847.434235572815,3.0341540442701067,1,5.5567473710200534
1847.5122714042664,3.0290595595129624,1,5.559622210892368
1847.5897278785706,3.0290595595129624,1,5.559622210892368
1847.6693019866943,3.0137761052415293,1,5.568246730509314
1847.7477202415466,3.0341540442701067,1,5.5567473710200534
1847.8273985385895,3.039248529027251,1,5.5538725311477375
1847.9071905612946,3.0265123171343866,1,5.561059630828527
1847.9841885566711,3.0265123171343866,1,5.561059630828527
1848.062616109848,3.0494374985415327,1,5.548122851403112
1848.1396329402924,3.031606801891531,1,5.558184790956212
1848.2166073322296,3.023965074755818,1,5.562497050764684
1848.294311761856,3.031606801891531,1,5.558184790956212
1848.374107837677,3.0367012866486753,1,5.555309951083897
1848.466675043106,3.0417957714058197,1,5.552435111211582
1848.5456631183624,3.046890256162964,1,5.549560271339267
1848.6248862743378,3.0341540442701067,1,5.5567473710200534
1848.7026135921478,3.031606801891531,1,5.558184790956212
1848.8114948272705,3.0290595595129624,1,5.559622210892368
1848.8889245986938,3.039248529027251,1,5.5538725311477375
1848.9670083522797,3.023965074755818,1,5.562497050764684
1849.0454680919647,3.0494374985415327,1,5.548122851403112
1849.1241698265076,3.0265123171343866,1,5.561059630828527
1849.2018628120422,3.0290595595129624,1,5.559622210892368
1849.2820208072662,3.0341540442701067,1,5.5567473710200534
1849.359673500061,3.0443430137843954,1,5.550997691275423
1849.4375402927399,3.0290595595129624,1,5.559622210892368
1849.5306768417358,3.0417957714058197,1,5.552435111211582
1849.6249248981476,3.0519847409201084,1,5.546685431466952
1849.7021069526672,3.0265123171343866,1,5.561059630828527
1849.7809298038483,3.0367012866486753,1,5.555309951083897
1849.8583714962006,3.0341540442701067,1,5.5567473710200534
1849.936427116394,3.039248529027251,1,5.5538725311477375
1850.012039422989,3.0367012866486753,1,5.555309951083897
1850.0888993740082,3.031606801891531,1,5.558184790956212
1850.168134689331,3.0417957714058197,1,5.552435111211582
1850.2628996372223,3.0367012866486753,1,5.555309951083897
1850.339802980423,3.0265123171343866,1,5.561059630828527
1850.4179804325104,3.0341540442701067,1,5.5567473710200534
1850.4961771965027,3.046890256162964,1,5.549560271339267
1850.5731265544891,3.0290595595129624,1,5.559622210892368
1850.6517736911774,3.039248529027251,1,5.5538725311477375
1850.7306401729584,3.046890256162964,1,5.549560271339267
1850.8065922260284,3.031606801891531,1,5.558184790956212
1850.8857848644257,3.039248529027251,1,5.5538725311477375
1850.965143442154,3.054531983298677,1,5.545248011530797
1851.0418350696564,3.0417957714058197,1,5.552435111211582
1851.1198275089264,3.039248529027251,1,5.5538725311477375
1851.1991913318634,3.0341540442701067,1,5.5567473710200534
1851.2762658596039,3.0519847409201084,1,5.546685431466952
1851.3524053096771,3.031606801891531,1,5.558184790956212
1851.4317893981934,3.039248529027251,1,5.5538725311477375
1851.5088908672333,3.0519847409201084,1,5.546685431466952
1851.586460351944,3.0367012866486753,1,5.555309951083897
1851.6972606182098,3.046890256162964,1,5.549560271339267
1851.7740306854248,3.046890256162964,1,5.549560271339267
1851.8667821884155,3.023965074755818,1,5.562497050764684
1851.9457404613495,3.0417957714058197,1,5.552435111211582
1852.0219428539276,3.039248529027251,1,5.5538725311477375
1852.1005365848541,3.0290595595129624,1,5.559622210892368
1852.1778779029846,3.0443430137843954,1,5.550997691275423
1852.2548863887787,3.0265123171343866,1,5.561059630828527
1852.349967956543,3.031606801891531,1,5.558184790956212
1852.4574587345123,3.0494374985415327,1,5.548122851403112
1852.5658898353577,3.0265123171343866,1,5.561059630828527
1852.6717419624329,3.023965074755818,1,5.562497050764684
1852.7651371955872,3.039248529027251,1,5.5538725311477375
1852.8763699531555,3.0417957714058197,1,5.552435111211582
1852.9860780239105,3.031606801891531,1,5.558184790956212
1853.0958921909332,3.046890256162964,1,5.549560271339267
1853.171941280365,3.0341540442701067,1,5.5567473710200534
1853.2484738826752,3.0494374985415327,1,5.548122851403112
1853.3256661891937,3.0494374985415327,1,5.548122851403112
1853.462556362152,3.0417957714058197,1,5.552435111211582
1853.5882251262665,3.0417957714058197,1,5.552435111211582
1853.6819982528687,3.0443430137843954,1,5.550997691275423
1853.7777619361877,3.0494374985415327,1,5.548122851403112
1853.8874366283417,3.0367012866486753,1,5.555309951083897
1853.9792656898499,3.046890256162964,1,5.549560271339267
1854.0572652816772,3.0570792256772528,1,5.543810591594637
1854.135452747345,3.039248529027251,1,5.5538725311477375
1854.2148461341858,3.046890256162964,1,5.549560271339267
1854.291190624237,3.0494374985415327,1,5.548122851403112
1854.3670094013214,3.0341540442701067,1,5.5567473710200534
1854.4462242126465,3.054531983298677,1,5.545248011530797
1854.5409908294678,3.0367012866486753,1,5.555309951083897
1854.6502447128296,3.0265123171343866,1,5.561059630828527
1854.7449419498444,3.046890256162964,1,5.549560271339267
1854.8219277858734,3.0341540442701067,1,5.5567473710200534
1854.9001634120941,3.046890256162964,1,5.549560271339267
1854.976227760315,3.0494374985415327,1,5.548122851403112
1855.0839529037476,3.0061343781058163,1,5.572558990317784
1855.162962436676,3.0417957714058197,1,5.552435111211582
1855.2407150268555,3.0519847409201084,1,5.546685431466952
1855.3337604999542,3.0367012866486753,1,5.555309951083897
1855.427193403244,3.0596264680558214,1,5.542373171658482
1855.5038373470306,3.031606801891531,1,5.558184790956212
1855.5807189941406,3.0417957714058197,1,5.552435111211582
1855.6744637489319,3.0494374985415327,1,5.548122851403112
1855.75026679039,3.0443430137843954,1,5.550997691275423
1855.8289122581482,3.0443430137843954,1,5.550997691275423
1855.9074375629425,3.0443430137843954,1,5.550997691275423
1855.999273300171,3.039248529027251,1,5.5538725311477375
1856.079316854477,3.0570792256772528,1,5.543810591594637
1856.158849954605,3.039248529027251,1,5.5538725311477375
1856.2346880435944,3.0417957714058197,1,5.552435111211582
1856.3125269412994,3.0494374985415327,1,5.548122851403112
1856.391304731369,3.039248529027251,1,5.5538725311477375
1856.4681787490845,3.046890256162964,1,5.549560271339267
1856.5778844356537,3.0519847409201084,1,5.546685431466952
1856.6840884685516,3.0417957714058197,1,5.552435111211582
1856.777265548706,3.0443430137843954,1,5.550997691275423
1856.8719816207886,3.0519847409201084,1,5.546685431466952
1856.9806451797485,3.0494374985415327,1,5.548122851403112
1857.0596008300781,3.046890256162964,1,5.549560271339267
1857.1519572734833,3.039248529027251,1,5.5538725311477375
1857.2288239002228,3.054531983298677,1,5.545248011530797
1857.3082292079926,3.0596264680558214,1,5.542373171658482
1857.3861720561981,3.046890256162964,1,5.549560271339267
1857.4661872386932,3.0443430137843954,1,5.550997691275423
1857.5449080467224,3.0443430137843954,1,5.550997691275423
1857.6229627132416,3.046890256162964,1,5.549560271339267
1857.6994278430939,3.0417957714058197,1,5.552435111211582
1857.779375553131,3.0494374985415327,1,5.548122851403112
1857.8563108444214,3.0443430137843954,1,5.550997691275423
1857.935584783554,3.046890256162964,1,5.549560271339267
1858.0146701335907,3.0443430137843954,1,5.550997691275423
1858.1229655742645,3.0417957714058197,1,5.552435111211582
1858.2015707492828,3.0417957714058197,1,5.552435111211582
1858.28053689003,3.0367012866486753,1,5.555309951083897
1858.3578033447266,3.054531983298677,1,5.545248011530797
1858.436445236206,3.0367012866486753,1,5.555309951083897
1858.51482629776,3.046890256162964,1,5.549560271339267
1858.608199596405,3.0519847409201084,1,5.546685431466952
1858.7340185642242,3.0494374985415327,1,5.548122851403112
1858.8563270568848,3.0596264680558214,1,5.542373171658482
1858.9484148025513,3.0417957714058197,1,5.552435111211582
1859.056690454483,3.046890256162964,1,5.549560271339267
1859.1683595180511,3.0443430137843954,1,5.550997691275423
1859.2621760368347,3.046890256162964,1,5.549560271339267
1859.3416547775269,3.054531983298677,1,5.545248011530797
1859.4189043045044,3.0443430137843954,1,5.550997691275423
1859.5121455192566,3.0570792256772528,1,5.543810591594637
1859.591949224472,3.0443430137843954,1,5.550997691275423
1859.686589717865,3.0443430137843954,1,5.550997691275423
1859.7773809432983,3.039248529027251,1,5.5538725311477375
1859.8871264457703,3.0443430137843954,1,5.550997691275423
1859.980126619339,3.062173710434397,1,5.540935751722322
1860.0587894916534,3.054531983298677,1,5.545248011530797
1860.1377058029175,3.046890256162964,1,5.549560271339267
1860.2155838012695,3.046890256162964,1,5.549560271339267
1860.3079419136047,3.0570792256772528,1,5.543810591594637
1860.3869745731354,3.0443430137843954,1,5.550997691275423
1860.4648854732513,3.0519847409201084,1,5.546685431466952
1860.558028459549,3.0570792256772528,1,5.543810591594637
1860.651778936386,3.0417957714058197,1,5.552435111211582
1860.744750738144,3.062173710434397,1,5.540935751722322
1860.8562932014465,3.0494374985415327,1,5.548122851403112
1860.947854757309,3.0417957714058197,1,5.552435111211582
1861.0406017303467,3.0494374985415327,1,5.548122851403112
1861.1335940361023,3.0417957714058197,1,5.552435111211582
1861.2274918556213,3.0647209528129657,1,5.539498331786167
1861.3202431201935,3.0494374985415327,1,5.548122851403112
1861.3962926864624,3.0443430137843954,1,5.550997691275423
1861.5052757263184,3.0494374985415327,1,5.548122851403112
1861.5960478782654,3.0519847409201084,1,5.546685431466952
1861.6888184547424,3.0494374985415327,1,5.548122851403112
1861.781259059906,3.0417957714058197,1,5.552435111211582
1861.8740153312683,3.062173710434397,1,5.540935751722322
1861.9689321517944,3.0494374985415327,1,5.548122851403112
1862.0616092681885,3.046890256162964,1,5.549560271339267
1862.1563658714294,3.054531983298677,1,5.545248011530797
1862.249487400055,3.0367012866486753,1,5.555309951083897
1862.3438124656677,3.054531983298677,1,5.545248011530797
1862.4375603199005,3.0647209528129657,1,5.539498331786167
1862.5316996574402,3.0443430137843954,1,5.550997691275423
1862.611634016037,3.0443430137843954,1,5.550997691275423
1862.703903913498,3.0443430137843954,1,5.550997691275423
1862.795657157898,3.054531983298677,1,5.545248011530797
1862.8894107341766,3.0494374985415327,1,5.548122851403112
1862.9830203056335,3.0443430137843954,1,5.550997691275423
1863.0773475170135,3.054531983298677,1,5.545248011530797
1863.2030973434448,3.046890256162964,1,5.549560271339267
1863.2978332042694,3.039248529027251,1,5.5538725311477375
1863.4080998897552,3.0596264680558214,1,5.542373171658482
1863.4999549388885,3.046890256162964,1,5.549560271339267
1863.5929021835327,3.054531983298677,1,5.545248011530797
1863.684690952301,3.0494374985415327,1,5.548122851403112
1863.7644548416138,3.0494374985415327,1,5.548122851403112
1863.843808889389,3.0494374985415327,1,5.548122851403112
1863.9365274906158,3.0417957714058197,1,5.552435111211582
1864.0322754383087,3.0417957714058197,1,5.552435111211582
1864.1260318756104,3.0672681951915415,1,5.538060911850007
1864.2177999019623,3.0494374985415327,1,5.548122851403112
1864.3115482330322,3.0519847409201084,1,5.546685431466952
1864.405323266983,3.0596264680558214,1,5.542373171658482
1864.500064611435,3.0519847409201084,1,5.546685431466952
1864.5958132743835,3.0596264680558214,1,5.542373171658482
1864.6875641345978,3.0596264680558214,1,5.542373171658482
1864.7813398838043,3.0443430137843954,1,5.550997691275423
1864.9070434570312,3.0443430137843954,1,5.550997691275423
1864.9860639572144,3.0596264680558214,1,5.542373171658482
1865.0639102458954,3.0417957714058197,1,5.552435111211582
1865.1577851772308,3.0672681951915415,1,5.538060911850007
1865.2495410442352,3.046890256162964,1,5.549560271339267
1865.3433175086975,3.0494374985415327,1,5.548122851403112
1865.4360702037811,3.0443430137843954,1,5.550997691275423
1865.5457844734192,3.0443430137843954,1,5.550997691275423
1865.6405296325684,3.0570792256772528,1,5.543810591594637
1865.7359812259674,3.046890256162964,1,5.549560271339267
1865.8277461528778,3.0443430137843954,1,5.550997691275423
1865.921051979065,3.0647209528129657,1,5.539498331786167
1866.0163960456848,3.0494374985415327,1,5.548122851403112
1866.1096334457397,3.0647209528129657,1,5.539498331786167
1866.1874499320984,3.0570792256772528,1,5.543810591594637
1866.279200553894,3.046890256162964,1,5.549560271339267
1866.3589913845062,3.054531983298677,1,5.545248011530797
1866.4540753364563,3.0647209528129657,1,5.539498331786167
1866.547848701477,3.039248529027251,1,5.5538725311477375
1866.6728661060333,3.0519847409201084,1,5.546685431466952
1866.7652316093445,3.054531983298677,1,5.545248011530797
1866.8589811325073,3.0647209528129657,1,5.539498331786167
1866.9522881507874,3.046890256162964,1,5.549560271339267
1867.046264886856,3.0570792256772528,1,5.543810591594637
1867.139864206314,3.0647209528129657,1,5.539498331786167
1867.2327988147736,3.0596264680558214,1,5.542373171658482
1867.3264360427856,3.0647209528129657,1,5.539498331786167
1867.4042987823486,3.0672681951915415,1,5.538060911850007
1867.4970996379852,3.054531983298677,1,5.545248011530797
1867.5908439159393,3.06981543757011,1,5.5366234919138515
1867.6845009326935,3.0647209528129657,1,5.539498331786167
1867.7782580852509,3.0672681951915415,1,5.538060911850007
1867.8728857040405,3.0749099223272545,1,5.533748652041536
1867.9665279388428,3.0570792256772528,1,5.543810591594637
1868.0619864463806,3.0647209528129657,1,5.539498331786167
1868.155755519867,3.0647209528129657,1,5.539498331786167
1868.2491302490234,3.0570792256772528,1,5.543810591594637
1868.3728339672089,3.062173710434397,1,5.540935751722322
1868.4658589363098,3.0596264680558214,1,5.542373171658482
1868.5449757575989,3.0596264680558214,1,5.542373171658482
1868.621749639511,3.0596264680558214,1,5.542373171658482
1868.7005124092102,3.0443430137843954,1,5.550997691275423
1868.7952597141266,3.0596264680558214,1,5.542373171658482
1868.8890085220337,3.0647209528129657,1,5.539498331786167
1868.9847855567932,3.0596264680558214,1,5.542373171658482
1869.077505350113,3.0647209528129657,1,5.539498331786167
1869.1722540855408,3.054531983298677,1,5.545248011530797
1869.2660019397736,3.054531983298677,1,5.545248011530797
1869.3574328422546,3.0596264680558214,1,5.542373171658482
1869.4532010555267,3.0647209528129657,1,5.539498331786167
1869.544932126999,3.0596264680558214,1,5.542373171658482
1869.6396956443787,3.0672681951915415,1,5.538060911850007
1869.7345898151398,3.0647209528129657,1,5.539498331786167
1869.8251786231995,3.0672681951915415,1,5.538060911850007
1869.9179685115814,3.0570792256772528,1,5.543810591594637
1870.0436055660248,3.072362679948686,1,5.535186071977692
1870.1370568275452,3.06981543757011,1,5.5366234919138515
1870.2318050861359,3.0494374985415327,1,5.548122851403112
1870.324334859848,3.072362679948686,1,5.535186071977692
1870.4176361560822,3.0443430137843954,1,5.550997691275423
1870.5094096660614,3.0519847409201084,1,5.546685431466952
1870.6041572093964,3.0647209528129657,1,5.539498331786167
1870.6983318328857,3.054531983298677,1,5.545248011530797
1870.791080236435,3.0647209528129657,1,5.539498331786167
1870.8864600658417,3.0749099223272545,1,5.533748652041536
1870.9786899089813,3.0647209528129657,1,5.539498331786167
1871.0584971904755,3.0647209528129657,1,5.539498331786167
1871.1536147594452,3.0672681951915415,1,5.538060911850007
1871.2473628520966,3.0519847409201084,1,5.546685431466952
1871.3422808647156,3.0647209528129657,1,5.539498331786167
1871.434868812561,3.0647209528129657,1,5.539498331786167
1871.5278067588806,3.0672681951915415,1,5.538060911850007
1871.619764328003,3.0672681951915415,1,5.538060911850007
1871.7426767349243,3.0647209528129657,1,5.539498331786167
1871.8360979557037,3.0596264680558214,1,5.542373171658482
1871.9278252124786,3.0596264680558214,1,5.542373171658482
1872.0215134620667,3.0647209528129657,1,5.539498331786167
1872.1153032779694,3.062173710434397,1,5.540935751722322
1872.192336320877,3.072362679948686,1,5.535186071977692
1872.2829530239105,3.062173710434397,1,5.540935751722322
1872.3767025470734,3.06981543757011,1,5.5366234919138515
1872.469959974289,3.0749099223272545,1,5.533748652041536
1872.5637094974518,3.0647209528129657,1,5.539498331786167
1872.6544806957245,3.0825516494629674,1,5.529436392233066
1872.7496407032013,3.0647209528129657,1,5.539498331786167
1872.8434031009674,3.0596264680558214,1,5.542373171658482
1872.9371564388275,3.0749099223272545,1,5.533748652041536
1873.0299155712128,3.0647209528129657,1,5.539498331786167
1873.1236667633057,3.077457164705823,1,5.532311232105381
1873.2190899848938,3.0596264680558214,1,5.542373171658482
1873.3116199970245,3.0647209528129657,1,5.539498331786167
1873.3886296749115,3.0749099223272545,1,5.533748652041536
1873.499348640442,3.0647209528129657,1,5.539498331786167
1873.5930972099304,3.06981543757011,1,5.5366234919138515
1873.688842535019,3.0672681951915415,1,5.538060911850007
1873.7805969715118,3.054531983298677,1,5.545248011530797
1873.8725941181183,3.072362679948686,1,5.535186071977692
1873.965341091156,3.062173710434397,1,5.540935751722322
1874.0564229488373,3.072362679948686,1,5.535186071977692
1874.1501770019531,3.0647209528129657,1,5.539498331786167
1874.2413969039917,3.0749099223272545,1,5.533748652041536
1874.3351454734802,3.0672681951915415,1,5.538060911850007
1874.4462141990662,3.0647209528129657,1,5.539498331786167
1874.538584947586,3.062173710434397,1,5.540935751722322
1874.6167268753052,3.0647209528129657,1,5.539498331786167
1874.7094962596893,3.0596264680558214,1,5.542373171658482
1874.8022661209106,3.080004407084399,1,5.530873812169221
1874.8965873718262,3.062173710434397,1,5.540935751722322
1874.9902303218842,3.06981543757011,1,5.5366234919138515
1875.0859849452972,3.072362679948686,1,5.535186071977692
1875.2117192745209,3.062173710434397,1,5.540935751722322
1875.3074405193329,3.072362679948686,1,5.535186071977692
1875.4022035598755,3.0749099223272545,1,5.533748652041536
1875.4969472885132,3.0672681951915415,1,5.538060911850007
1875.5906963348389,3.0825516494629674,1,5.529436392233066
1875.6844446659088,3.0749099223272545,1,5.533748652041536
1875.7640581130981,3.0672681951915415,1,5.538060911850007
1875.8427429199219,3.077457164705823,1,5.532311232105381
1875.935567855835,3.077457164705823,1,5.532311232105381
1876.0293016433716,3.06981543757011,1,5.5366234919138515
1876.1230509281158,3.0825516494629674,1,5.529436392233066
1876.218808889389,3.06981543757011,1,5.5366234919138515
1876.312597990036,3.062173710434397,1,5.540935751722322
1876.4058861732483,3.080004407084399,1,5.530873812169221
1876.4996364116669,3.072362679948686,1,5.535186071977692
1876.593730211258,3.0647209528129657,1,5.539498331786167
1876.6886456012726,3.0825516494629674,1,5.529436392233066
1876.7814493179321,3.0749099223272545,1,5.533748652041536
1876.9037370681763,3.080004407084399,1,5.530873812169221
1876.9818351268768,3.0647209528129657,1,5.539498331786167
1877.0597853660583,3.0647209528129657,1,5.539498331786167
1877.1551563739777,3.077457164705823,1,5.532311232105381
1877.2509565353394,3.06981543757011,1,5.5366234919138515
1877.3416743278503,3.0647209528129657,1,5.539498331786167
1877.421460866928,3.0672681951915415,1,5.538060911850007
1877.5145995616913,3.0749099223272545,1,5.533748652041536
1877.6078300476074,3.0672681951915415,1,5.538060911850007
1877.703619480133,3.085098891841543,1,5.527998972296906
1877.7963771820068,3.062173710434397,1,5.540935751722322
1877.892034292221,3.080004407084399,1,5.530873812169221
1877.9848098754883,3.085098891841543,1,5.527998972296906
1878.0795686244965,3.0596264680558214,1,5.542373171658482
1878.1576807498932,3.0749099223272545,1,5.533748652041536
1878.2354714870453,3.0647209528129657,1,5.539498331786167
1878.3272595405579,3.0749099223272545,1,5.533748652041536
1878.4219100475311,3.072362679948686,1,5.535186071977692
1878.5465805530548,3.054531983298677,1,5.545248011530797
1878.6420135498047,3.0672681951915415,1,5.538060911850007
1878.7340350151062,3.072362679948686,1,5.535186071977692
1878.8281638622284,3.0647209528129657,1,5.539498331786167
1878.918973684311,3.092740618977256,1,5.523686712488436
1879.013501405716,3.06981543757011,1,5.5366234919138515
1879.1072702407837,3.080004407084399,1,5.530873812169221
1879.2007842063904,3.0901933765986875,1,5.525124132424591
1879.296531200409,3.0749099223272545,1,5.533748652041536
1879.3760406970978,3.077457164705823,1,5.532311232105381
1879.4687929153442,3.077457164705823,1,5.532311232105381
1879.561544418335,3.062173710434397,1,5.540935751722322
1879.6552929878235,3.095287861355832,1,5.522249292552276
1879.7500417232513,3.092740618977256,1,5.523686712488436
1879.844787120819,3.0749099223272545,1,5.533748652041536
1879.9365429878235,3.0825516494629674,1,5.529436392233066
1880.0298087596893,3.0749099223272545,1,5.533748652041536
1880.1240768432617,3.0749099223272545,1,5.533748652041536
1880.2170150279999,3.0978351037344005,1,5.520811872616121
1880.3441894054413,3.0749099223272545,1,5.533748652041536
1880.4352445602417,3.0825516494629674,1,5.529436392233066
1880.5310580730438,3.072362679948686,1,5.535186071977692
1880.6232433319092,3.080004407084399,1,5.530873812169221
1880.7004947662354,3.085098891841543,1,5.527998972296906
1880.7774143218994,3.0672681951915415,1,5.538060911850007
1880.8542230129242,3.077457164705823,1,5.532311232105381
1880.933156967163,3.102929588491545,1,5.517937032743806
1881.0119314193726,3.085098891841543,1,5.527998972296906
1881.0886898040771,3.087646134220112,1,5.526561552360751
1881.1675462722778,3.080004407084399,1,5.530873812169221
1881.2458243370056,3.085098891841543,1,5.527998972296906
1881.3234560489655,3.092740618977256,1,5.523686712488436
1881.4001848697662,3.0901933765986875,1,5.525124132424591
1881.4790043830872,3.080004407084399,1,5.530873812169221
1881.5562312602997,3.095287861355832,1,5.522249292552276
1881.6359844207764,3.085098891841543,1,5.527998972296906
1881.7135894298553,3.077457164705823,1,5.532311232105381
1881.821571111679,3.087646134220112,1,5.526561552360751
1881.9015448093414,3.085098891841543,1,5.527998972296906
1881.9813249111176,3.087646134220112,1,5.526561552360751
1882.0576181411743,3.0749099223272545,1,5.533748652041536
1882.1365542411804,3.092740618977256,1,5.523686712488436
1882.2138466835022,3.1054768308701135,1,5.51649961280765
1882.2917506694794,3.080004407084399,1,5.530873812169221
1882.3697423934937,3.0825516494629674,1,5.529436392233066
1882.4487283229828,3.085098891841543,1,5.527998972296906
1882.5249302387238,3.092740618977256,1,5.523686712488436
1882.6026968955994,3.092740618977256,1,5.523686712488436
1882.6815009117126,3.0901933765986875,1,5.525124132424591
1882.7574615478516,3.0901933765986875,1,5.525124132424591
1882.8358347415924,3.077457164705823,1,5.532311232105381
1882.928718328476,3.077457164705823,1,5.532311232105381
1883.007507801056,3.095287861355832,1,5.522249292552276
1883.0870139598846,3.1003823461129763,1,5.519374452679961
1883.165955066681,3.077457164705823,1,5.532311232105381
1883.275148153305,3.077457164705823,1,5.532311232105381
1883.3531384468079,3.092740618977256,1,5.523686712488436
1883.4299297332764,3.06981543757011,1,5.5366234919138515
1883.5086114406586,3.085098891841543,1,5.527998972296906
1883.585584640503,3.085098891841543,1,5.527998972296906
1883.6634483337402,3.087646134220112,1,5.526561552360751
1883.7567098140717,3.092740618977256,1,5.523686712488436
1883.8357727527618,3.0825516494629674,1,5.529436392233066
1883.9129600524902,3.077457164705823,1,5.532311232105381
1883.9904091358185,3.087646134220112,1,5.526561552360751
1884.0696413516998,3.077457164705823,1,5.532311232105381
1884.1467967033386,3.0749099223272545,1,5.533748652041536
1884.241444349289,3.0825516494629674,1,5.529436392233066
1884.3506708145142,3.087646134220112,1,5.526561552360751
1884.4599180221558,3.072362679948686,1,5.535186071977692
1884.5539762973785,3.092740618977256,1,5.523686712488436
1884.6300418376923,3.092740618977256,1,5.523686712488436
1884.7082242965698,3.092740618977256,1,5.523686712488436
1884.860900402069,3.077457164705823,1,5.532311232105381
1884.95347738266,3.0978351037344005,1,5.520811872616121
1885.0622267723083,3.087646134220112,1,5.526561552360751
1885.1564044952393,3.092740618977256,1,5.523686712488436
1885.2486305236816,3.095287861355832,1,5.522249292552276
1885.3242206573486,3.0749099223272545,1,5.533748652041536
1885.402506828308,3.0901933765986875,1,5.525124132424591
1885.48233294487,3.0901933765986875,1,5.525124132424591
1885.560162305832,3.0825516494629674,1,5.529436392233066
1885.6399636268616,3.080004407084399,1,5.530873812169221
1885.7179079055786,3.0901933765986875,1,5.525124132424591
1885.7957639694214,3.0825516494629674,1,5.529436392233066
1885.8751714229584,3.077457164705823,1,5.532311232105381
1885.952927827835,3.095287861355832,1,5.522249292552276
1886.029180765152,3.085098891841543,1,5.527998972296906
1886.1081051826477,3.077457164705823,1,5.532311232105381
1886.1848952770233,3.092740618977256,1,5.523686712488436
1886.2630755901337,3.080004407084399,1,5.530873812169221
1886.3429713249207,3.087646134220112,1,5.526561552360751
1886.4516718387604,3.095287861355832,1,5.522249292552276
1886.5307049751282,3.095287861355832,1,5.522249292552276
1886.6100187301636,3.0825516494629674,1,5.529436392233066
1886.6862177848816,3.0978351037344005,1,5.520811872616121
1886.7655184268951,3.1003823461129763,1,5.519374452679961
1886.8434240818024,3.087646134220112,1,5.526561552360751
1886.9199604988098,3.085098891841543,1,5.527998972296906
1886.999319076538,3.092740618977256,1,5.523686712488436
1887.079313993454,3.085098891841543,1,5.527998972296906
1887.1572239398956,3.095287861355832,1,5.522249292552276
1887.2358121871948,3.1054768308701135,1,5.51649961280765
1887.3130764961243,3.087646134220112,1,5.526561552360751
1887.3908104896545,3.077457164705823,1,5.532311232105381
1887.4705140590668,3.0978351037344005,1,5.520811872616121
1887.5473413467407,3.092740618977256,1,5.523686712488436
1887.6238474845886,3.085098891841543,1,5.527998972296906
1887.7017295360565,3.1080240732486892,1,5.515062192871491
1887.7799279689789,3.087646134220112,1,5.526561552360751
1887.8874154090881,3.0978351037344005,1,5.520811872616121
1887.9651968479156,3.0901933765986875,1,5.525124132424591
1888.0448668003082,3.077457164705823,1,5.532311232105381
1888.1219689846039,3.085098891841543,1,5.527998972296906
1888.2009296417236,3.102929588491545,1,5.517937032743806
1888.2793939113617,3.1003823461129763,1,5.519374452679961
1888.3552627563477,3.0978351037344005,1,5.520811872616121
1888.4339203834534,3.1080240732486892,1,5.515062192871491
1888.5129516124725,3.0978351037344005,1,5.520811872616121
1888.6208016872406,3.1003823461129763,1,5.519374452679961
1888.697851896286,3.102929588491545,1,5.517937032743806
1888.775473833084,3.0901933765986875,1,5.525124132424591
1888.8518514633179,3.115665800384402,1,5.51074993306302
1888.929701089859,3.087646134220112,1,5.526561552360751
1889.0079884529114,3.092740618977256,1,5.523686712488436
1889.0869042873383,3.0978351037344005,1,5.520811872616121
1889.1659870147705,3.095287861355832,1,5.522249292552276
1889.243944644928,3.077457164705823,1,5.532311232105381
1889.3529334068298,3.095287861355832,1,5.522249292552276
1889.4316093921661,3.095287861355832,1,5.522249292552276
1889.5077545642853,3.095287861355832,1,5.522249292552276
1889.585402727127,3.110571315627258,1,5.513624772935335
1889.6625878810883,3.0901933765986875,1,5.525124132424591
1889.7533013820648,3.102929588491545,1,5.517937032743806
1889.8294196128845,3.102929588491545,1,5.517937032743806
1889.9075739383698,3.0901933765986875,1,5.525124132424591
1889.9854695796967,3.0901933765986875,1,5.525124132424591
1890.0632815361023,3.1003823461129763,1,5.519374452679961
1890.1406078338623,3.080004407084399,1,5.530873812169221
1890.2177925109863,3.1131185580058336,1,5.512187352999176
1890.2973308563232,3.102929588491545,1,5.517937032743806
1890.3754465579987,3.095287861355832,1,5.522249292552276
1890.4674134254456,3.095287861355832,1,5.522249292552276
1890.54541015625,3.0978351037344005,1,5.520811872616121
1890.6229062080383,3.092740618977256,1,5.523686712488436
1890.7000546455383,3.1054768308701135,1,5.51649961280765
1890.8117804527283,3.0978351037344005,1,5.520811872616121
1890.904628753662,3.102929588491545,1,5.517937032743806
1890.9840142726898,3.102929588491545,1,5.517937032743806
1891.0631964206696,3.1054768308701135,1,5.51649961280765
1891.1399805545807,3.092740618977256,1,5.523686712488436
1891.2177567481995,3.102929588491545,1,5.517937032743806
1891.2939019203186,3.077457164705823,1,5.532311232105381
1891.3706386089325,3.0901933765986875,1,5.525124132424591
1891.4488484859467,3.095287861355832,1,5.522249292552276
1891.5281686782837,3.092740618977256,1,5.523686712488436
1891.6060590744019,3.0978351037344005,1,5.520811872616121
1891.6839663982391,3.0978351037344005,1,5.520811872616121
1891.7625241279602,3.0978351037344005,1,5.520811872616121
1891.839952468872,3.102929588491545,1,5.517937032743806
1891.918047428131,3.102929588491545,1,5.517937032743806
1892.0107979774475,3.0901933765986875,1,5.525124132424591
1892.1353948116302,3.095287861355832,1,5.522249292552276
1892.2456786632538,3.115665800384402,1,5.51074993306302
1892.3693532943726,3.1054768308701135,1,5.51649961280765
1892.4951131343842,3.095287861355832,1,5.522249292552276
1892.601857662201,3.0978351037344005,1,5.520811872616121
1892.7116775512695,3.1054768308701135,1,5.51649961280765
1892.8047442436218,3.085098891841543,1,5.527998972296906
1892.882925748825,3.102929588491545,1,5.517937032743806
1892.974792957306,3.095287861355832,1,5.522249292552276
1893.0503959655762,3.1003823461129763,1,5.519374452679961
1893.1441731452942,3.092740618977256,1,5.523686712488436
1893.2531552314758,3.1080240732486892,1,5.515062192871491
1893.3297309875488,3.1054768308701135,1,5.51649961280765
1893.406242132187,3.1054768308701135,1,5.51649961280765
1893.482608795166,3.1003823461129763,1,5.519374452679961
1893.5615050792694,3.0978351037344005,1,5.520811872616121
1893.640739440918,3.092740618977256,1,5.523686712488436
1893.716608762741,3.1003823461129763,1,5.519374452679961
1893.7950904369354,3.1054768308701135,1,5.51649961280765
1893.8728988170624,3.1003823461129763,1,5.519374452679961
1893.9501991271973,3.1003823461129763,1,5.519374452679961
1894.0611639022827,3.0978351037344005,1,5.520811872616121
1894.1396412849426,3.095287861355832,1,5.522249292552276
1894.21772813797,3.1080240732486892,1,5.515062192871491
1894.3122835159302,3.110571315627258,1,5.513624772935335
1894.4038808345795,3.110571315627258,1,5.513624772935335
1894.480892419815,3.110571315627258,1,5.513624772935335
1894.5601239204407,3.1054768308701135,1,5.51649961280765
1894.638167142868,3.1054768308701135,1,5.51649961280765
1894.7169871330261,3.1080240732486892,1,5.515062192871491
1894.7967669963837,3.115665800384402,1,5.51074993306302
1894.8739748001099,3.095287861355832,1,5.522249292552276
1894.9518053531647,3.095287861355832,1,5.522249292552276
1895.028811454773,3.115665800384402,1,5.51074993306302
1895.105700492859,3.110571315627258,1,5.513624772935335
1895.1834616661072,3.102929588491545,1,5.517937032743806
1895.262942314148,3.1054768308701135,1,5.51649961280765
1895.3556683063507,3.1054768308701135,1,5.51649961280765
1895.4416182041168,3.095287861355832,1,5.522249292552276
1895.5574193000793,3.092740618977256,1,5.523686712488436
1895.6362571716309,3.0978351037344005,1,5.520811872616121
1895.7139313220978,3.115665800384402,1,5.51074993306302
1895.7929141521454,3.092740618977256,1,5.523686712488436
1895.8720197677612,3.1054768308701135,1,5.51649961280765
1895.9508638381958,3.102929588491545,1,5.517937032743806
1896.044710636139,3.102929588491545,1,5.517937032743806
1896.1229410171509,3.1003823461129763,1,5.519374452679961
1896.2015001773834,3.1131185580058336,1,5.512187352999176
1896.2795133590698,3.1207602851415466,1,5.507875093190705
1896.3586676120758,3.1003823461129763,1,5.519374452679961
1896.4543652534485,3.0978351037344005,1,5.520811872616121
1896.5621974468231,3.1054768308701135,1,5.51649961280765
1896.6883571147919,3.1054768308701135,1,5.51649961280765
1896.7646985054016,3.1131185580058336,1,5.512187352999176
1896.844410419464,3.1080240732486892,1,5.515062192871491
1896.9223482608795,3.095287861355832,1,5.522249292552276
1897.000174999237,3.1233075275201223,1,5.5064376732545455
1897.1100435256958,3.1131185580058336,1,5.512187352999176
1897.1873586177826,3.115665800384402,1,5.51074993306302
1897.2642374038696,3.115665800384402,1,5.51074993306302
1897.343870639801,3.1054768308701135,1,5.51649961280765
1897.4224531650543,3.1080240732486892,1,5.515062192871491
1897.5005507469177,3.1131185580058336,1,5.512187352999176
1897.57954621315,3.115665800384402,1,5.51074993306302
1897.6578896045685,3.1080240732486892,1,5.515062192871491
1897.7499723434448,3.1131185580058336,1,5.512187352999176
1897.8299238681793,3.110571315627258,1,5.513624772935335
1897.9088566303253,3.102929588491545,1,5.517937032743806
1897.9857244491577,3.115665800384402,1,5.51074993306302
1898.0642726421356,3.1131185580058336,1,5.512187352999176
1898.155690908432,3.0978351037344005,1,5.520811872616121
1898.2654027938843,3.1131185580058336,1,5.512187352999176
1898.3900668621063,3.110571315627258,1,5.513624772935335
1898.4987151622772,3.115665800384402,1,5.51074993306302
1898.608422279358,3.110571315627258,1,5.513624772935335
1898.7188475131989,3.1054768308701135,1,5.51649961280765
1898.8590908050537,3.115665800384402,1,5.51074993306302
1898.9388716220856,3.102929588491545,1,5.517937032743806
1899.0171291828156,3.1284020122772667,1,5.50356283338223
1899.1099653244019,3.1131185580058336,1,5.512187352999176
1899.2029592990875,3.1131185580058336,1,5.512187352999176
1899.2820966243744,3.115665800384402,1,5.51074993306302
1899.35880112648,3.118213042762978,1,5.5093125131268605
1899.435585975647,3.1233075275201223,1,5.5064376732545455
1899.5143747329712,3.118213042762978,1,5.5093125131268605
1899.5904598236084,3.110571315627258,1,5.513624772935335
1899.683720111847,3.1131185580058336,1,5.512187352999176
1899.7635073661804,3.118213042762978,1,5.5093125131268605
1899.854273557663,3.110571315627258,1,5.513624772935335
1899.933875799179,3.1207602851415466,1,5.507875093190705
1900.02574801445,3.110571315627258,1,5.513624772935335
1900.1190538406372,3.1131185580058336,1,5.512187352999176
1900.1969995498657,3.1207602851415466,1,5.507875093190705
1900.2740025520325,3.115665800384402,1,5.51074993306302
1900.3849017620087,3.1207602851415466,1,5.507875093190705
1900.4626972675323,3.1207602851415466,1,5.507875093190705
1900.5398967266083,3.1207602851415466,1,5.507875093190705
1900.619062423706,3.1284020122772667,1,5.50356283338223
1900.695648908615,3.1207602851415466,1,5.507875093190705
1900.7730402946472,3.115665800384402,1,5.51074993306302
1900.8498334884644,3.1309492546558353,1,5.502125413446075
1900.9286279678345,3.1284020122772667,1,5.50356283338223
1901.006861448288,3.1131185580058336,1,5.512187352999176
1901.081960439682,3.1207602851415466,1,5.507875093190705
1901.1597652435303,3.118213042762978,1,5.5093125131268605
1901.2498977184296,3.1131185580058336,1,5.512187352999176
1901.3277640342712,3.125854769898691,1,5.50500025331839
1901.4052562713623,3.1054768308701135,1,5.51649961280765
1901.4837265014648,3.1666106479558387,1,5.482001534339873
1901.5596194267273,3.1131185580058336,1,5.512187352999176
1901.6363978385925,3.1131185580058336,1,5.512187352999176
1901.715159893036,3.1233075275201223,1,5.5064376732545455
1901.8241152763367,3.102929588491545,1,5.517937032743806
1901.9009974002838,3.110571315627258,1,5.513624772935335
1901.9799695014954,3.1131185580058336,1,5.512187352999176
1902.0591247081757,3.1131185580058336,1,5.512187352999176
1902.1366481781006,3.1207602851415466,1,5.507875093190705
1902.2149648666382,3.1233075275201223,1,5.5064376732545455
1902.2916870117188,3.1131185580058336,1,5.512187352999176
1902.3854229450226,3.1207602851415466,1,5.507875093190705
1902.4652366638184,3.125854769898691,1,5.50500025331839
1902.5416131019592,3.1054768308701135,1,5.51649961280765
1902.6185433864594,3.1131185580058336,1,5.512187352999176
1902.6975991725922,3.1131185580058336,1,5.512187352999176
1902.7926642894745,3.118213042762978,1,5.5093125131268605
1902.884625196457,3.125854769898691,1,5.50500025331839
1902.980369567871,3.1233075275201223,1,5.5064376732545455
1903.0741183757782,3.115665800384402,1,5.51074993306302
1903.1678729057312,3.1207602851415466,1,5.507875093190705
1903.2616267204285,3.115665800384402,1,5.51074993306302
1903.3838815689087,3.110571315627258,1,5.513624772935335
1903.479348897934,3.115665800384402,1,5.51074993306302
1903.5730221271515,3.1080240732486892,1,5.515062192871491
1903.6500117778778,3.1207602851415466,1,5.507875093190705
1903.729035615921,3.118213042762978,1,5.5093125131268605
1903.8227849006653,3.1080240732486892,1,5.515062192871491
1903.916533946991,3.1284020122772667,1,5.50356283338223
1904.0093655586243,3.1309492546558353,1,5.502125413446075
1904.1038563251495,3.1131185580058336,1,5.512187352999176
1904.1982729434967,3.1233075275201223,1,5.5064376732545455
1904.2908763885498,3.125854769898691,1,5.50500025331839
1904.3834853172302,3.118213042762978,1,5.5093125131268605
1904.4762415885925,3.1207602851415466,1,5.507875093190705
1904.5709981918335,3.1233075275201223,1,5.5064376732545455
1904.663256406784,3.125854769898691,1,5.50500025331839
1904.755078792572,3.1233075275201223,1,5.5064376732545455
1904.8469574451447,3.125854769898691,1,5.50500025331839
1904.9248483181,3.118213042762978,1,5.5093125131268605
1905.0166041851044,3.1233075275201223,1,5.5064376732545455
1905.141269683838,3.1284020122772667,1,5.50356283338223
1905.2358736991882,3.1233075275201223,1,5.5064376732545455
1905.3290181159973,3.133496497034404,1,5.500687993509919
1905.4222509860992,3.118213042762978,1,5.5093125131268605
1905.5319571495056,3.1309492546558353,1,5.502125413446075
1905.6416635513306,3.118213042762978,1,5.5093125131268605
1905.7354307174683,3.1233075275201223,1,5.5064376732545455
1905.8431417942047,3.133496497034404,1,5.500687993509919
1905.9521505832672,3.1284020122772667,1,5.50356283338223
1906.0479154586792,3.1309492546558353,1,5.502125413446075
1906.1416697502136,3.125854769898691,1,5.50500025331839
1906.2374639511108,3.1309492546558353,1,5.502125413446075
1906.3272676467896,3.1462327089272684,1,5.49350089382913
1906.4213638305664,3.1233075275201223,1,5.5064376732545455
1906.5310759544373,3.1360437394129796,1,5.49925057357376
1906.624336719513,3.125854769898691,1,5.50500025331839
1906.7195935249329,3.1284020122772667,1,5.50356283338223
1906.8594772815704,3.1284020122772667,1,5.50356283338223
1906.9534182548523,3.115665800384402,1,5.51074993306302
1907.0466842651367,3.125854769898691,1,5.50500025331839
1907.1404309272766,3.1207602851415466,1,5.507875093190705
1907.2331833839417,3.1233075275201223,1,5.5064376732545455
1907.3269321918488,3.1309492546558353,1,5.502125413446075
1907.4216928482056,3.1284020122772667,1,5.50356283338223
1907.5139904022217,3.125854769898691,1,5.50500025331839
1907.6077389717102,3.110571315627258,1,5.513624772935335
1907.703485250473,3.1207602851415466,1,5.507875093190705
1907.7972338199615,3.1284020122772667,1,5.50356283338223
1907.8919796943665,3.1233075275201223,1,5.5064376732545455
1907.9996914863586,3.141138224170124,1,5.496375733701445
1908.092497587204,3.1309492546558353,1,5.502125413446075
1908.201099872589,3.1385909817915483,1,5.497813153637605
1908.2948503494263,3.1309492546558353,1,5.502125413446075
1908.4037754535675,3.1207602851415466,1,5.507875093190705
1908.5427477359772,3.1233075275201223,1,5.5064376732545455
1908.653904914856,3.1233075275201223,1,5.5064376732545455
1908.7482767105103,3.1436854665486926,1,5.494938313765289
1908.841213464737,3.1309492546558353,1,5.502125413446075
1908.9349627494812,3.141138224170124,1,5.496375733701445
1909.0292310714722,3.141138224170124,1,5.496375733701445
1909.1229679584503,3.1284020122772667,1,5.50356283338223
1909.215721130371,3.141138224170124,1,5.496375733701445
1909.3224349021912,3.1207602851415466,1,5.507875093190705
1909.4161834716797,3.1360437394129796,1,5.49925057357376
1909.5109300613403,3.1360437394129796,1,5.49925057357376
1909.6037392616272,3.1385909817915483,1,5.497813153637605
1909.69748711586,3.141138224170124,1,5.496375733701445
1909.7932333946228,3.133496497034404,1,5.500687993509919
1909.8869817256927,3.1360437394129796,1,5.49925057357376
1909.9827253818512,3.1462327089272684,1,5.49350089382913
1910.076566696167,3.141138224170124,1,5.496375733701445
1910.1871740818024,3.125854769898691,1,5.50500025331839
1910.3246629238129,3.141138224170124,1,5.496375733701445
1910.419490814209,3.125854769898691,1,5.50500025331839
1910.527206659317,3.133496497034404,1,5.500687993509919
1910.6209523677826,3.133496497034404,1,5.500687993509919
1910.7147326469421,3.1360437394129796,1,5.49925057357376
1910.8075082302094,3.133496497034404,1,5.500687993509919
1910.9022526741028,3.125854769898691,1,5.50500025331839
1910.9957766532898,3.1284020122772667,1,5.50356283338223
1911.0746486186981,3.125854769898691,1,5.50500025331839
1911.15371966362,3.125854769898691,1,5.50500025331839
1911.246425151825,3.1360437394129796,1,5.49925057357376
1911.342184305191,3.1360437394129796,1,5.49925057357376
1911.4379279613495,3.133496497034404,1,5.500687993509919
1911.5471353530884,3.1436854665486926,1,5.494938313765289
1911.6547183990479,3.141138224170124,1,5.496375733701445
1911.7484543323517,3.1538744360629813,1,5.489188634020659
1911.8441970348358,3.141138224170124,1,5.496375733701445
1911.983827829361,3.1462327089272684,1,5.49350089382913
1912.0775740146637,3.1385909817915483,1,5.497813153637605
1912.1684687137604,3.141138224170124,1,5.496375733701445
1912.2616531848907,3.1360437394129796,1,5.49925057357376
1912.3387310504913,3.133496497034404,1,5.500687993509919
1912.431500196457,3.141138224170124,1,5.496375733701445
1912.5414106845856,3.1360437394129796,1,5.49925057357376
1912.6491210460663,3.148779951305837,1,5.492063473892975
1912.7491896152496,3.133496497034404,1,5.500687993509919
1912.854573726654,3.1309492546558353,1,5.502125413446075
1912.94633436203,3.1360437394129796,1,5.49925057357376
1913.0410742759705,3.1309492546558353,1,5.502125413446075
1913.133826971054,3.1462327089272684,1,5.49350089382913
1913.2296249866486,3.1462327089272684,1,5.49350089382913
1913.3234424591064,3.1360437394129796,1,5.49925057357376
1913.4152319431305,3.1513271936844127,1,5.490626053956815
1913.4939622879028,3.1462327089272684,1,5.49350089382913
1913.6196646690369,3.1436854665486926,1,5.494938313765289
1913.7136750221252,3.1462327089272684,1,5.49350089382913
1913.8066029548645,3.1284020122772667,1,5.50356283338223
1913.8997249603271,3.1436854665486926,1,5.494938313765289
1914.0074441432953,3.141138224170124,1,5.496375733701445
1914.1002016067505,3.1513271936844127,1,5.490626053956815
1914.195431470871,3.148779951305837,1,5.492063473892975
1914.287173986435,3.141138224170124,1,5.496375733701445
1914.378930091858,3.1436854665486926,1,5.494938313765289
1914.4706828594208,3.1360437394129796,1,5.49925057357376
1914.5624442100525,3.1436854665486926,1,5.494938313765289
1914.656883239746,3.1233075275201223,1,5.5064376732545455
1914.734220981598,3.1436854665486926,1,5.494938313765289
1914.827971458435,3.133496497034404,1,5.500687993509919
1914.9197266101837,3.141138224170124,1,5.496375733701445
1915.0134770870209,3.1513271936844127,1,5.490626053956815
1915.108866930008,3.156421678441557,1,5.4877512140845
1915.2026739120483,3.141138224170124,1,5.496375733701445
1915.3286406993866,3.148779951305837,1,5.492063473892975
1915.4223909378052,3.133496497034404,1,5.500687993509919
1915.5161821842194,3.1436854665486926,1,5.494938313765289
1915.6099321842194,3.1462327089272684,1,5.49350089382913
1915.702338218689,3.1436854665486926,1,5.494938313765289
1915.7971255779266,3.156421678441557,1,5.4877512140845
1915.8746528625488,3.1462327089272684,1,5.49350089382913
1915.951503276825,3.1538744360629813,1,5.489188634020659
1916.0466258525848,3.1538744360629813,1,5.489188634020659
1916.13889169693,3.133496497034404,1,5.500687993509919
1916.2326822280884,3.1513271936844127,1,5.490626053956815
1916.3279392719269,3.1436854665486926,1,5.494938313765289
1916.4208879470825,3.1436854665486926,1,5.494938313765289
1916.5156717300415,3.148779951305837,1,5.492063473892975
1916.6104502677917,3.1513271936844127,1,5.490626053956815
1916.7031972408295,3.1385909817915483,1,5.497813153637605
1916.7958431243896,3.1538744360629813,1,5.489188634020659
1916.9344727993011,3.133496497034404,1,5.500687993509919
1917.0298118591309,3.1615161631986943,1,5.484876374212188
1917.1066167354584,3.1436854665486926,1,5.494938313765289
1917.1864566802979,3.141138224170124,1,5.496375733701445
1917.2971618175507,3.1436854665486926,1,5.494938313765289
1917.4207983016968,3.1436854665486926,1,5.494938313765289
1917.5309250354767,3.1666106479558387,1,5.482001534339873
1917.622853755951,3.1462327089272684,1,5.49350089382913
1917.733008146286,3.1538744360629813,1,5.489188634020659
1917.8413829803467,3.1462327089272684,1,5.49350089382913
1917.9371256828308,3.1385909817915483,1,5.497813153637605
1918.0470170974731,3.1513271936844127,1,5.490626053956815
1918.1563770771027,3.133496497034404,1,5.500687993509919
1918.2516219615936,3.148779951305837,1,5.492063473892975
1918.3291301727295,3.148779951305837,1,5.492063473892975
1918.4216227531433,3.141138224170124,1,5.496375733701445
1918.5303330421448,3.1513271936844127,1,5.490626053956815
1918.656019449234,3.1436854665486926,1,5.494938313765289
1918.7497458457947,3.1513271936844127,1,5.490626053956815
1918.84352517128,3.1666106479558387,1,5.482001534339873
1918.9372916221619,3.1436854665486926,1,5.494938313765289
1919.0310385227203,3.156421678441557,1,5.4877512140845
1919.1247878074646,3.1513271936844127,1,5.490626053956815
1919.232531785965,3.1513271936844127,1,5.490626053956815
1919.3426208496094,3.1615161631986943,1,5.484876374212188
1919.4513306617737,3.141138224170124,1,5.496375733701445
1919.561772108078,3.1462327089272684,1,5.49350089382913
1919.6565237045288,3.148779951305837,1,5.492063473892975
1919.7482826709747,3.1615161631986943,1,5.484876374212188
1919.8426043987274,3.1666106479558387,1,5.482001534339873
1919.9360947608948,3.1436854665486926,1,5.494938313765289
1920.0300040245056,3.1666106479558387,1,5.482001534339873
1920.12327003479,3.141138224170124,1,5.496375733701445
1920.2165644168854,3.1513271936844127,1,5.490626053956815
1920.3103132247925,3.1666106479558387,1,5.482001534339873
1920.4359786510468,3.1513271936844127,1,5.490626053956815
1920.5317318439484,3.1666106479558387,1,5.482001534339873
1920.6255023479462,3.1462327089272684,1,5.49350089382913
1920.7043659687042,3.148779951305837,1,5.492063473892975
1920.7970809936523,3.1538744360629813,1,5.489188634020659
1920.9056677818298,3.156421678441557,1,5.4877512140845
1921.001249551773,3.1513271936844127,1,5.490626053956815
1921.0931799411774,3.171705132712983,1,5.479126694467558
1921.1889252662659,3.148779951305837,1,5.492063473892975
1921.281679391861,3.1538744360629813,1,5.489188634020659
1921.3754270076752,3.1666106479558387,1,5.482001534339873
1921.4711244106293,3.1589689208201257,1,5.486313794148344
1921.5619053840637,3.156421678441557,1,5.4877512140845
1921.6556549072266,3.1436854665486926,1,5.494938313765289
1921.7494037151337,3.1589689208201257,1,5.486313794148344
1921.8411769866943,3.1538744360629813,1,5.489188634020659
1921.9349353313446,3.1462327089272684,1,5.49350089382913
1922.0765569210052,3.1538744360629813,1,5.489188634020659
1922.1862971782684,3.1589689208201257,1,5.486313794148344
1922.2800126075745,3.156421678441557,1,5.4877512140845
1922.3757569789886,3.1615161631986943,1,5.484876374212188
1922.4705040454865,3.1513271936844127,1,5.490626053956815
1922.5642533302307,3.1666106479558387,1,5.482001534339873
1922.6580030918121,3.1462327089272684,1,5.49350089382913
1922.749757051468,3.1666106479558387,1,5.482001534339873
1922.8445038795471,3.16406340557727,1,5.4834389542760285
1922.9392535686493,3.148779951305837,1,5.492063473892975
1923.0300118923187,3.1589689208201257,1,5.486313794148344
1923.1243152618408,3.156421678441557,1,5.4877512140845
1923.2162146568298,3.1666106479558387,1,5.482001534339873
1923.3120381832123,3.1691578903344144,1,5.480564114403714
1923.406212091446,3.1589689208201257,1,5.486313794148344
1923.5159194469452,3.1538744360629813,1,5.489188634020659
1923.6073350906372,3.1589689208201257,1,5.486313794148344
1923.7310044765472,3.1615161631986943,1,5.484876374212188
1923.826765537262,3.16406340557727,1,5.4834389542760285
1923.9193274974823,3.1615161631986943,1,5.484876374212188
1924.0114319324493,3.171705132712983,1,5.479126694467558
1924.1056017875671,3.1615161631986943,1,5.484876374212188
1924.1993470191956,3.16406340557727,1,5.4834389542760285
1924.295090675354,3.1691578903344144,1,5.480564114403714
1924.3888447284698,3.1538744360629813,1,5.489188634020659
1924.4845836162567,3.1666106479558387,1,5.482001534339873
1924.580328464508,3.1666106479558387,1,5.482001534339873
1924.671087026596,3.1538744360629813,1,5.489188634020659
1924.7658321857452,3.16406340557727,1,5.4834389542760285
1924.8581011295319,3.156421678441557,1,5.4877512140845
1924.953830242157,3.156421678441557,1,5.4877512140845
1925.0483820438385,3.16406340557727,1,5.4834389542760285
1925.141137123108,3.1666106479558387,1,5.482001534339873
1925.2210083007812,3.1589689208201257,1,5.486313794148344
1925.3143916130066,3.1615161631986943,1,5.484876374212188
1925.4395654201508,3.16406340557727,1,5.4834389542760285
1925.5328452587128,3.156421678441557,1,5.4877512140845
1925.6251058578491,3.1691578903344144,1,5.480564114403714
1925.7170832157135,3.1666106479558387,1,5.482001534339873
1925.8107573986053,3.1691578903344144,1,5.480564114403714
1925.888545513153,3.16406340557727,1,5.4834389542760285
1925.9799072742462,3.1589689208201257,1,5.486313794148344
1926.05703663826,3.1742523750915588,1,5.477689274531398
1926.1353647708893,3.1615161631986943,1,5.484876374212188
1926.2144758701324,3.1691578903344144,1,5.480564114403714
1926.2905118465424,3.171705132712983,1,5.479126694467558
1926.3687081336975,3.1615161631986943,1,5.484876374212188
1926.4479296207428,3.1666106479558387,1,5.482001534339873
1926.540565252304,3.1691578903344144,1,5.480564114403714
1926.6363079547882,3.1513271936844127,1,5.490626053956815
1926.7300579547882,3.1767996174701274,1,5.476251854595243
1926.8258018493652,3.1589689208201257,1,5.486313794148344
1926.9671068191528,3.16406340557727,1,5.4834389542760285
1927.0616796016693,3.1666106479558387,1,5.482001534339873
1927.155448436737,3.1538744360629813,1,5.489188634020659
1927.2313194274902,3.1615161631986943,1,5.484876374212188
1927.3097586631775,3.179346859848703,1,5.474814434659084
1927.3896684646606,3.1513271936844127,1,5.490626053956815
1927.4669222831726,3.1538744360629813,1,5.489188634020659
1927.5459797382355,3.1691578903344144,1,5.480564114403714
1927.6387832164764,3.1615161631986943,1,5.484876374212188
1927.7336311340332,3.156421678441557,1,5.4877512140845
1927.813440322876,3.1691578903344144,1,5.480564114403714
1927.8907096385956,3.156421678441557,1,5.4877512140845
1927.9706447124481,3.16406340557727,1,5.4834389542760285
1928.0499832630157,3.156421678441557,1,5.4877512140845
1928.1416463851929,3.1666106479558387,1,5.482001534339873
1928.22061252594,3.1513271936844127,1,5.490626053956815
1928.2976319789886,3.156421678441557,1,5.4877512140845
1928.405353307724,3.1589689208201257,1,5.486313794148344
1928.4836339950562,3.156421678441557,1,5.4877512140845
1928.5629143714905,3.16406340557727,1,5.4834389542760285
1928.6398599147797,3.16406340557727,1,5.4834389542760285
1928.718765258789,3.1589689208201257,1,5.486313794148344
1928.812654018402,3.16406340557727,1,5.4834389542760285
1928.9052164554596,3.1666106479558387,1,5.482001534339873
1928.981852054596,3.1691578903344144,1,5.480564114403714
1929.060250043869,3.156421678441557,1,5.4877512140845
1929.1395843029022,3.1666106479558387,1,5.482001534339873
1929.2156932353973,3.16406340557727,1,5.4834389542760285
1929.29287648201,3.16406340557727,1,5.4834389542760285
1929.3701703548431,3.1615161631986943,1,5.484876374212188
1929.4491322040558,3.1538744360629813,1,5.489188634020659
1929.5266585350037,3.171705132712983,1,5.479126694467558
1929.6206698417664,3.148779951305837,1,5.492063473892975
1929.714926481247,3.1767996174701274,1,5.476251854595243
1929.8226373195648,3.1615161631986943,1,5.484876374212188
1929.963261127472,3.1666106479558387,1,5.482001534339873
1930.0412759780884,3.1666106479558387,1,5.482001534339873
1930.1332018375397,3.1615161631986943,1,5.484876374212188
1930.211517572403,3.1666106479558387,1,5.482001534339873
1930.3061666488647,3.1691578903344144,1,5.480564114403714
1930.3848898410797,3.16406340557727,1,5.4834389542760285
1930.4618668556213,3.1615161631986943,1,5.484876374212188
1930.5400085449219,3.1538744360629813,1,5.489188634020659
1930.61980843544,3.16406340557727,1,5.4834389542760285
1930.712185382843,3.1742523750915588,1,5.477689274531398
1930.8059358596802,3.1666106479558387,1,5.482001534339873
1930.8997147083282,3.1691578903344144,1,5.480564114403714
1931.0085031986237,3.179346859848703,1,5.474814434659084
1931.104244709015,3.1615161631986943,1,5.484876374212188
1931.19682097435,3.1666106479558387,1,5.482001534339873
1931.2896449565887,3.171705132712983,1,5.479126694467558
1931.382753610611,3.1666106479558387,1,5.482001534339873
1931.524376630783,3.1767996174701274,1,5.476251854595243
1931.617556810379,3.1691578903344144,1,5.480564114403714
1931.6935439109802,3.1742523750915588,1,5.477689274531398
1931.7720069885254,3.1666106479558387,1,5.482001534339873
1931.8652021884918,3.1742523750915588,1,5.477689274531398
1931.9585037231445,3.1844413446058475,1,5.471939594786768
1932.0662190914154,3.16406340557727,1,5.4834389542760285
1932.158816576004,3.1691578903344144,1,5.480564114403714
1932.2386045455933,3.1767996174701274,1,5.476251854595243
1932.332105398178,3.1691578903344144,1,5.480564114403714
1932.411498785019,3.1742523750915588,1,5.477689274531398
1932.5062358379364,3.1742523750915588,1,5.477689274531398
1932.5841031074524,3.1844413446058475,1,5.471939594786768
1932.677892923355,3.1666106479558387,1,5.482001534339873
1932.7552237510681,3.1666106479558387,1,5.482001534339873
1932.8317093849182,3.1767996174701274,1,5.476251854595243
1932.909640789032,3.1818941022272718,1,5.473377014722928
1933.019443511963,3.1767996174701274,1,5.476251854595243
1933.1111779212952,3.1742523750915588,1,5.477689274531398
1933.2045619487762,3.1691578903344144,1,5.480564114403714
1933.280652999878,3.186988586984416,1,5.470502174850613
1933.3753740787506,3.202272041255849,1,5.461877655233668
1933.4547567367554,3.1691578903344144,1,5.480564114403714
1933.5313882827759,3.171705132712983,1,5.479126694467558
1933.6111392974854,3.186988586984416,1,5.470502174850613
1933.690601825714,3.1818941022272718,1,5.473377014722928
1933.766767024994,3.1767996174701274,1,5.476251854595243
1933.8449935913086,3.1920830717415605,1,5.467627334978298
1933.9366672039032,3.156421678441557,1,5.4877512140845
1934.0453712940216,3.1818941022272718,1,5.473377014722928
1934.1411139965057,3.1767996174701274,1,5.476251854595243
1934.248825788498,3.1844413446058475,1,5.471939594786768
1934.3445699214935,3.1767996174701274,1,5.476251854595243
1934.4363253116608,3.1615161631986943,1,5.484876374212188
1934.547610759735,3.1767996174701274,1,5.476251854595243
1934.6712810993195,3.1818941022272718,1,5.473377014722928
1934.7809917926788,3.1844413446058475,1,5.471939594786768
1934.8728551864624,3.179346859848703,1,5.474814434659084
1934.9660782814026,3.16406340557727,1,5.4834389542760285
1935.0598313808441,3.1767996174701274,1,5.476251854595243
1935.1521487236023,3.171705132712983,1,5.479126694467558
1935.2466719150543,3.1666106479558387,1,5.482001534339873
1935.3416514396667,3.1767996174701274,1,5.476251854595243
1935.4354348182678,3.1589689208201257,1,5.486313794148344
1935.528829574585,3.1844413446058475,1,5.471939594786768
1935.621587753296,3.1742523750915588,1,5.477689274531398
1935.716331243515,3.1589689208201257,1,5.486313794148344
1935.811621427536,3.1895358293629847,1,5.4690647549144575
1935.9048719406128,3.1666106479558387,1,5.482001534339873
1936.0002298355103,3.1818941022272718,1,5.473377014722928
1936.0766294002533,3.186988586984416,1,5.470502174850613
1936.1698970794678,3.16406340557727,1,5.4834389542760285
1936.2942361831665,3.179346859848703,1,5.474814434659084
1936.3871195316315,3.171705132712983,1,5.479126694467558
1936.4819014072418,3.186988586984416,1,5.470502174850613
1936.5748817920685,3.186988586984416,1,5.470502174850613
1936.6679883003235,3.1767996174701274,1,5.476251854595243
1936.7624430656433,3.179346859848703,1,5.474814434659084
1936.8565847873688,3.1767996174701274,1,5.476251854595243
1936.9507939815521,3.1767996174701274,1,5.476251854595243
1937.0429043769836,3.1844413446058475,1,5.471939594786768
1937.1376478672028,3.16406340557727,1,5.4834389542760285
1937.230895280838,3.194630314120129,1,5.4661899150421425
1937.3088672161102,3.1818941022272718,1,5.473377014722928
1937.402673482895,3.1691578903344144,1,5.480564114403714
1937.4947147369385,3.1895358293629847,1,5.4690647549144575
1937.589941740036,3.1818941022272718,1,5.473377014722928
1937.6843333244324,3.179346859848703,1,5.474814434659084
1937.7765114307404,3.179346859848703,1,5.474814434659084
1937.9025285243988,3.1818941022272718,1,5.473377014722928
1937.9962782859802,3.171705132712983,1,5.479126694467558
1938.0910241603851,3.186988586984416,1,5.470502174850613
1938.1829805374146,3.1767996174701274,1,5.476251854595243
1938.2612767219543,3.1844413446058475,1,5.471939594786768
1938.3398613929749,3.1844413446058475,1,5.471939594786768
1938.417025566101,3.1742523750915588,1,5.477689274531398
1938.4960651397705,3.1818941022272718,1,5.473377014722928
1938.590897321701,3.212461010770138,1,5.4561279754890375
1938.6675791740417,3.171705132712983,1,5.479126694467558
1938.7470617294312,3.194630314120129,1,5.4661899150421425
1938.8248732089996,3.1920830717415605,1,5.467627334978298
1938.9172909259796,3.1742523750915588,1,5.477689274531398
1939.0120377540588,3.1895358293629847,1,5.4690647549144575
1939.1050658226013,3.1666106479558387,1,5.482001534339873
1939.1993272304535,3.179346859848703,1,5.474814434659084
1939.2950658798218,3.1895358293629847,1,5.4690647549144575
1939.3886454105377,3.1691578903344144,1,5.480564114403714
1939.5129721164703,3.194630314120129,1,5.4661899150421425
1939.606718301773,3.1844413446058475,1,5.471939594786768
1939.7018163204193,3.194630314120129,1,5.4661899150421425
1939.7816452980042,3.186988586984416,1,5.470502174850613
1939.8743937015533,3.194630314120129,1,5.4661899150421425
1939.9691407680511,3.1767996174701274,1,5.476251854595243
1940.0606997013092,3.1818941022272718,1,5.473377014722928
1940.152634859085,3.1818941022272718,1,5.473377014722928
1940.247740983963,3.197177556498705,1,5.464752495105983
1940.3414907455444,3.1844413446058475,1,5.471939594786768
1940.4362542629242,3.179346859848703,1,5.474814434659084
1940.5290305614471,3.1767996174701274,1,5.476251854595243
1940.6223073005676,3.1767996174701274,1,5.476251854595243
1940.7167270183563,3.1742523750915588,1,5.477689274531398
1940.809585094452,3.197177556498705,1,5.464752495105983
1940.90238571167,3.186988586984416,1,5.470502174850613
1940.9961349964142,3.1895358293629847,1,5.4690647549144575
1941.1073656082153,3.197177556498705,1,5.464752495105983
1941.185308933258,3.194630314120129,1,5.4661899150421425
1941.261997461319,3.186988586984416,1,5.470502174850613
1941.3410880565643,3.1997247988772735,1,5.463315075169827
1941.4194250106812,3.186988586984416,1,5.470502174850613
1941.5125396251678,3.186988586984416,1,5.470502174850613
1941.5901696681976,3.186988586984416,1,5.470502174850613
1941.6681327819824,3.186988586984416,1,5.470502174850613
1941.7445158958435,3.1997247988772735,1,5.463315075169827
1941.8239719867706,3.194630314120129,1,5.4661899150421425
1941.903095960617,3.1895358293629847,1,5.4690647549144575
1941.980729341507,3.202272041255849,1,5.461877655233668
1942.05841422081,3.202272041255849,1,5.461877655233668
1942.1378931999207,3.1895358293629847,1,5.4690647549144575
1942.2142748832703,3.1920830717415605,1,5.467627334978298
1942.2919223308563,3.1920830717415605,1,5.467627334978298
1942.3711755275726,3.197177556498705,1,5.464752495105983
1942.493346452713,3.194630314120129,1,5.4661899150421425
1942.5711867809296,3.1920830717415605,1,5.467627334978298
1942.6641476154327,3.194630314120129,1,5.4661899150421425
1942.7433111667633,3.1895358293629847,1,5.4690647549144575
1942.8226697444916,3.1920830717415605,1,5.467627334978298
1942.8998320102692,3.1844413446058475,1,5.471939594786768
1942.9796288013458,3.1997247988772735,1,5.463315075169827
1943.0576174259186,3.1997247988772735,1,5.463315075169827
1943.1341083049774,3.1920830717415605,1,5.467627334978298
1943.2114822864532,3.197177556498705,1,5.464752495105983
1943.289498090744,3.197177556498705,1,5.464752495105983
1943.3804759979248,3.204819283634418,1,5.460440235297512
1943.459641456604,3.202272041255849,1,5.461877655233668
1943.5385236740112,3.1844413446058475,1,5.471939594786768
1943.6155791282654,3.1895358293629847,1,5.4690647549144575
1943.7078168392181,3.204819283634418,1,5.460440235297512
1943.800220489502,3.1844413446058475,1,5.471939594786768
1943.8781707286835,3.2073665260129935,1,5.459002815361353
1943.9859354496002,3.1920830717415605,1,5.467627334978298
1944.062566280365,3.202272041255849,1,5.461877655233668
1944.1416125297546,3.1920830717415605,1,5.467627334978298
1944.2207112312317,3.1920830717415605,1,5.467627334978298
1944.2969636917114,3.204819283634418,1,5.460440235297512
1944.375006198883,3.186988586984416,1,5.470502174850613
1944.4527242183685,3.1844413446058475,1,5.471939594786768
1944.5306334495544,3.202272041255849,1,5.461877655233668
1944.6085214614868,3.204819283634418,1,5.460440235297512
1944.6853959560394,3.186988586984416,1,5.470502174850613
1944.7776114940643,3.204819283634418,1,5.460440235297512
1944.8571741580963,3.202272041255849,1,5.461877655233668
1944.9496762752533,3.197177556498705,1,5.464752495105983
1945.0291774272919,3.1997247988772735,1,5.463315075169827
1945.1085453033447,3.2073665260129935,1,5.459002815361353
1945.1884243488312,3.1997247988772735,1,5.463315075169827
1945.2661743164062,3.202272041255849,1,5.461877655233668
1945.3750042915344,3.2073665260129935,1,5.459002815361353
1945.4526615142822,3.197177556498705,1,5.464752495105983
1945.5287837982178,3.197177556498705,1,5.464752495105983
1945.6053240299225,3.202272041255849,1,5.461877655233668
1945.6990785598755,3.2073665260129935,1,5.459002815361353
1945.7938251495361,3.1997247988772735,1,5.463315075169827
1945.8728876113892,3.2150082531487065,1,5.454690555552882
1945.9649529457092,3.1920830717415605,1,5.467627334978298
1946.0427451133728,3.212461010770138,1,5.4561279754890375
1946.136414527893,3.1895358293629847,1,5.4690647549144575
1946.2136178016663,3.1997247988772735,1,5.463315075169827
1946.2915585041046,3.202272041255849,1,5.461877655233668
1946.3704779148102,3.1920830717415605,1,5.467627334978298
1946.4464457035065,3.194630314120129,1,5.4661899150421425
1946.5252199172974,3.1997247988772735,1,5.463315075169827
1946.6014704704285,3.204819283634418,1,5.460440235297512
1946.6946239471436,3.212461010770138,1,5.4561279754890375
1946.8043303489685,3.1997247988772735,1,5.463315075169827
1946.9120423793793,3.2150082531487065,1,5.454690555552882
1947.0209929943085,3.202272041255849,1,5.461877655233668
1947.128261089325,3.2150082531487065,1,5.454690555552882
1947.222595691681,3.217555495527275,1,5.453253135616727
1947.3138389587402,3.204819283634418,1,5.460440235297512
1947.3916566371918,3.204819283634418,1,5.460440235297512
1947.5003681182861,3.209913768391562,1,5.457565395425197
1947.6100747585297,3.2226499802844195,1,5.450378295744412
1947.7212963104248,3.212461010770138,1,5.4561279754890375
1947.82900929451,3.220102737905851,1,5.451815715680567
1947.9207665920258,3.209913768391562,1,5.457565395425197
1948.000735282898,3.1997247988772735,1,5.463315075169827
1948.0785262584686,3.2073665260129935,1,5.459002815361353
1948.172857284546,3.209913768391562,1,5.457565395425197
1948.2498679161072,3.204819283634418,1,5.460440235297512
1948.3585419654846,3.2251972226629952,1,5.448940875808252
1948.453287601471,3.217555495527275,1,5.453253135616727
1948.5929822921753,3.212461010770138,1,5.4561279754890375
1948.6873984336853,3.204819283634418,1,5.460440235297512
1948.764274597168,3.217555495527275,1,5.453253135616727
1948.8578054904938,3.217555495527275,1,5.453253135616727
1948.9665131568909,3.197177556498705,1,5.464752495105983
1949.075224161148,3.217555495527275,1,5.453253135616727
1949.1861267089844,3.1895358293629847,1,5.4690647549144575
1949.2635293006897,3.2073665260129935,1,5.459002815361353
1949.3732588291168,3.212461010770138,1,5.4561279754890375
1949.4824340343475,3.209913768391562,1,5.457565395425197
1949.5908796787262,3.202272041255849,1,5.461877655233668
1949.6676592826843,3.204819283634418,1,5.460440235297512
1949.7454798221588,3.217555495527275,1,5.453253135616727
1949.822984457016,3.217555495527275,1,5.453253135616727
1949.8993616104126,3.2150082531487065,1,5.454690555552882
1949.9781489372253,3.2150082531487065,1,5.454690555552882
1950.0549869537354,3.204819283634418,1,5.460440235297512
1950.1643748283386,3.202272041255849,1,5.461877655233668
1950.2430078983307,3.212461010770138,1,5.4561279754890375
1950.3367891311646,3.212461010770138,1,5.4561279754890375
1950.4285514354706,3.217555495527275,1,5.453253135616727
1950.5084383487701,3.217555495527275,1,5.453253135616727
1950.588148355484,3.2150082531487065,1,5.454690555552882
1950.6806302070618,3.2073665260129935,1,5.459002815361353
1950.7761282920837,3.217555495527275,1,5.453253135616727
1950.8678126335144,3.209913768391562,1,5.457565395425197
1950.9465839862823,3.217555495527275,1,5.453253135616727
1951.0241248607635,3.2226499802844195,1,5.450378295744412
1951.1006388664246,3.204819283634418,1,5.460440235297512
1951.1795063018799,3.2150082531487065,1,5.454690555552882
1951.2589251995087,3.212461010770138,1,5.4561279754890375
1951.3359682559967,3.212461010770138,1,5.4561279754890375
1951.4141111373901,3.212461010770138,1,5.4561279754890375
1951.4929802417755,3.2251972226629952,1,5.448940875808252
1951.615226984024,3.2226499802844195,1,5.450378295744412
1951.709972858429,3.217555495527275,1,5.453253135616727
1951.8196144104004,3.209913768391562,1,5.457565395425197
1951.913390636444,3.2150082531487065,1,5.454690555552882
1952.0048897266388,3.2073665260129935,1,5.459002815361353
1952.0986664295197,3.2150082531487065,1,5.454690555552882
1952.2082862854004,3.220102737905851,1,5.451815715680567
1952.3008756637573,3.2073665260129935,1,5.459002815361353
1952.3908610343933,3.220102737905851,1,5.451815715680567
1952.483989238739,3.2150082531487065,1,5.454690555552882
1952.5776391029358,3.220102737905851,1,5.451815715680567
1952.670425415039,3.204819283634418,1,5.460440235297512
1952.7637214660645,3.227744465041564,1,5.447503455872097
1952.8598704338074,3.2302917074201396,1,5.446066035935937
1952.9536216259003,3.2150082531487065,1,5.454690555552882
1953.0469830036163,3.227744465041564,1,5.447503455872097
1953.1407532691956,3.227744465041564,1,5.447503455872097
1953.2324306964874,3.2251972226629952,1,5.448940875808252
1953.3552730083466,3.2251972226629952,1,5.448940875808252
1953.4503452777863,3.2226499802844195,1,5.450378295744412
1953.5426552295685,3.220102737905851,1,5.451815715680567
1953.620145559311,3.2073665260129935,1,5.459002815361353
1953.697926044464,3.212461010770138,1,5.4561279754890375
1953.7927770614624,3.235386192177284,1,5.443191196063622
1953.886848449707,3.217555495527275,1,5.453253135616727
1953.9815623760223,3.2226499802844195,1,5.450378295744412
1954.0773060321808,3.220102737905851,1,5.451815715680567
1954.171061515808,3.217555495527275,1,5.453253135616727
1954.2668056488037,3.217555495527275,1,5.453253135616727
1954.359557390213,3.2226499802844195,1,5.450378295744412
1954.4540705680847,3.212461010770138,1,5.4561279754890375
1954.5478196144104,3.217555495527275,1,5.453253135616727
1954.641078710556,3.2226499802844195,1,5.450378295744412
1954.7338423728943,3.204819283634418,1,5.460440235297512
1954.825014591217,3.217555495527275,1,5.453253135616727
1954.933923482895,3.2073665260129935,1,5.459002815361353
1955.0266819000244,3.2226499802844195,1,5.450378295744412
1955.1204345226288,3.2073665260129935,1,5.459002815361353
1955.2159969806671,3.202272041255849,1,5.461877655233668
1955.3252711296082,3.2251972226629952,1,5.448940875808252
1955.4180226325989,3.209913768391562,1,5.457565395425197
1955.5117719173431,3.227744465041564,1,5.447503455872097
1955.6045718193054,3.209913768391562,1,5.457565395425197
1955.700315952301,3.209913768391562,1,5.457565395425197
1955.7937757968903,3.220102737905851,1,5.451815715680567
1955.8885135650635,3.2251972226629952,1,5.448940875808252
1955.981326341629,3.227744465041564,1,5.447503455872097
1956.0592396259308,3.2251972226629952,1,5.448940875808252
1956.1547141075134,3.2328389497987082,1,5.444628615999782
1956.2497720718384,3.209913768391562,1,5.457565395425197
1956.3428003787994,3.2251972226629952,1,5.448940875808252
1956.4365813732147,3.2226499802844195,1,5.450378295744412
1956.5602214336395,3.2328389497987082,1,5.444628615999782
1956.6557931900024,3.235386192177284,1,5.443191196063622
1956.7495636940002,3.2302917074201396,1,5.446066035935937
1956.8453223705292,3.2251972226629952,1,5.448940875808252
1956.9398262500763,3.2251972226629952,1,5.448940875808252
1957.0335986614227,3.217555495527275,1,5.453253135616727
1957.1253917217255,3.227744465041564,1,5.447503455872097
1957.202318429947,3.2302917074201396,1,5.446066035935937
1957.2795431613922,3.2150082531487065,1,5.454690555552882
1957.359290599823,3.2226499802844195,1,5.450378295744412
1957.4530420303345,3.2073665260129935,1,5.459002815361353
1957.5487840175629,3.209913768391562,1,5.457565395425197
1957.6405384540558,3.2302917074201396,1,5.446066035935937
1957.7332904338837,3.2226499802844195,1,5.450378295744412
1957.827098608017,3.2379334345558526,1,5.441753776127467
1957.9201374053955,3.209913768391562,1,5.457565395425197
1958.0148363113403,3.2226499802844195,1,5.450378295744412
1958.1088435649872,3.2251972226629952,1,5.448940875808252
1958.2336256504059,3.2150082531487065,1,5.454690555552882
1958.3268840312958,3.2328389497987082,1,5.444628615999782
1958.4188811779022,3.212461010770138,1,5.4561279754890375
1958.5136382579803,3.2226499802844195,1,5.450378295744412
1958.6063947677612,3.2328389497987082,1,5.444628615999782
1958.7001440525055,3.2226499802844195,1,5.450378295744412
1958.795892238617,3.227744465041564,1,5.447503455872097
1958.8877573013306,3.2150082531487065,1,5.454690555552882
1958.9807963371277,3.2073665260129935,1,5.459002815361353
1959.0745677947998,3.2302917074201396,1,5.446066035935937
1959.1673336029053,3.217555495527275,1,5.453253135616727
1959.2620568275452,3.2328389497987082,1,5.444628615999782
1959.3708205223083,3.2251972226629952,1,5.448940875808252
1959.4645297527313,3.227744465041564,1,5.447503455872097
1959.5563342571259,3.2251972226629952,1,5.448940875808252
1959.6336379051208,3.2226499802844195,1,5.450378295744412
1959.7134549617767,3.2226499802844195,1,5.450378295744412
1959.8391151428223,3.235386192177284,1,5.443191196063622
1959.9488220214844,3.2226499802844195,1,5.450378295744412
1960.0405747890472,3.2226499802844195,1,5.450378295744412
1960.1361742019653,3.212461010770138,1,5.4561279754890375
1960.2287588119507,3.227744465041564,1,5.447503455872097
1960.3239612579346,3.2404806769344283,1,5.440316356191307
1960.4177103042603,3.227744465041564,1,5.447503455872097
1960.511459350586,3.243027919312997,1,5.4388789362551515
1960.605535030365,3.2328389497987082,1,5.444628615999782
1960.699523448944,3.212461010770138,1,5.4561279754890375
1960.776305437088,3.2251972226629952,1,5.448940875808252
1960.852958202362,3.2226499802844195,1,5.450378295744412
1960.9316952228546,3.227744465041564,1,5.447503455872097
1961.0402357578278,3.2302917074201396,1,5.446066035935937
1961.1201529502869,3.220102737905851,1,5.451815715680567
1961.1964058876038,3.2302917074201396,1,5.446066035935937
1961.2765245437622,3.235386192177284,1,5.443191196063622
1961.3859140872955,3.235386192177284,1,5.443191196063622
1961.4786648750305,3.2404806769344283,1,5.440316356191307
1961.57138133049,3.2226499802844195,1,5.450378295744412
1961.6651310920715,3.220102737905851,1,5.451815715680567
1961.742923259735,3.2328389497987082,1,5.444628615999782
1961.8227100372314,3.227744465041564,1,5.447503455872097
1961.9147403240204,3.2379334345558526,1,5.441753776127467
1962.0086147785187,3.235386192177284,1,5.443191196063622
1962.0864353179932,3.2328389497987082,1,5.444628615999782
1962.1793825626373,3.243027919312997,1,5.4388789362551515
1962.2576866149902,3.2302917074201396,1,5.446066035935937
1962.335357427597,3.220102737905851,1,5.451815715680567
1962.4140088558197,3.2302917074201396,1,5.446066035935937
1962.4914689064026,3.227744465041564,1,5.447503455872097
1962.5698437690735,3.235386192177284,1,5.443191196063622
1962.6477279663086,3.235386192177284,1,5.443191196063622
1962.727248430252,3.2404806769344283,1,5.440316356191307
1962.806164741516,3.2302917074201396,1,5.446066035935937
1962.9148211479187,3.227744465041564,1,5.447503455872097
1962.9939398765564,3.2379334345558526,1,5.441753776127467
1963.0718305110931,3.235386192177284,1,5.443191196063622
1963.14919257164,3.227744465041564,1,5.447503455872097
1963.2289969921112,3.2481224040701413,1,5.436004096382836
1963.3229095935822,3.227744465041564,1,5.447503455872097
1963.4024109840393,3.2379334345558526,1,5.441753776127467
1963.4929156303406,3.243027919312997,1,5.4388789362551515
1963.5688445568085,3.235386192177284,1,5.443191196063622
1963.6485679149628,3.2532168888272857,1,5.433129256510521
1963.7275953292847,3.25066964644871,1,5.43456667644668
1963.8199875354767,3.235386192177284,1,5.443191196063622
1963.8998885154724,3.2226499802844195,1,5.450378295744412
1963.9782009124756,3.2481224040701413,1,5.436004096382836
1964.0564765930176,3.235386192177284,1,5.443191196063622
1964.1481165885925,3.2379334345558526,1,5.441753776127467
1964.2252655029297,3.2379334345558526,1,5.441753776127467
1964.3529250621796,3.220102737905851,1,5.451815715680567
1964.459638118744,3.2455751616915656,1,5.437441516318996
1964.5543866157532,3.2150082531487065,1,5.454690555552882
1964.6481342315674,3.243027919312997,1,5.4388789362551515
1964.7408607006073,3.2328389497987082,1,5.444628615999782
1964.8357422351837,3.235386192177284,1,5.443191196063622
1964.9276037216187,3.235386192177284,1,5.443191196063622
1965.0353469848633,3.227744465041564,1,5.447503455872097
1965.1257994174957,3.243027919312997,1,5.4388789362551515
1965.2185544967651,3.2302917074201396,1,5.446066035935937
1965.3133053779602,3.2379334345558526,1,5.441753776127467
1965.406127691269,3.2328389497987082,1,5.444628615999782
1965.502377986908,3.2226499802844195,1,5.450378295744412
1965.5946395397186,3.2302917074201396,1,5.446066035935937
1965.6876730918884,3.2251972226629952,1,5.448940875808252
1965.7829270362854,3.2404806769344283,1,5.440316356191307
1965.8750200271606,3.2481224040701413,1,5.436004096382836
1965.9978182315826,3.2302917074201396,1,5.446066035935937
1966.0908102989197,3.2302917074201396,1,5.446066035935937
1966.1825649738312,3.2328389497987082,1,5.444628615999782
1966.27605342865,3.243027919312997,1,5.4388789362551515
1966.3688464164734,3.2251972226629952,1,5.448940875808252
1966.463581085205,3.2302917074201396,1,5.446066035935937
1966.556833267212,3.2455751616915656,1,5.437441516318996
1966.651738166809,3.2302917074201396,1,5.446066035935937
1966.7464418411255,3.25066964644871,1,5.43456667644668
1966.8401939868927,3.2481224040701413,1,5.436004096382836
1966.9359393119812,3.227744465041564,1,5.447503455872097
1967.0306828022003,3.2481224040701413,1,5.436004096382836
1967.1254501342773,3.2404806769344283,1,5.440316356191307
1967.218682050705,3.2302917074201396,1,5.446066035935937
1967.3264033794403,3.2455751616915656,1,5.437441516318996
1967.4211733341217,3.235386192177284,1,5.443191196063622
1967.513944387436,3.2379334345558526,1,5.441753776127467
1967.5918464660645,3.243027919312997,1,5.4388789362551515
1967.7167999744415,3.243027919312997,1,5.4388789362551515
1967.8107650279999,3.2404806769344283,1,5.440316356191307
1967.904732465744,3.235386192177284,1,5.443191196063622
1967.9990429878235,3.2404806769344283,1,5.440316356191307
1968.0752770900726,3.2481224040701413,1,5.436004096382836
1968.1535255908966,3.235386192177284,1,5.443191196063622
1968.2303137779236,3.2455751616915656,1,5.437441516318996
1968.3082711696625,3.243027919312997,1,5.4388789362551515
1968.3843882083893,3.25066964644871,1,5.43456667644668
1968.461597919464,3.2404806769344283,1,5.440316356191307
1968.540938615799,3.25066964644871,1,5.43456667644668
1968.6194951534271,3.2379334345558526,1,5.441753776127467
1968.695944070816,3.2481224040701413,1,5.436004096382836
1968.7757849693298,3.2481224040701413,1,5.436004096382836
1968.8541550636292,3.243027919312997,1,5.4388789362551515
1968.9300215244293,3.25831137358443,1,5.430254416638206
1969.025715827942,3.2634058583415744,1,5.427379576765891
1969.1806049346924,3.25831137358443,1,5.430254416638206
1969.2896447181702,3.2481224040701413,1,5.436004096382836
1969.380604505539,3.2532168888272857,1,5.433129256510521
1969.4903106689453,3.25831137358443,1,5.430254416638206
1969.5840604305267,3.2557641312058543,1,5.431691836574366
1969.6749484539032,3.2532168888272857,1,5.433129256510521
1969.7540345191956,3.2455751616915656,1,5.437441516318996
1969.8298580646515,3.2532168888272857,1,5.433129256510521
1969.9082448482513,3.25066964644871,1,5.43456667644668
1969.984875202179,3.2455751616915656,1,5.437441516318996
1970.0770826339722,3.2532168888272857,1,5.433129256510521
1970.1708316802979,3.243027919312997,1,5.4388789362551515
1970.2633984088898,3.243027919312997,1,5.4388789362551515
1970.3413441181183,3.243027919312997,1,5.4388789362551515
1970.4342603683472,3.243027919312997,1,5.4388789362551515
1970.5421166419983,3.25066964644871,1,5.43456667644668
1970.665085554123,3.2481224040701413,1,5.436004096382836
1970.7907676696777,3.2404806769344283,1,5.440316356191307
1970.8706300258636,3.2379334345558526,1,5.441753776127467
1970.9499430656433,3.2455751616915656,1,5.437441516318996
1971.0272204875946,3.2532168888272857,1,5.433129256510521
1971.1054615974426,3.2404806769344283,1,5.440316356191307
1971.1993279457092,3.2328389497987082,1,5.444628615999782
1971.2920637130737,3.235386192177284,1,5.443191196063622
1971.3869457244873,3.2481224040701413,1,5.436004096382836
1971.4637758731842,3.235386192177284,1,5.443191196063622
1971.5395412445068,3.2404806769344283,1,5.440316356191307
1971.6178622245789,3.2481224040701413,1,5.436004096382836
1971.6962397098541,3.25066964644871,1,5.43456667644668
1971.775600194931,3.2608586159629986,1,5.428816996702051
1971.8555653095245,3.235386192177284,1,5.443191196063622
1971.9329030513763,3.235386192177284,1,5.443191196063622
1972.0259544849396,3.2532168888272857,1,5.433129256510521
1972.1050221920013,3.243027919312997,1,5.4388789362551515
1972.1978778839111,3.2302917074201396,1,5.446066035935937
1972.3078346252441,3.2455751616915656,1,5.437441516318996
1972.3937141895294,3.2608586159629986,1,5.428816996702051
1972.4846606254578,3.25066964644871,1,5.43456667644668
1972.5632364749908,3.265953100720143,1,5.425942156829736
1972.6410994529724,3.25066964644871,1,5.43456667644668
1972.719559431076,3.25066964644871,1,5.43456667644668
1972.7974212169647,3.2608586159629986,1,5.428816996702051
1972.8753366470337,3.25066964644871,1,5.43456667644668
1972.9538366794586,3.2532168888272857,1,5.433129256510521
1973.0318493843079,3.2557641312058543,1,5.431691836574366
1973.109057188034,3.2608586159629986,1,5.428816996702051
1973.1886863708496,3.2532168888272857,1,5.433129256510521
1973.265831708908,3.2481224040701413,1,5.436004096382836
1973.3586826324463,3.265953100720143,1,5.425942156829736
1973.4366092681885,3.243027919312997,1,5.4388789362551515
1973.5163860321045,3.2557641312058543,1,5.431691836574366
1973.655017375946,3.2532168888272857,1,5.433129256510521
1973.828554391861,3.2557641312058543,1,5.431691836574366
1973.9215586185455,3.25066964644871,1,5.43456667644668
1974.0312638282776,3.265953100720143,1,5.425942156829736
1974.1409697532654,3.25066964644871,1,5.43456667644668
1974.252802848816,3.25066964644871,1,5.43456667644668
1974.362505197525,3.265953100720143,1,5.425942156829736
1974.472721338272,3.25066964644871,1,5.43456667644668
1974.5819375514984,3.2608586159629986,1,5.428816996702051
1974.6580212116241,3.25066964644871,1,5.43456667644668
1974.749975681305,3.2608586159629986,1,5.428816996702051
1974.8596827983856,3.265953100720143,1,5.425942156829736
1974.9683916568756,3.2634058583415744,1,5.427379576765891
1975.0619099140167,3.2608586159629986,1,5.428816996702051
1975.1706182956696,3.2557641312058543,1,5.431691836574366
1975.278838634491,3.2557641312058543,1,5.431691836574366
1975.3880553245544,3.2557641312058543,1,5.431691836574366
1975.4957699775696,3.25066964644871,1,5.43456667644668
1975.6206452846527,3.243027919312997,1,5.4388789362551515
1975.697702884674,3.265953100720143,1,5.425942156829736
1975.7764728069305,3.2532168888272857,1,5.433129256510521
1975.8552622795105,3.2532168888272857,1,5.433129256510521
1975.9629998207092,3.2608586159629986,1,5.428816996702051
1976.0427916049957,3.2634058583415744,1,5.427379576765891
1976.1218039989471,3.2379334345558526,1,5.441753776127467
1976.1990802288055,3.25831137358443,1,5.430254416638206
1976.2782082557678,3.2557641312058543,1,5.431691836574366
1976.3545665740967,3.2608586159629986,1,5.428816996702051
1976.4458804130554,3.25831137358443,1,5.430254416638206
1976.523115158081,3.2532168888272857,1,5.433129256510521
1976.6012244224548,3.265953100720143,1,5.425942156829736
1976.6789543628693,3.2532168888272857,1,5.433129256510521
1976.758010149002,3.25831137358443,1,5.430254416638206
1976.8358216285706,3.2481224040701413,1,5.436004096382836
1976.9128539562225,3.2685003430987187,1,5.424504736893576
1977.0046746730804,3.25831137358443,1,5.430254416638206
1977.1298480033875,3.2634058583415744,1,5.427379576765891
1977.208987236023,3.2557641312058543,1,5.431691836574366
1977.3015866279602,3.2455751616915656,1,5.437441516318996
1977.3943407535553,3.2532168888272857,1,5.433129256510521
1977.4880907535553,3.2634058583415744,1,5.427379576765891
1977.5798439979553,3.2634058583415744,1,5.427379576765891
1977.68656539917,3.2608586159629986,1,5.428816996702051
1977.7808430194855,3.265953100720143,1,5.425942156829736
1977.8735942840576,3.2481224040701413,1,5.436004096382836
1977.9693667888641,3.2532168888272857,1,5.433129256510521
1978.0611715316772,3.25831137358443,1,5.430254416638206
1978.1389904022217,3.25066964644871,1,5.43456667644668
1978.231779575348,3.2608586159629986,1,5.428816996702051
1978.3234956264496,3.25066964644871,1,5.43456667644668
1978.41725897789,3.2557641312058543,1,5.431691836574366
1978.5100116729736,3.2685003430987187,1,5.424504736893576
1978.6037602424622,3.25066964644871,1,5.43456667644668
1978.729948759079,3.265953100720143,1,5.425942156829736
1978.824233531952,3.2532168888272857,1,5.433129256510521
1978.9179821014404,3.25066964644871,1,5.43456667644668
1979.0112571716309,3.2685003430987187,1,5.424504736893576
1979.1063086986542,3.25831137358443,1,5.430254416638206
1979.2006113529205,3.25831137358443,1,5.430254416638206
1979.2953085899353,3.2710475854772874,1,5.423067316957421
1979.391103029251,3.2608586159629986,1,5.428816996702051
1979.4840307235718,3.2557641312058543,1,5.431691836574366
1979.5771260261536,3.2634058583415744,1,5.427379576765891
1979.68683552742,3.2608586159629986,1,5.428816996702051
1979.782577753067,3.2608586159629986,1,5.428816996702051
1979.8763270378113,3.2557641312058543,1,5.431691836574366
1979.9701073169708,3.25066964644871,1,5.43456667644668
1980.0638265609741,3.273594827855856,1,5.4216298970212655
1980.15757894516,3.2634058583415744,1,5.427379576765891
1980.2513344287872,3.2634058583415744,1,5.427379576765891
1980.3909571170807,3.2685003430987187,1,5.424504736893576
1980.498682975769,3.2685003430987187,1,5.424504736893576
1980.6063811779022,3.2634058583415744,1,5.427379576765891
1980.7143557071686,3.2863310397487204,1,5.414442797340476
1980.8100996017456,3.2634058583415744,1,5.427379576765891
1980.9022629261017,3.2608586159629986,1,5.428816996702051
1980.9980638027191,3.273594827855856,1,5.4216298970212655
1981.1067728996277,3.2608586159629986,1,5.428816996702051
1981.2025167942047,3.2685003430987187,1,5.424504736893576
1981.312224149704,3.2710475854772874,1,5.423067316957421
1981.4079675674438,3.2557641312058543,1,5.431691836574366
1981.5008902549744,3.2710475854772874,1,5.423067316957421
1981.59050655365,3.2557641312058543,1,5.431691836574366
1981.6858065128326,3.2685003430987187,1,5.424504736893576
1981.7788050174713,3.2710475854772874,1,5.423067316957421
1981.871516942978,3.25066964644871,1,5.43456667644668
1981.9662642478943,3.273594827855856,1,5.4216298970212655
1982.05908536911,3.2557641312058543,1,5.431691836574366
1982.1847491264343,3.2710475854772874,1,5.423067316957421
1982.278890132904,3.2786893126130003,1,5.41875505714895
1982.3746349811554,3.2532168888272857,1,5.433129256510521
1982.4683833122253,3.2761420702344317,1,5.420192477085106
1982.5632102489471,3.291425524505865,1,5.4115679574681606
1982.6563031673431,3.2761420702344317,1,5.420192477085106
1982.750182390213,3.2634058583415744,1,5.427379576765891
1982.8449285030365,3.2786893126130003,1,5.41875505714895
1982.9387981891632,3.2634058583415744,1,5.427379576765891
1983.0306584835052,3.281236554991576,1,5.417317637212791
1983.1250338554382,3.273594827855856,1,5.4216298970212655
1983.218783378601,3.281236554991576,1,5.417317637212791
1983.314100265503,3.2786893126130003,1,5.41875505714895
1983.4063732624054,3.25831137358443,1,5.430254416638206
1983.5001273155212,3.2786893126130003,1,5.41875505714895
1983.5928797721863,3.2710475854772874,1,5.423067316957421
1983.6866285800934,3.273594827855856,1,5.4216298970212655
1983.814295053482,3.273594827855856,1,5.4216298970212655
1983.9060559272766,3.2532168888272857,1,5.433129256510521
1983.9998183250427,3.273594827855856,1,5.4216298970212655
1984.0929741859436,3.2939727668844334,1,5.410130537532005
1984.1706171035767,3.2634058583415744,1,5.427379576765891
1984.2658078670502,3.288878282127289,1,5.413005377404319
1984.3595504760742,3.2761420702344317,1,5.420192477085106
1984.4526193141937,3.2761420702344317,1,5.420192477085106
1984.5468850135803,3.273594827855856,1,5.4216298970212655
1984.654453754425,3.273594827855856,1,5.4216298970212655
1984.7482028007507,3.2761420702344317,1,5.420192477085106
1984.8414928913116,3.2710475854772874,1,5.423067316957421
1984.9360971450806,3.2786893126130003,1,5.41875505714895
1985.031841993332,3.2710475854772874,1,5.423067316957421
1985.1245985031128,3.281236554991576,1,5.417317637212791
1985.2173492908478,3.2837837973701447,1,5.415880217276635
1985.3100934028625,3.281236554991576,1,5.417317637212791
1985.4188449382782,3.2786893126130003,1,5.41875505714895
1985.5115985870361,3.2837837973701447,1,5.415880217276635
1985.6063470840454,3.265953100720143,1,5.425942156829736
1985.7154273986816,3.2939727668844334,1,5.410130537532005
1985.8228664398193,3.2634058583415744,1,5.427379576765891
1985.9182753562927,3.281236554991576,1,5.417317637212791
1986.0115354061127,3.2786893126130003,1,5.41875505714895
1986.1052985191345,3.2634058583415744,1,5.427379576765891
1986.1997814178467,3.288878282127289,1,5.413005377404319
1986.2916672229767,3.2685003430987187,1,5.424504736893576
1986.3869543075562,3.2786893126130003,1,5.41875505714895
1986.478819847107,3.281236554991576,1,5.417317637212791
1986.5586891174316,3.2761420702344317,1,5.420192477085106
1986.6540915966034,3.273594827855856,1,5.4216298970212655
1986.7466261386871,3.2786893126130003,1,5.41875505714895
1986.8408935070038,3.2786893126130003,1,5.41875505714895
1986.9351193904877,3.2761420702344317,1,5.420192477085106
1987.0448372364044,3.288878282127289,1,5.413005377404319
1987.18399643898,3.2786893126130003,1,5.41875505714895
1987.2916929721832,3.2761420702344317,1,5.420192477085106
1987.3851840496063,3.281236554991576,1,5.417317637212791
1987.479440689087,3.2863310397487204,1,5.414442797340476
1987.5727071762085,3.265953100720143,1,5.425942156829736
1987.6655759811401,3.2939727668844334,1,5.410130537532005
1987.774255990982,3.281236554991576,1,5.417317637212791
1987.866047859192,3.2761420702344317,1,5.420192477085106
1987.9617927074432,3.2786893126130003,1,5.41875505714895
1988.057536125183,3.281236554991576,1,5.417317637212791
1988.1503150463104,3.281236554991576,1,5.417317637212791
1988.2460327148438,3.281236554991576,1,5.417317637212791
1988.337818622589,3.2786893126130003,1,5.41875505714895
1988.4309623241425,3.296520009263009,1,5.4086931175958455
1988.5246062278748,3.2710475854772874,1,5.423067316957421
1988.6183559894562,3.2786893126130003,1,5.41875505714895
1988.7131021022797,3.2837837973701447,1,5.415880217276635
1988.8375787734985,3.2786893126130003,1,5.41875505714895
1988.9157583713531,3.2786893126130003,1,5.41875505714895
1989.0089573860168,3.2786893126130003,1,5.41875505714895
1989.1016254425049,3.2863310397487204,1,5.414442797340476
1989.1953809261322,3.2939727668844334,1,5.410130537532005
1989.2889156341553,3.273594827855856,1,5.4216298970212655
1989.3822543621063,3.2863310397487204,1,5.414442797340476
1989.4780328273773,3.296520009263009,1,5.4086931175958455
1989.5703630447388,3.288878282127289,1,5.413005377404319
1989.6631164550781,3.2939727668844334,1,5.410130537532005
1989.7568650245667,3.2863310397487204,1,5.414442797340476
1989.8486289978027,3.2990672516415778,1,5.407255697659689
1989.9403803348541,3.2939727668844334,1,5.410130537532005
1990.0329370498657,3.288878282127289,1,5.413005377404319
1990.111825466156,3.2990672516415778,1,5.407255697659689
1990.2065958976746,3.2786893126130003,1,5.41875505714895
1990.2993476390839,3.288878282127289,1,5.413005377404319
1990.421026468277,3.2863310397487204,1,5.414442797340476
1990.5147759914398,3.3016144940201464,1,5.405818277723534
1990.6101052761078,3.2939727668844334,1,5.410130537532005
1990.7018599510193,3.291425524505865,1,5.4115679574681606
1990.7976098060608,3.2939727668844334,1,5.410130537532005
1990.890748500824,3.2863310397487204,1,5.414442797340476
1990.9988117218018,3.3092562211558665,1,5.401506017915059
1991.0928514003754,3.304161736398722,1,5.404380857787375
1991.1857237815857,3.291425524505865,1,5.4115679574681606
1991.264548778534,3.2939727668844334,1,5.410130537532005
1991.3573019504547,3.2939727668844334,1,5.410130537532005
1991.4490568637848,3.296520009263009,1,5.4086931175958455
1991.5448276996613,3.2990672516415778,1,5.407255697659689
1991.6375937461853,3.291425524505865,1,5.4115679574681606
1991.73233628273,3.296520009263009,1,5.4086931175958455
1991.8241209983826,3.291425524505865,1,5.4115679574681606
1991.9159545898438,3.3016144940201464,1,5.405818277723534
1992.010772228241,3.291425524505865,1,5.4115679574681606
1992.135439157486,3.2863310397487204,1,5.414442797340476
1992.2312049865723,3.304161736398722,1,5.404380857787375
1992.3259301185608,3.288878282127289,1,5.413005377404319
1992.4036383628845,3.2837837973701447,1,5.415880217276635
1992.4826447963715,3.2863310397487204,1,5.414442797340476
1992.5759394168854,3.2939727668844334,1,5.410130537532005
1992.6696887016296,3.2939727668844334,1,5.410130537532005
1992.7494745254517,3.304161736398722,1,5.404380857787375
1992.843225479126,3.321992433048724,1,5.394318918234274
1992.9364130496979,3.3016144940201464,1,5.405818277723534
1993.0281698703766,3.296520009263009,1,5.4086931175958455
1993.1199288368225,3.291425524505865,1,5.4115679574681606
1993.2141857147217,3.2990672516415778,1,5.407255697659689
1993.3059451580048,3.2786893126130003,1,5.41875505714895
1993.4010026454926,3.2863310397487204,1,5.414442797340476
1993.4937727451324,3.2990672516415778,1,5.407255697659689
1993.5869841575623,3.291425524505865,1,5.4115679574681606
1993.6981139183044,3.2990672516415778,1,5.407255697659689
1993.7916886806488,3.288878282127289,1,5.413005377404319
1993.8874335289001,3.2939727668844334,1,5.410130537532005
1993.9801852703094,3.296520009263009,1,5.4086931175958455
1994.0749323368073,3.296520009263009,1,5.4086931175958455
1994.1706762313843,3.288878282127289,1,5.413005377404319
1994.26393532753,3.2990672516415778,1,5.407255697659689
1994.3581705093384,3.291425524505865,1,5.4115679574681606
1994.4677639007568,3.296520009263009,1,5.4086931175958455
1994.5630037784576,3.311803463534435,1,5.400068597978904
1994.6707029342651,3.2837837973701447,1,5.415880217276635
1994.76544880867,3.288878282127289,1,5.413005377404319
1994.8598279953003,3.2863310397487204,1,5.414442797340476
1994.9514904022217,3.288878282127289,1,5.413005377404319
1995.0449838638306,3.291425524505865,1,5.4115679574681606
1995.1375296115875,3.2761420702344317,1,5.420192477085106
1995.2312784194946,3.2939727668844334,1,5.410130537532005
1995.3559453487396,3.2786893126130003,1,5.41875505714895
1995.4486956596375,3.291425524505865,1,5.4115679574681606
1995.5444111824036,3.311803463534435,1,5.400068597978904
1995.6541006565094,3.296520009263009,1,5.4086931175958455
1995.7498445510864,3.296520009263009,1,5.4086931175958455
1995.8575563430786,3.3016144940201464,1,5.405818277723534
1995.9523055553436,3.2837837973701447,1,5.415880217276635
1996.0480754375458,3.3016144940201464,1,5.405818277723534
1996.1408276557922,3.3067089787772908,1,5.402943437851219
1996.2515318393707,3.2939727668844334,1,5.410130537532005
1996.3438580036163,3.304161736398722,1,5.404380857787375
1996.4376075267792,3.291425524505865,1,5.4115679574681606
1996.5463173389435,3.311803463534435,1,5.400068597978904
1996.6679906845093,3.2939727668844334,1,5.410130537532005
1996.7637350559235,3.291425524505865,1,5.4115679574681606
1996.8564867973328,3.2990672516415778,1,5.407255697659689
1996.9502358436584,3.3016144940201464,1,5.405818277723534
1997.0419919490814,3.3067089787772908,1,5.402943437851219
1997.167806148529,3.2990672516415778,1,5.407255697659689
1997.2446084022522,3.2939727668844334,1,5.410130537532005
1997.3376541137695,3.291425524505865,1,5.4115679574681606
1997.4313280582428,3.291425524505865,1,5.4115679574681606
1997.5250992774963,3.304161736398722,1,5.404380857787375
1997.6198201179504,3.2939727668844334,1,5.410130537532005
1997.7285370826721,3.2939727668844334,1,5.410130537532005
1997.8222930431366,3.3067089787772908,1,5.402943437851219
1997.9173879623413,3.296520009263009,1,5.4086931175958455
1998.011173248291,3.3092562211558665,1,5.401506017915059
1998.1062960624695,3.304161736398722,1,5.404380857787375
1998.2007253170013,3.3016144940201464,1,5.405818277723534
1998.2942283153534,3.3067089787772908,1,5.402943437851219
1998.3890917301178,3.296520009263009,1,5.4086931175958455
1998.4800209999084,3.3067089787772908,1,5.402943437851219
1998.5737352371216,3.2939727668844334,1,5.410130537532005
1998.6644933223724,3.319445190670155,1,5.395756338170429
1998.7901566028595,3.2837837973701447,1,5.415880217276635
1998.8849039077759,3.2990672516415778,1,5.407255697659689
1998.9789462089539,3.319445190670155,1,5.395756338170429
1999.0727553367615,3.2990672516415778,1,5.407255697659689
1999.1649324893951,3.321992433048724,1,5.394318918234274
1999.2587442398071,3.319445190670155,1,5.395756338170429
1999.3539197444916,3.296520009263009,1,5.4086931175958455
1999.4457137584686,3.3168979482915795,1,5.397193758106589
1999.5404551029205,3.3092562211558665,1,5.401506017915059
1999.6328959465027,3.3016144940201464,1,5.405818277723534
1999.712647676468,3.3168979482915795,1,5.397193758106589
1999.806397676468,3.311803463534435,1,5.400068597978904
1999.9001479148865,3.3016144940201464,1,5.405818277723534
1999.9952681064606,3.304161736398722,1,5.404380857787375
2000.087548494339,3.3092562211558665,1,5.401506017915059
2000.1822969913483,3.304161736398722,1,5.404380857787375
2000.2766182422638,3.311803463534435,1,5.400068597978904
2000.402344942093,3.3067089787772908,1,5.402943437851219
2000.4980838298798,3.296520009263009,1,5.4086931175958455
2000.5918323993683,3.3067089787772908,1,5.402943437851219
2000.687448978424,3.2990672516415778,1,5.407255697659689
2000.7806084156036,3.3092562211558665,1,5.401506017915059
2000.8729572296143,3.3092562211558665,1,5.401506017915059
2000.9524812698364,3.304161736398722,1,5.404380857787375
2001.0462310314178,3.319445190670155,1,5.395756338170429
2001.1579320430756,3.304161736398722,1,5.404380857787375
2001.2771904468536,3.3168979482915795,1,5.397193758106589
2001.3704504966736,3.2990672516415778,1,5.407255697659689
2001.4642000198364,3.311803463534435,1,5.400068597978904
2001.5578978061676,3.311803463534435,1,5.400068597978904
2001.6522107124329,3.3067089787772908,1,5.402943437851219
2001.74396443367,3.3092562211558665,1,5.401506017915059
2001.8387105464935,3.3168979482915795,1,5.397193758106589
2001.9337027072906,3.3016144940201464,1,5.405818277723534
2002.040929555893,3.329634160184437,1,5.390006658425803
2002.167554616928,3.296520009263009,1,5.4086931175958455
2002.259305715561,3.314350705913011,1,5.398631178042745
2002.354052066803,3.3016144940201464,1,5.405818277723534
2002.44780087471,3.3067089787772908,1,5.402943437851219
2002.5585234165192,3.329634160184437,1,5.390006658425803
2002.652278661728,3.3168979482915795,1,5.397193758106589
2002.7468514442444,3.314350705913011,1,5.398631178042745
2002.8421609401703,3.319445190670155,1,5.395756338170429
2002.9358835220337,3.3092562211558665,1,5.401506017915059
2003.031628370285,3.3245396754272996,1,5.392881498298115
2003.1263802051544,3.3067089787772908,1,5.402943437851219
2003.2197377681732,3.296520009263009,1,5.4086931175958455
2003.2986748218536,3.3092562211558665,1,5.401506017915059
2003.374969959259,3.314350705913011,1,5.398631178042745
2003.4686875343323,3.3092562211558665,1,5.401506017915059
2003.5604422092438,3.314350705913011,1,5.398631178042745
2003.6541917324066,3.314350705913011,1,5.398631178042745
2003.7798178195953,3.321992433048724,1,5.394318918234274
2003.8736016750336,3.314350705913011,1,5.398631178042745
2003.9693503379822,3.319445190670155,1,5.395756338170429
2004.0610547065735,3.319445190670155,1,5.395756338170429
2004.1548039913177,3.311803463534435,1,5.400068597978904
2004.250055551529,3.329634160184437,1,5.390006658425803
2004.3443717956543,3.329634160184437,1,5.390006658425803
2004.4366347789764,3.3245396754272996,1,5.392881498298115
2004.5278491973877,3.3245396754272996,1,5.392881498298115
2004.6230103969574,3.327086917805868,1,5.391444078361959
2004.7167603969574,3.3168979482915795,1,5.397193758106589
2004.8254699707031,3.311803463534435,1,5.400068597978904
2004.920215845108,3.321992433048724,1,5.394318918234274
2005.013512134552,3.329634160184437,1,5.390006658425803
2005.1072430610657,3.327086917805868,1,5.391444078361959
2005.1851618289948,3.3168979482915795,1,5.397193758106589
2005.2781372070312,3.3168979482915795,1,5.397193758106589
2005.4043443202972,3.3092562211558665,1,5.401506017915059
2005.4976239204407,3.311803463534435,1,5.400068597978904
2005.5908825397491,3.334728644941581,1,5.387131818553488
2005.6861381530762,3.296520009263009,1,5.4086931175958455
2005.7799334526062,3.319445190670155,1,5.395756338170429
2005.8756785392761,3.311803463534435,1,5.400068597978904
2005.9694271087646,3.3092562211558665,1,5.401506017915059
2006.0628855228424,3.3245396754272996,1,5.392881498298115
2006.1549136638641,3.3092562211558665,1,5.401506017915059
2006.248286485672,3.329634160184437,1,5.390006658425803
2006.3400423526764,3.319445190670155,1,5.395756338170429
2006.4318010807037,3.3168979482915795,1,5.397193758106589
2006.52654337883,3.337275887320157,1,5.3856943986173285
2006.6222875118256,3.319445190670155,1,5.395756338170429
2006.7140417099,3.321992433048724,1,5.394318918234274
2006.8068687915802,3.329634160184437,1,5.390006658425803
2006.899073600769,3.314350705913011,1,5.398631178042745
2006.9908661842346,3.327086917805868,1,5.391444078361959
2007.116887807846,3.319445190670155,1,5.395756338170429
2007.2122571468353,3.329634160184437,1,5.390006658425803
2007.2902293205261,3.337275887320157,1,5.3856943986173285
2007.3662405014038,3.311803463534435,1,5.400068597978904
2007.4602935314178,3.321992433048724,1,5.394318918234274
2007.5540716648102,3.3016144940201464,1,5.405818277723534
2007.6467900276184,3.327086917805868,1,5.391444078361959
2007.742024898529,3.327086917805868,1,5.391444078361959
2007.8355906009674,3.319445190670155,1,5.395756338170429
2007.9313445091248,3.3067089787772908,1,5.402943437851219
2008.0271060466766,3.327086917805868,1,5.391444078361959
2008.119823217392,3.3245396754272996,1,5.392881498298115
2008.2145693302155,3.321992433048724,1,5.394318918234274
2008.3060805797577,3.327086917805868,1,5.391444078361959
2008.3998138904572,3.321992433048724,1,5.394318918234274
2008.4918644428253,3.337275887320157,1,5.3856943986173285
2008.5676617622375,3.321992433048724,1,5.394318918234274
2008.688339471817,3.3321814025630125,1,5.3885692384896435
2008.7809734344482,3.319445190670155,1,5.395756338170429
2008.8758108615875,3.3245396754272996,1,5.392881498298115
2008.9691734313965,3.321992433048724,1,5.394318918234274
2009.0629222393036,3.3245396754272996,1,5.392881498298115
2009.156676530838,3.334728644941581,1,5.387131818553488
2009.248636007309,3.321992433048724,1,5.394318918234274
2009.3434081077576,3.3245396754272996,1,5.392881498298115
2009.4371695518494,3.329634160184437,1,5.390006658425803
2009.5299170017242,3.321992433048724,1,5.394318918234274
2009.6068754196167,3.319445190670155,1,5.395756338170429
2009.682949066162,3.3168979482915795,1,5.397193758106589
2009.777000427246,3.319445190670155,1,5.395756338170429
2009.8568148612976,3.3245396754272996,1,5.392881498298115
2009.9489855766296,3.321992433048724,1,5.394318918234274
2010.0262050628662,3.3321814025630125,1,5.3885692384896435
2010.1042284965515,3.329634160184437,1,5.390006658425803
2010.2139966487885,3.321992433048724,1,5.394318918234274
2010.2925987243652,3.327086917805868,1,5.391444078361959
2010.3707339763641,3.3245396754272996,1,5.392881498298115
2010.4485614299774,3.311803463534435,1,5.400068597978904
2010.5426425933838,3.3245396754272996,1,5.392881498298115
2010.6206467151642,3.321992433048724,1,5.394318918234274
2010.699567079544,3.327086917805868,1,5.391444078361959
2010.7783560752869,3.3321814025630125,1,5.3885692384896435
2010.8552691936493,3.329634160184437,1,5.390006658425803
2010.9329178333282,3.3245396754272996,1,5.392881498298115
2011.0103347301483,3.3398231296987255,1,5.384256978681173
2011.0880281925201,3.3321814025630125,1,5.3885692384896435
2011.1650269031525,3.319445190670155,1,5.395756338170429
2011.24232006073,3.329634160184437,1,5.390006658425803
2011.3364968299866,3.3245396754272996,1,5.392881498298115
2011.4148211479187,3.311803463534435,1,5.400068597978904
2011.494639635086,3.337275887320157,1,5.3856943986173285
2011.5717549324036,3.321992433048724,1,5.394318918234274
2011.6961045265198,3.319445190670155,1,5.395756338170429
2011.7754101753235,3.329634160184437,1,5.390006658425803
2011.867146730423,3.311803463534435,1,5.400068597978904
2011.9608674049377,3.3398231296987255,1,5.384256978681173
2012.0685803890228,3.327086917805868,1,5.391444078361959
2012.1633641719818,3.327086917805868,1,5.391444078361959
2012.2581140995026,3.3398231296987255,1,5.384256978681173
2012.3509469032288,3.319445190670155,1,5.395756338170429
2012.4457252025604,3.329634160184437,1,5.390006658425803
2012.5385212898254,3.337275887320157,1,5.3856943986173285
2012.6332609653473,3.3321814025630125,1,5.3885692384896435
2012.7270090579987,3.337275887320157,1,5.3856943986173285
2012.8203554153442,3.329634160184437,1,5.390006658425803
2012.913809299469,3.319445190670155,1,5.395756338170429
2013.0058379173279,3.3423703720773013,1,5.382819558745013
2013.1011085510254,3.327086917805868,1,5.391444078361959
2013.194857597351,3.3398231296987255,1,5.384256978681173
2013.3205261230469,3.3168979482915795,1,5.397193758106589
2013.413274049759,3.3398231296987255,1,5.384256978681173
2013.5040411949158,3.329634160184437,1,5.390006658425803
2013.5940415859222,3.3474648568344456,1,5.379944718872698
2013.68803358078,3.334728644941581,1,5.387131818553488
2013.78071808815,3.337275887320157,1,5.3856943986173285
2013.8739886283875,3.3245396754272996,1,5.392881498298115
2013.966804265976,3.329634160184437,1,5.390006658425803
2014.0455965995789,3.337275887320157,1,5.3856943986173285
2014.1413404941559,3.327086917805868,1,5.391444078361959
2014.2334713935852,3.3321814025630125,1,5.3885692384896435
2014.3277459144592,3.3474648568344456,1,5.379944718872698
2014.4213428497314,3.334728644941581,1,5.387131818553488
2014.514592409134,3.3245396754272996,1,5.392881498298115
2014.610342502594,3.334728644941581,1,5.387131818553488
2014.7020916938782,3.319445190670155,1,5.395756338170429
2014.794843196869,3.3398231296987255,1,5.384256978681173
2014.9173109531403,3.3245396754272996,1,5.392881498298115
2015.0128509998322,3.329634160184437,1,5.390006658425803
2015.1066319942474,3.3423703720773013,1,5.382819558745013
2015.1848657131195,3.327086917805868,1,5.391444078361959
2015.264051437378,3.3423703720773013,1,5.382819558745013
2015.357800245285,3.34491761445587,1,5.381382138808858
2015.4525470733643,3.3423703720773013,1,5.382819558745013
2015.5473418235779,3.327086917805868,1,5.391444078361959
2015.6410911083221,3.3423703720773013,1,5.382819558745013
2015.7348437309265,3.321992433048724,1,5.394318918234274
2015.828676700592,3.329634160184437,1,5.390006658425803
2015.9222412109375,3.3398231296987255,1,5.384256978681173
2016.016695022583,3.3398231296987255,1,5.384256978681173
2016.1094555854797,3.3321814025630125,1,5.3885692384896435
2016.2173669338226,3.3321814025630125,1,5.3885692384896435
2016.326977968216,3.3423703720773013,1,5.382819558745013
2016.420988559723,3.334728644941581,1,5.387131818553488
2016.5132510662079,3.3398231296987255,1,5.384256978681173
2016.6518788337708,3.327086917805868,1,5.391444078361959
2016.7602124214172,3.3423703720773013,1,5.382819558745013
2016.8545506000519,3.357653826348727,1,5.374195039128073
2016.94930434227,3.334728644941581,1,5.387131818553488
2017.0430529117584,3.34491761445587,1,5.381382138808858
2017.138812303543,3.35255934159159,1,5.377069879000383
2017.2325525283813,3.327086917805868,1,5.391444078361959
2017.3282968997955,3.34491761445587,1,5.381382138808858
2017.4220452308655,3.3500120992130142,1,5.378507298936543
2017.53129196167,3.3423703720773013,1,5.382819558745013
2017.6252100467682,3.3551065839701586,1,5.375632459064228
2017.7170040607452,3.3398231296987255,1,5.384256978681173
2017.812748670578,3.3398231296987255,1,5.384256978681173
2017.9064977169037,3.35255934159159,1,5.377069879000383
2017.999249458313,3.337275887320157,1,5.3856943986173285
2018.0945365428925,3.3551065839701586,1,5.375632459064228
2018.187825202942,3.3500120992130142,1,5.378507298936543
2018.3135056495667,3.337275887320157,1,5.3856943986173285
2018.4192235469818,3.34491761445587,1,5.381382138808858
2018.5129745006561,3.34491761445587,1,5.381382138808858
2018.6236770153046,3.3703900382415917,1,5.367007939447283
2018.7165105342865,3.34491761445587,1,5.381382138808858
2018.8122553825378,3.357653826348727,1,5.374195039128073
2018.906004190445,3.35255934159159,1,5.377069879000383
2019.0147318840027,3.337275887320157,1,5.3856943986173285
2019.1214702129364,3.3500120992130142,1,5.378507298936543
2019.2152209281921,3.334728644941581,1,5.387131818553488
2019.3079736232758,3.35255934159159,1,5.377069879000383
2019.399968624115,3.3398231296987255,1,5.384256978681173
2019.4918537139893,3.3474648568344456,1,5.379944718872698
2019.583411693573,3.334728644941581,1,5.387131818553488
2019.677166223526,3.35255934159159,1,5.377069879000383
2019.771431684494,3.3474648568344456,1,5.379944718872698
2019.8630588054657,3.3398231296987255,1,5.384256978681173
2019.9882636070251,3.35255934159159,1,5.377069879000383
2020.0790185928345,3.337275887320157,1,5.3856943986173285
2020.1717834472656,3.3551065839701586,1,5.375632459064228
2020.2807796001434,3.3398231296987255,1,5.384256978681173
2020.3746886253357,3.35255934159159,1,5.377069879000383
2020.4816484451294,3.337275887320157,1,5.3856943986173285
2020.5905606746674,3.3245396754272996,1,5.392881498298115
2020.6685919761658,3.3398231296987255,1,5.384256978681173
2020.7615149021149,3.3551065839701586,1,5.375632459064228
2020.8562626838684,3.3551065839701586,1,5.375632459064228
2020.9510099887848,3.334728644941581,1,5.387131818553488
2021.0457544326782,3.3423703720773013,1,5.382819558745013
2021.1414988040924,3.35255934159159,1,5.377069879000383
2021.2342510223389,3.337275887320157,1,5.3856943986173285
2021.329001903534,3.357653826348727,1,5.374195039128073
2021.4227640628815,3.360201068727303,1,5.372757619191913
2021.51651263237,3.3321814025630125,1,5.3885692384896435
2021.6092636585236,3.357653826348727,1,5.374195039128073
2021.7329518795013,3.334728644941581,1,5.387131818553488
2021.8284378051758,3.3500120992130142,1,5.378507298936543
2021.9221868515015,3.360201068727303,1,5.372757619191913
2022.0159323215485,3.3500120992130142,1,5.378507298936543
2022.1102666854858,3.357653826348727,1,5.374195039128073
2022.2030172348022,3.3551065839701586,1,5.375632459064228
2022.3147187232971,3.35255934159159,1,5.377069879000383
2022.4064741134644,3.3652955534844473,1,5.369882779319598
2022.5161979198456,3.3474648568344456,1,5.379944718872698
2022.6079342365265,3.360201068727303,1,5.372757619191913
2022.7027039527893,3.3423703720773013,1,5.382819558745013
2022.7954542636871,3.3398231296987255,1,5.384256978681173
2022.8885071277618,3.3500120992130142,1,5.378507298936543
2022.9971735477448,3.3423703720773013,1,5.382819558745013
2023.0899262428284,3.357653826348727,1,5.374195039128073
2023.1857697963715,3.3423703720773013,1,5.382819558745013
2023.280516386032,3.3500120992130142,1,5.378507298936543
2023.421139717102,3.3627483111058716,1,5.3713201992557575
2023.5138926506042,3.3398231296987255,1,5.384256978681173
2023.606232881546,3.367842795863016,1,5.3684453593834425
2023.6998646259308,3.3551065839701586,1,5.375632459064228
2023.7936143875122,3.3627483111058716,1,5.3713201992557575
2023.8870887756348,3.3500120992130142,1,5.378507298936543
2023.9804620742798,3.3398231296987255,1,5.384256978681173
2024.0738170146942,3.3551065839701586,1,5.375632459064228
2024.181533575058,3.3474648568344456,1,5.379944718872698
2024.2755143642426,3.360201068727303,1,5.372757619191913
2024.3662724494934,3.3398231296987255,1,5.384256978681173
2024.4748277664185,3.3703900382415917,1,5.367007939447283
2024.5700898170471,3.360201068727303,1,5.372757619191913
2024.66504073143,3.3500120992130142,1,5.378507298936543
2024.7737865447998,3.3474648568344456,1,5.379944718872698
2024.885451555252,3.34491761445587,1,5.381382138808858
2024.979202747345,3.3500120992130142,1,5.378507298936543
2025.1198256015778,3.360201068727303,1,5.372757619191913
2025.2245457172394,3.3551065839701586,1,5.375632459064228
2025.3342530727386,3.3474648568344456,1,5.379944718872698
2025.4250092506409,3.35255934159159,1,5.377069879000383
2025.5168294906616,3.35255934159159,1,5.377069879000383
2025.610358953476,3.357653826348727,1,5.374195039128073
2025.7170732021332,3.35255934159159,1,5.377069879000383
2025.825788974762,3.3551065839701586,1,5.375632459064228
2025.932635307312,3.3474648568344456,1,5.379944718872698
2026.0392830371857,3.3652955534844473,1,5.369882779319598
2026.1491923332214,3.3500120992130142,1,5.378507298936543
2026.244936466217,3.367842795863016,1,5.3684453593834425
2026.3526511192322,3.360201068727303,1,5.372757619191913
2026.463355064392,3.3627483111058716,1,5.3713201992557575
2026.5730576515198,3.3652955534844473,1,5.369882779319598
2026.67977309227,3.357653826348727,1,5.374195039128073
2026.7735302448273,3.3500120992130142,1,5.378507298936543
2026.8812413215637,3.357653826348727,1,5.374195039128073
2027.0198714733124,3.360201068727303,1,5.372757619191913
2027.1118574142456,3.3780317653773047,1,5.362695679638812
2027.2076008319855,3.3627483111058716,1,5.3713201992557575
2027.3000302314758,3.357653826348727,1,5.374195039128073
2027.3927819728851,3.3627483111058716,1,5.3713201992557575
2027.484536409378,3.3500120992130142,1,5.378507298936543
2027.5927872657776,3.3551065839701586,1,5.375632459064228
2027.6883127689362,3.3652955534844473,1,5.369882779319598
2027.7950277328491,3.35255934159159,1,5.377069879000383
2027.88600897789,3.3652955534844473,1,5.369882779319598
2027.9787793159485,3.3551065839701586,1,5.375632459064228
2028.0705330371857,3.3652955534844473,1,5.369882779319598
2028.1642832756042,3.35255934159159,1,5.377069879000383
2028.2739887237549,3.3703900382415917,1,5.367007939447283
2028.3821709156036,3.3474648568344456,1,5.379944718872698
2028.4908788204193,3.3703900382415917,1,5.367007939447283
2028.5846283435822,3.3551065839701586,1,5.375632459064228
2028.7102925777435,3.35255934159159,1,5.377069879000383
2028.8209974765778,3.3627483111058716,1,5.3713201992557575
2028.9147460460663,3.35255934159159,1,5.377069879000383
2029.0082519054413,3.35255934159159,1,5.377069879000383
2029.1028311252594,3.357653826348727,1,5.374195039128073
2029.210750579834,3.357653826348727,1,5.374195039128073
2029.3064949512482,3.3551065839701586,1,5.375632459064228
2029.4005444049835,3.3500120992130142,1,5.378507298936543
2029.5087676048279,3.357653826348727,1,5.374195039128073
2029.6038765907288,3.3729372806201603,1,5.365570519511127
2029.6970324516296,3.3500120992130142,1,5.378507298936543
2029.7921950817108,3.357653826348727,1,5.374195039128073
2029.8857312202454,3.3652955534844473,1,5.369882779319598
2029.9790680408478,3.3652955534844473,1,5.369882779319598
2030.0748126506805,3.3652955534844473,1,5.369882779319598
2030.1831171512604,3.3423703720773013,1,5.382819558745013
2030.2768659591675,3.3652955534844473,1,5.369882779319598
2030.4158449172974,3.3500120992130142,1,5.378507298936543
2030.5255525112152,3.375484522998736,1,5.364133099574968
2030.6173179149628,3.3474648568344456,1,5.379944718872698
2030.7130501270294,3.367842795863016,1,5.3684453593834425
2030.8217599391937,3.3627483111058716,1,5.3713201992557575
2030.9145126342773,3.3500120992130142,1,5.378507298936543
2031.009782075882,3.3652955534844473,1,5.369882779319598
2031.116497516632,3.3627483111058716,1,5.3713201992557575
2031.2112429141998,3.3652955534844473,1,5.369882779319598
2031.3359169960022,3.360201068727303,1,5.372757619191913
2031.4288182258606,3.35255934159159,1,5.377069879000383
2031.5081396102905,3.3780317653773047,1,5.362695679638812
2031.5869834423065,3.3703900382415917,1,5.367007939447283
2031.6822855472565,3.3627483111058716,1,5.3713201992557575
2031.7761406898499,3.367842795863016,1,5.3684453593834425
2031.8699100017548,3.367842795863016,1,5.3684453593834425
2031.9638669490814,3.360201068727303,1,5.372757619191913
2032.0554060935974,3.3627483111058716,1,5.3713201992557575
2032.181512594223,3.360201068727303,1,5.372757619191913
2032.2892084121704,3.3703900382415917,1,5.367007939447283
2032.3834660053253,3.360201068727303,1,5.372757619191913
2032.5081341266632,3.367842795863016,1,5.3684453593834425
2032.6018784046173,3.357653826348727,1,5.374195039128073
2032.711588859558,3.367842795863016,1,5.3684453593834425
2032.8073325157166,3.3652955534844473,1,5.369882779319598
2032.9030766487122,3.3703900382415917,1,5.367007939447283
2033.0117852687836,3.3551065839701586,1,5.375632459064228
2033.1055376529694,3.375484522998736,1,5.364133099574968
2033.214272260666,3.360201068727303,1,5.372757619191913
2033.30704164505,3.383126250134449,1,5.359820839766497
2033.4003477096558,3.35255934159159,1,5.377069879000383
2033.4950940608978,3.3703900382415917,1,5.367007939447283
2033.6018462181091,3.357653826348727,1,5.374195039128073
2033.695562839508,3.3652955534844473,1,5.369882779319598
2033.790822505951,3.3729372806201603,1,5.365570519511127
2033.899255990982,3.367842795863016,1,5.3684453593834425
2033.977926492691,3.375484522998736,1,5.364133099574968
2034.0579071044922,3.375484522998736,1,5.364133099574968
2034.1348559856415,3.3627483111058716,1,5.3713201992557575
2034.2286376953125,3.375484522998736,1,5.364133099574968
2034.3227896690369,3.3780317653773047,1,5.362695679638812
2034.4005315303802,3.375484522998736,1,5.364133099574968
2034.478420495987,3.3652955534844473,1,5.369882779319598
2034.5568890571594,3.3729372806201603,1,5.365570519511127
2034.6503639221191,3.3652955534844473,1,5.369882779319598
2034.7428269386292,3.3703900382415917,1,5.367007939447283
2034.8195190429688,3.375484522998736,1,5.364133099574968
2034.8993453979492,3.35255934159159,1,5.377069879000383
2034.9788174629211,3.360201068727303,1,5.372757619191913
2035.0552899837494,3.367842795863016,1,5.3684453593834425
2035.1313617229462,3.367842795863016,1,5.3684453593834425
2035.2096021175385,3.3703900382415917,1,5.367007939447283
2035.3328323364258,3.3627483111058716,1,5.3713201992557575
2035.4248418807983,3.3805790077558804,1,5.361258259702653
2035.5178616046906,3.3703900382415917,1,5.367007939447283
2035.6106262207031,3.3703900382415917,1,5.367007939447283
2035.7026562690735,3.3652955534844473,1,5.369882779319598
2035.794770002365,3.3805790077558804,1,5.361258259702653
2035.8887522220612,3.3805790077558804,1,5.361258259702653
2035.9661359786987,3.35255934159159,1,5.377069879000383
2036.0436851978302,3.383126250134449,1,5.359820839766497
2036.1210896968842,3.3780317653773047,1,5.362695679638812
2036.2140982151031,3.367842795863016,1,5.3684453593834425
2036.324990272522,3.383126250134449,1,5.359820839766497
2036.4319989681244,3.357653826348727,1,5.374195039128073
2036.541199684143,3.3780317653773047,1,5.362695679638812
2036.6368873119354,3.3780317653773047,1,5.362695679638812
2036.7299869060516,3.3780317653773047,1,5.362695679638812
2036.839859008789,3.390767977270162,1,5.355508579958027
2036.9635291099548,3.367842795863016,1,5.3684453593834425
2037.088267326355,3.383126250134449,1,5.359820839766497
2037.1803188323975,3.3805790077558804,1,5.361258259702653
2037.2589700222015,3.3882207348915934,1,5.356945999894182
2037.3514740467072,3.3729372806201603,1,5.365570519511127
2037.4295353889465,3.3729372806201603,1,5.365570519511127
2037.5087020397186,3.3882207348915934,1,5.356945999894182
2037.5866651535034,3.383126250134449,1,5.359820839766497
2037.665457725525,3.3780317653773047,1,5.362695679638812
2037.7441108226776,3.3805790077558804,1,5.361258259702653
2037.8219282627106,3.3882207348915934,1,5.356945999894182
2037.9007885456085,3.3780317653773047,1,5.362695679638812
2037.980728149414,3.3780317653773047,1,5.362695679638812
2038.0744783878326,3.383126250134449,1,5.359820839766497
2038.1697459220886,3.390767977270162,1,5.355508579958027
2038.249802827835,3.367842795863016,1,5.3684453593834425
2038.326936006546,3.3856734925130176,1,5.358383419830341
2038.405267238617,3.408598673920171,1,5.345446640404922
2038.5457227230072,3.3882207348915934,1,5.356945999894182
2038.6404712200165,3.3882207348915934,1,5.356945999894182
2038.7342188358307,3.3729372806201603,1,5.365570519511127
2038.8428864479065,3.3856734925130176,1,5.358383419830341
2038.9218122959137,3.383126250134449,1,5.359820839766497
2039.0000767707825,3.375484522998736,1,5.364133099574968
2039.0779407024384,3.3856734925130176,1,5.358383419830341
2039.1716861724854,3.3882207348915934,1,5.356945999894182
2039.2803950309753,3.3933152196487377,1,5.354071160021867
2039.3910989761353,3.383126250134449,1,5.359820839766497
2039.4838662147522,3.375484522998736,1,5.364133099574968
2039.5628128051758,3.3729372806201603,1,5.365570519511127
2039.6559038162231,3.390767977270162,1,5.355508579958027
2039.7488248348236,3.3882207348915934,1,5.356945999894182
2039.8416290283203,3.3882207348915934,1,5.356945999894182
2039.949342250824,3.383126250134449,1,5.359820839766497
2040.04408121109,3.383126250134449,1,5.359820839766497
2040.1686606407166,3.3780317653773047,1,5.362695679638812
2040.245477437973,3.3780317653773047,1,5.362695679638812
2040.3387513160706,3.3958624620273063,1,5.352633740085711
2040.4330179691315,3.3652955534844473,1,5.369882779319598
2040.5108137130737,3.3805790077558804,1,5.361258259702653
2040.5888895988464,3.3882207348915934,1,5.356945999894182
2040.6820132732391,3.3882207348915934,1,5.356945999894182
2040.7611784934998,3.3856734925130176,1,5.358383419830341
2040.8409552574158,3.390767977270162,1,5.355508579958027
2040.9178960323334,3.3805790077558804,1,5.361258259702653
2040.997350692749,3.3856734925130176,1,5.358383419830341
2041.0763115882874,3.3882207348915934,1,5.356945999894182
2041.168349981308,3.375484522998736,1,5.364133099574968
2041.2603223323822,3.375484522998736,1,5.364133099574968
2041.339198589325,3.4009569467844507,1,5.349758900213397
2041.417270898819,3.3729372806201603,1,5.365570519511127
2041.4961287975311,3.383126250134449,1,5.359820839766497
2041.5888211727142,3.398409704405882,1,5.351196320149552
2041.6975874900818,3.3805790077558804,1,5.361258259702653
2041.7758696079254,3.4009569467844507,1,5.349758900213397
2041.8532559871674,3.390767977270162,1,5.355508579958027
2041.930649280548,3.383126250134449,1,5.359820839766497
2042.0093500614166,3.3958624620273063,1,5.352633740085711
2042.0863037109375,3.390767977270162,1,5.355508579958027
2042.1651837825775,3.4009569467844507,1,5.349758900213397
2042.241637468338,3.390767977270162,1,5.355508579958027
2042.3185737133026,3.3856734925130176,1,5.358383419830341
2042.3979787826538,3.3882207348915934,1,5.356945999894182
2042.4779493808746,3.4009569467844507,1,5.349758900213397
2042.5550816059113,3.3856734925130176,1,5.358383419830341
2042.6338589191437,3.3780317653773047,1,5.362695679638812
2042.7277483940125,3.4009569467844507,1,5.349758900213397
2042.8053188323975,3.3933152196487377,1,5.354071160021867
2042.881855726242,3.3856734925130176,1,5.358383419830341
2042.9602479934692,3.383126250134449,1,5.359820839766497
2043.069875240326,3.398409704405882,1,5.351196320149552
2043.1460041999817,3.3805790077558804,1,5.361258259702653
2043.223976135254,3.390767977270162,1,5.355508579958027
2043.3033180236816,3.383126250134449,1,5.359820839766497
2043.3808798789978,3.3933152196487377,1,5.354071160021867
2043.4593851566315,3.4009569467844507,1,5.349758900213397
2043.5381405353546,3.3933152196487377,1,5.354071160021867
2043.6300094127655,3.3933152196487377,1,5.354071160021867
2043.7079870700836,3.3958624620273063,1,5.352633740085711
2043.78830742836,3.3856734925130176,1,5.358383419830341
2043.8814272880554,3.3882207348915934,1,5.356945999894182
2043.9586062431335,3.3805790077558804,1,5.361258259702653
2044.0376653671265,3.398409704405882,1,5.351196320149552
2044.117637872696,3.375484522998736,1,5.364133099574968
2044.195209980011,3.398409704405882,1,5.351196320149552
2044.274402141571,3.3933152196487377,1,5.354071160021867
2044.3531234264374,3.3882207348915934,1,5.356945999894182
2044.4612073898315,3.3958624620273063,1,5.352633740085711
2044.5384602546692,3.383126250134449,1,5.359820839766497
2044.6303071975708,3.3882207348915934,1,5.356945999894182
2044.7071647644043,3.398409704405882,1,5.351196320149552
2044.7838373184204,3.390767977270162,1,5.355508579958027
2044.861623287201,3.3856734925130176,1,5.358383419830341
2044.9415440559387,3.4009569467844507,1,5.349758900213397
2045.0325219631195,3.3805790077558804,1,5.361258259702653
2045.126039981842,3.3882207348915934,1,5.356945999894182
2045.203676700592,3.390767977270162,1,5.355508579958027
2045.2816088199615,3.3958624620273063,1,5.352633740085711
2045.3595535755157,3.398409704405882,1,5.351196320149552
2045.4381077289581,3.390767977270162,1,5.355508579958027
2045.5174736976624,3.398409704405882,1,5.351196320149552
2045.594333410263,3.4009569467844507,1,5.349758900213397
2045.6719601154327,3.383126250134449,1,5.359820839766497
2045.7509746551514,3.383126250134449,1,5.359820839766497
2045.8265953063965,3.398409704405882,1,5.351196320149552
2045.919065952301,3.398409704405882,1,5.351196320149552
2045.9978938102722,3.3780317653773047,1,5.362695679638812
2046.0757887363434,3.398409704405882,1,5.351196320149552
2046.168771982193,3.3780317653773047,1,5.362695679638812
2046.2466971874237,3.3856734925130176,1,5.358383419830341
2046.3396530151367,3.4009569467844507,1,5.349758900213397
2046.4165933132172,3.3882207348915934,1,5.356945999894182
2046.4941239356995,3.4111459162987394,1,5.344009220468767
2046.5731115341187,3.398409704405882,1,5.351196320149552
2046.6500012874603,3.390767977270162,1,5.355508579958027
2046.7280013561249,3.390767977270162,1,5.355508579958027
2046.8078470230103,3.3933152196487377,1,5.354071160021867
2046.883932352066,3.3958624620273063,1,5.352633740085711
2046.959899187088,3.4035041891630264,1,5.348321480277237
2047.0362343788147,3.3958624620273063,1,5.352633740085711
2047.1140780448914,3.3933152196487377,1,5.354071160021867
2047.1915867328644,3.416240401055884,1,5.341134380596451
2047.2699711322784,3.3933152196487377,1,5.354071160021867
2047.3470251560211,3.383126250134449,1,5.359820839766497
2047.424367904663,3.4111459162987394,1,5.344009220468767
2047.5179133415222,3.390767977270162,1,5.355508579958027
2047.5946753025055,3.3958624620273063,1,5.352633740085711
2047.6714537143707,3.4035041891630264,1,5.348321480277237
2047.7494609355927,3.398409704405882,1,5.351196320149552
2047.829337835312,3.4035041891630264,1,5.348321480277237
2047.9076328277588,3.3933152196487377,1,5.354071160021867
2047.9863567352295,3.3882207348915934,1,5.356945999894182
2048.0649383068085,3.3958624620273063,1,5.352633740085711
2048.140636444092,3.3933152196487377,1,5.354071160021867
2048.2197530269623,3.4009569467844507,1,5.349758900213397
2048.2986223697662,3.3933152196487377,1,5.354071160021867
2048.3761415481567,3.3958624620273063,1,5.352633740085711
2048.469886779785,3.408598673920171,1,5.345446640404922
2048.545900821686,3.398409704405882,1,5.351196320149552
2048.6228053569794,3.408598673920171,1,5.345446640404922
2048.702375650406,3.3958624620273063,1,5.352633740085711
2048.780245065689,3.406051431541595,1,5.346884060341081
2048.8580605983734,3.398409704405882,1,5.351196320149552
2048.937007188797,3.421334885813028,1,5.338259540724136
2049.015064239502,3.390767977270162,1,5.355508579958027
2049.091395378113,3.406051431541595,1,5.346884060341081
2049.2021276950836,3.390767977270162,1,5.355508579958027
2049.279095172882,3.406051431541595,1,5.346884060341081
2049.370733499527,3.4111459162987394,1,5.344009220468767
2049.4490880966187,3.4009569467844507,1,5.349758900213397
2049.5246946811676,3.413693158677308,1,5.34257180053261
2049.615700483322,3.4035041891630264,1,5.348321480277237
2049.7099640369415,3.4009569467844507,1,5.349758900213397
2049.801753282547,3.4035041891630264,1,5.348321480277237
2049.8814358711243,3.3933152196487377,1,5.354071160021867
2049.9595420360565,3.408598673920171,1,5.345446640404922
2050.051802635193,3.3882207348915934,1,5.356945999894182
2050.1415627002716,3.406051431541595,1,5.346884060341081
2050.217360019684,3.3856734925130176,1,5.358383419830341
2050.31112408638,3.408598673920171,1,5.345446640404922
2050.38995552063,3.406051431541595,1,5.346884060341081
2050.4806706905365,3.3933152196487377,1,5.354071160021867
2050.5584626197815,3.4009569467844507,1,5.349758900213397
2050.638252258301,3.413693158677308,1,5.34257180053261
2050.716548204422,3.3933152196487377,1,5.354071160021867
2050.8102128505707,3.4035041891630264,1,5.348321480277237
2050.9465119838715,3.3882207348915934,1,5.356945999894182
2051.038297891617,3.4035041891630264,1,5.348321480277237
2051.1155486106873,3.3958624620273063,1,5.352633740085711
2051.191725254059,3.4009569467844507,1,5.349758900213397
2051.2699735164642,3.406051431541595,1,5.346884060341081
2051.3478479385376,3.4009569467844507,1,5.349758900213397
2051.4238982200623,3.408598673920171,1,5.345446640404922
2051.503947019577,3.413693158677308,1,5.34257180053261
2051.5822093486786,3.4035041891630264,1,5.348321480277237
2051.6585807800293,3.4009569467844507,1,5.349758900213397
2051.736725091934,3.406051431541595,1,5.346884060341081
2051.8138432502747,3.408598673920171,1,5.345446640404922
2051.90678024292,3.4009569467844507,1,5.349758900213397
2051.9867177009583,3.3958624620273063,1,5.352633740085711
2052.0648441314697,3.3958624620273063,1,5.352633740085711
2052.142562150955,3.4111459162987394,1,5.344009220468767
2052.2199511528015,3.390767977270162,1,5.355508579958027
2052.298822402954,3.3933152196487377,1,5.354071160021867
2052.375017642975,3.398409704405882,1,5.351196320149552
2052.453824043274,3.406051431541595,1,5.346884060341081
2052.5622091293335,3.398409704405882,1,5.351196320149552
2052.640163898468,3.4111459162987394,1,5.344009220468767
2052.718286514282,3.4009569467844507,1,5.349758900213397
2052.795603275299,3.408598673920171,1,5.345446640404922
2052.874103784561,3.4111459162987394,1,5.344009220468767
2052.9519696235657,3.4111459162987394,1,5.344009220468767
2053.044023036957,3.421334885813028,1,5.338259540724136
2053.123479127884,3.406051431541595,1,5.346884060341081
2053.200834751129,3.3958624620273063,1,5.352633740085711
2053.2783946990967,3.413693158677308,1,5.34257180053261
2053.3577704429626,3.421334885813028,1,5.338259540724136
2053.436160326004,3.4035041891630264,1,5.348321480277237
2053.5122215747833,3.4035041891630264,1,5.348321480277237
2053.58953666687,3.421334885813028,1,5.338259540724136
2053.6841790676117,3.4111459162987394,1,5.344009220468767
2053.75923705101,3.416240401055884,1,5.341134380596451
2053.8371670246124,3.4035041891630264,1,5.348321480277237
2053.9161188602448,3.4035041891630264,1,5.348321480277237
2053.9919266700745,3.413693158677308,1,5.34257180053261
2054.0694992542267,3.4264293705701725,1,5.335384700851821
2054.181088447571,3.4035041891630264,1,5.348321480277237
2054.2581470012665,3.4238821281915968,1,5.33682212078798
2054.3350768089294,3.3958624620273063,1,5.352633740085711
2054.413054227829,3.4111459162987394,1,5.344009220468767
2054.490056037903,3.4187876434344524,1,5.339696960660296
2054.5683619976044,3.4035041891630264,1,5.348321480277237
2054.647735118866,3.4009569467844507,1,5.349758900213397
2054.723114013672,3.406051431541595,1,5.346884060341081
2054.799728155136,3.421334885813028,1,5.338259540724136
2054.876872062683,3.4187876434344524,1,5.339696960660296
2054.953768968582,3.413693158677308,1,5.34257180053261
2055.0316004753113,3.408598673920171,1,5.345446640404922
2055.1106164455414,3.4187876434344524,1,5.339696960660296
2055.187511205673,3.4238821281915968,1,5.33682212078798
2055.2665560245514,3.416240401055884,1,5.341134380596451
2055.344343662262,3.421334885813028,1,5.338259540724136
2055.420649766922,3.4187876434344524,1,5.339696960660296
2055.4990949630737,3.4035041891630264,1,5.348321480277237
2055.578468322754,3.416240401055884,1,5.341134380596451
2055.655287027359,3.406051431541595,1,5.346884060341081
2055.750715970993,3.408598673920171,1,5.345446640404922
2055.827860355377,3.416240401055884,1,5.341134380596451
2055.906086921692,3.413693158677308,1,5.34257180053261
2055.984048128128,3.416240401055884,1,5.341134380596451
2056.0619678497314,3.421334885813028,1,5.338259540724136
2056.1380410194397,3.421334885813028,1,5.338259540724136
2056.217536687851,3.408598673920171,1,5.345446640404922
2056.2951023578644,3.421334885813028,1,5.338259540724136
2056.3717164993286,3.4111459162987394,1,5.344009220468767
2056.4489076137543,3.4111459162987394,1,5.344009220468767
2056.527934074402,3.416240401055884,1,5.341134380596451
2056.6052820682526,3.4111459162987394,1,5.344009220468767
2056.6819553375244,3.4187876434344524,1,5.339696960660296
2056.759886264801,3.4187876434344524,1,5.339696960660296
2056.8358199596405,3.4111459162987394,1,5.344009220468767
2056.9137721061707,3.416240401055884,1,5.341134380596451
2056.991976737976,3.421334885813028,1,5.338259540724136
2057.0694036483765,3.4111459162987394,1,5.344009220468767
2057.1482837200165,3.4111459162987394,1,5.344009220468767
2057.2272939682007,3.4264293705701725,1,5.335384700851821
2057.303393602371,3.4187876434344524,1,5.339696960660296
2057.4091646671295,3.431523855327317,1,5.332509860979506
2057.48707652092,3.406051431541595,1,5.346884060341081
2057.5658810138702,3.4111459162987394,1,5.344009220468767
2057.6439170837402,3.4264293705701725,1,5.335384700851821
2057.7206773757935,3.416240401055884,1,5.341134380596451
2057.79754447937,3.4187876434344524,1,5.339696960660296
2057.8766338825226,3.431523855327317,1,5.332509860979506
2057.952759027481,3.428976612948741,1,5.333947280915666
2058.0309715270996,3.4111459162987394,1,5.344009220468767
2058.1099371910095,3.4264293705701725,1,5.335384700851821
2058.188981771469,3.431523855327317,1,5.332509860979506
2058.2677969932556,3.421334885813028,1,5.338259540724136
2058.3598449230194,3.428976612948741,1,5.333947280915666
2058.45259642601,3.421334885813028,1,5.338259540724136
2058.54634642601,3.421334885813028,1,5.338259540724136
2058.641159057617,3.428976612948741,1,5.333947280915666
2058.718829393387,3.4111459162987394,1,5.344009220468767
2058.7976863384247,3.421334885813028,1,5.338259540724136
2058.876898288727,3.436618340084461,1,5.329635021107191
2058.970648288727,3.428976612948741,1,5.333947280915666
2059.094397544861,3.421334885813028,1,5.338259540724136
2059.170828819275,3.421334885813028,1,5.338259540724136
2059.2478041648865,3.4238821281915968,1,5.33682212078798
2059.326067209244,3.444260067220174,1,5.32532276129872
2059.401745557785,3.421334885813028,1,5.338259540724136
2059.4799733161926,3.4238821281915968,1,5.33682212078798
2059.5588698387146,3.431523855327317,1,5.332509860979506
2059.6362795829773,3.4238821281915968,1,5.33682212078798
2059.7300305366516,3.416240401055884,1,5.341134380596451
2059.8407332897186,3.431523855327317,1,5.332509860979506
2059.9344828128815,3.416240401055884,1,5.341134380596451
2060.013087272644,3.4264293705701725,1,5.335384700851821
2060.0888843536377,3.4264293705701725,1,5.335384700851821
2060.1665546894073,3.4264293705701725,1,5.335384700851821
2060.245906352997,3.4238821281915968,1,5.33682212078798
2060.3231208324432,3.431523855327317,1,5.332509860979506
2060.4030051231384,3.4187876434344524,1,5.339696960660296
2060.4807012081146,3.4264293705701725,1,5.335384700851821
2060.5588505268097,3.431523855327317,1,5.332509860979506
2060.6369454860687,3.4238821281915968,1,5.33682212078798
2060.746504545212,3.428976612948741,1,5.333947280915666
2060.838457584381,3.4340710977058855,1,5.33107244104335
2060.9312102794647,3.431523855327317,1,5.332509860979506
2061.0384900569916,3.436618340084461,1,5.329635021107191
2061.1501927375793,3.421334885813028,1,5.338259540724136
2061.2448303699493,3.436618340084461,1,5.329635021107191
2061.3242292404175,3.4264293705701725,1,5.335384700851821
2061.4188957214355,3.408598673920171,1,5.345446640404922
2061.5132687091827,3.4238821281915968,1,5.33682212078798
2061.6080169677734,3.428976612948741,1,5.333947280915666
2061.699964284897,3.431523855327317,1,5.332509860979506
2061.7771933078766,3.4264293705701725,1,5.335384700851821
2061.856398820877,3.431523855327317,1,5.332509860979506
2061.933383703232,3.4238821281915968,1,5.33682212078798
2062.027458667755,3.431523855327317,1,5.332509860979506
2062.1222064495087,3.436618340084461,1,5.329635021107191
2062.2309136390686,3.436618340084461,1,5.329635021107191
2062.30974149704,3.43916558246303,1,5.328197601171036
2062.387716770172,3.431523855327317,1,5.332509860979506
2062.464356660843,3.431523855327317,1,5.332509860979506
2062.559188604355,3.4340710977058855,1,5.33107244104335
2062.6360087394714,3.4340710977058855,1,5.33107244104335
2062.728761911392,3.4340710977058855,1,5.33107244104335
2062.824506521225,3.431523855327317,1,5.332509860979506
2062.9171833992004,3.43916558246303,1,5.328197601171036
2063.009021759033,3.431523855327317,1,5.332509860979506
2063.0869088172913,3.421334885813028,1,5.338259540724136
2063.1801342964172,3.4340710977058855,1,5.33107244104335
2063.259265422821,3.436618340084461,1,5.329635021107191
2063.353842973709,3.4238821281915968,1,5.33682212078798
2063.432664871216,3.4264293705701725,1,5.335384700851821
2063.525910615921,3.421334885813028,1,5.338259540724136
2063.619292497635,3.431523855327317,1,5.332509860979506
2063.7429597377777,3.436618340084461,1,5.329635021107191
2063.836710691452,3.428976612948741,1,5.333947280915666
2063.916496992111,3.428976612948741,1,5.333947280915666
2063.9955549240112,3.43916558246303,1,5.328197601171036
2064.072350025177,3.431523855327317,1,5.332509860979506
2064.1501693725586,3.431523855327317,1,5.332509860979506
2064.2299859523773,3.4340710977058855,1,5.33107244104335
2064.339772939682,3.431523855327317,1,5.332509860979506
2064.417643547058,3.431523855327317,1,5.332509860979506
2064.5103957653046,3.4493545519773186,1,5.322447921426406
2064.5872390270233,3.4340710977058855,1,5.33107244104335
2064.665156364441,3.4238821281915968,1,5.33682212078798
2064.7441363334656,3.4493545519773186,1,5.322447921426406
2064.8206856250763,3.428976612948741,1,5.333947280915666
2064.9004204273224,3.431523855327317,1,5.332509860979506
2065.0081338882446,3.4493545519773186,1,5.322447921426406
2065.1178414821625,3.4595435214916073,1,5.316698241681776
2065.2263417243958,3.4417128248415985,1,5.32676018123488
2065.305267095566,3.436618340084461,1,5.329635021107191
2065.382509469986,3.428976612948741,1,5.333947280915666
2065.460863828659,3.431523855327317,1,5.332509860979506
2065.5384891033173,3.444260067220174,1,5.32532276129872
2065.617041349411,3.4340710977058855,1,5.33107244104335
2065.710821390152,3.454449036734463,1,5.31957308155409
2065.788521051407,3.4340710977058855,1,5.33107244104335
2065.865962743759,3.421334885813028,1,5.338259540724136
2065.942974805832,3.451901794355887,1,5.32101050149025
2066.021881580353,3.428976612948741,1,5.333947280915666
2066.127598762512,3.43916558246303,1,5.328197601171036
2066.2046251296997,3.436618340084461,1,5.329635021107191
2066.281451702118,3.451901794355887,1,5.32101050149025
2066.359891653061,3.4417128248415985,1,5.32676018123488
2066.4356694221497,3.43916558246303,1,5.328197601171036
2066.515265226364,3.43916558246303,1,5.328197601171036
2066.5938878059387,3.451901794355887,1,5.32101050149025
2066.67076921463,3.446807309598743,1,5.323885341362565
2066.7565903663635,3.451901794355887,1,5.32101050149025
2066.8427369594574,3.444260067220174,1,5.32532276129872
2066.949727296829,3.43916558246303,1,5.328197601171036
2067.061428308487,3.436618340084461,1,5.329635021107191
2067.170464515686,3.4493545519773186,1,5.322447921426406
2067.264214038849,3.444260067220174,1,5.32532276129872
2067.3559687137604,3.4417128248415985,1,5.32676018123488
2067.449717760086,3.431523855327317,1,5.332509860979506
2067.543478012085,3.451901794355887,1,5.32101050149025
2067.6372163295746,3.436618340084461,1,5.329635021107191
2067.730977535248,3.4340710977058855,1,5.33107244104335
2067.810001373291,3.43916558246303,1,5.328197601171036
2067.9208710193634,3.4340710977058855,1,5.33107244104335
2068.014236688614,3.4493545519773186,1,5.322447921426406
2068.0908358097076,3.444260067220174,1,5.32532276129872
2068.170421361923,3.444260067220174,1,5.32532276129872
2068.2482454776764,3.454449036734463,1,5.31957308155409
2068.3232548236847,3.4493545519773186,1,5.322447921426406
2068.403059244156,3.436618340084461,1,5.329635021107191
2068.4818444252014,3.444260067220174,1,5.32532276129872
2068.5586292743683,3.446807309598743,1,5.323885341362565
2068.6384665966034,3.4340710977058855,1,5.33107244104335
2068.7163581848145,3.4417128248415985,1,5.32676018123488
2068.793112754822,3.446807309598743,1,5.323885341362565
2068.871414899826,3.462090763870176,1,5.315260821745619
2068.9504487514496,3.451901794355887,1,5.32101050149025
2069.028272151947,3.454449036734463,1,5.31957308155409
2069.1081483364105,3.454449036734463,1,5.31957308155409
2069.1862790584564,3.43916558246303,1,5.328197601171036
2069.2630066871643,3.4417128248415985,1,5.32676018123488
2069.338933944702,3.451901794355887,1,5.32101050149025
2069.415763616562,3.4417128248415985,1,5.32676018123488
2069.5245037078857,3.451901794355887,1,5.32101050149025
2069.60280251503,3.4340710977058855,1,5.33107244104335
2069.6809186935425,3.444260067220174,1,5.32532276129872
2069.758643388748,3.4595435214916073,1,5.316698241681776
2069.8669290542603,3.451901794355887,1,5.32101050149025
2069.9916002750397,3.454449036734463,1,5.31957308155409
2070.10036945343,3.446807309598743,1,5.323885341362565
2070.1762688159943,3.469732491005889,1,5.310948561937149
2070.2530479431152,3.436618340084461,1,5.329635021107191
2070.330789089203,3.446807309598743,1,5.323885341362565
2070.408447265625,3.451901794355887,1,5.32101050149025
2070.4874839782715,3.454449036734463,1,5.31957308155409
2070.5660240650177,3.43916558246303,1,5.328197601171036
2070.643037557602,3.4646380062487516,1,5.31382340180946
2070.720703125,3.451901794355887,1,5.32101050149025
2070.797944545746,3.4417128248415985,1,5.32676018123488
2070.876624584198,3.454449036734463,1,5.31957308155409
2070.9547584056854,3.454449036734463,1,5.31957308155409
2071.0318818092346,3.446807309598743,1,5.323885341362565
2071.108959913254,3.4569962791130315,1,5.3181356616179345
2071.204001426697,3.4493545519773186,1,5.322447921426406
2071.2829327583313,3.4569962791130315,1,5.3181356616179345
2071.3597259521484,3.462090763870176,1,5.315260821745619
2071.4371807575226,3.4417128248415985,1,5.32676018123488
2071.516018629074,3.451901794355887,1,5.32101050149025
2071.5927963256836,3.4569962791130315,1,5.3181356616179345
2071.6880526542664,3.4595435214916073,1,5.316698241681776
2071.7971482276917,3.4493545519773186,1,5.322447921426406
2071.906782388687,3.462090763870176,1,5.315260821745619
2072.001144886017,3.4569962791130315,1,5.3181356616179345
2072.091902256012,3.469732491005889,1,5.310948561937149
2072.2006344795227,3.4417128248415985,1,5.32676018123488
2072.278265953064,3.4722797333844646,1,5.309511142000989
2072.3567678928375,3.451901794355887,1,5.32101050149025
2072.4335145950317,3.462090763870176,1,5.315260821745619
2072.5110132694244,3.446807309598743,1,5.323885341362565
2072.5897579193115,3.4595435214916073,1,5.316698241681776
2072.6676495075226,3.454449036734463,1,5.31957308155409
2072.74307346344,3.4646380062487516,1,5.31382340180946
2072.822480201721,3.462090763870176,1,5.315260821745619
2072.9343523979187,3.444260067220174,1,5.32532276129872
2073.0122072696686,3.4595435214916073,1,5.316698241681776
2073.091414451599,3.4722797333844646,1,5.309511142000989
2073.1706171035767,3.454449036734463,1,5.31957308155409
2073.246631860733,3.4595435214916073,1,5.316698241681776
2073.3256311416626,3.4722797333844646,1,5.309511142000989
2073.4042687416077,3.4595435214916073,1,5.316698241681776
2073.482098340988,3.4569962791130315,1,5.3181356616179345
2073.560096502304,3.462090763870176,1,5.315260821745619
2073.6357851028442,3.4595435214916073,1,5.316698241681776
2073.7136363983154,3.4493545519773186,1,5.322447921426406
2073.8066713809967,3.462090763870176,1,5.315260821745619
2073.8846504688263,3.4646380062487516,1,5.31382340180946
2073.9615399837494,3.4646380062487516,1,5.31382340180946
2074.04069852829,3.4671852486273202,1,5.312385981873304
2074.120222091675,3.4493545519773186,1,5.322447921426406
2074.1963183879852,3.454449036734463,1,5.31957308155409
2074.274704694748,3.462090763870176,1,5.315260821745619
2074.3534927368164,3.4595435214916073,1,5.316698241681776
2074.430645942688,3.4646380062487516,1,5.31382340180946
2074.5104389190674,3.4595435214916073,1,5.316698241681776
2074.6197464466095,3.4671852486273202,1,5.312385981873304
2074.6996445655823,3.4646380062487516,1,5.31382340180946
2074.781418323517,3.469732491005889,1,5.310948561937149
2074.8553404808044,3.4671852486273202,1,5.312385981873304
2074.9335861206055,3.4671852486273202,1,5.312385981873304
2075.0103373527527,3.469732491005889,1,5.310948561937149
2075.0864317417145,3.4722797333844646,1,5.309511142000989
2075.1649839878082,3.451901794355887,1,5.32101050149025
2075.242980003357,3.469732491005889,1,5.310948561937149
2075.320921421051,3.4646380062487516,1,5.31382340180946
2075.399066209793,3.469732491005889,1,5.310948561937149
2075.47802066803,3.4722797333844646,1,5.309511142000989
2075.5546102523804,3.454449036734463,1,5.31957308155409
2075.6329596042633,3.4671852486273202,1,5.312385981873304
2075.7111389636993,3.4493545519773186,1,5.322447921426406
2075.78777885437,3.4671852486273202,1,5.312385981873304
2075.8665726184845,3.4493545519773186,1,5.322447921426406
2075.9457652568817,3.4671852486273202,1,5.312385981873304
2076.023714542389,3.469732491005889,1,5.310948561937149
2076.1010246276855,3.4671852486273202,1,5.312385981873304
2076.210370540619,3.4748269757630332,1,5.308073722064834
2076.2871100902557,3.4799214605201776,1,5.305198882192519
2076.3651185035706,3.4646380062487516,1,5.31382340180946
2076.443887233734,3.477374218141609,1,5.306636302128674
2076.5217356681824,3.4799214605201776,1,5.305198882192519
2076.5991446971893,3.4671852486273202,1,5.312385981873304
2076.676182985306,3.4671852486273202,1,5.312385981873304
2076.7528467178345,3.4671852486273202,1,5.312385981873304
2076.8297667503357,3.485015945277322,1,5.302324042320204
2076.9074335098267,3.4722797333844646,1,5.309511142000989
2076.9846999645233,3.4799214605201776,1,5.305198882192519
2077.0772252082825,3.4799214605201776,1,5.305198882192519
2077.170974969864,3.4824687028987533,1,5.303761462256359
2077.2657222747803,3.4722797333844646,1,5.309511142000989
2077.358983516693,3.4646380062487516,1,5.31382340180946
2077.453731775284,3.4671852486273202,1,5.312385981873304
2077.5468804836273,3.469732491005889,1,5.310948561937149
2077.638976097107,3.4722797333844646,1,5.309511142000989
2077.7187700271606,3.4671852486273202,1,5.312385981873304
2077.8107237815857,3.4569962791130315,1,5.3181356616179345
2077.935611963272,3.462090763870176,1,5.315260821745619
2078.0265758037567,3.4824687028987533,1,5.303761462256359
2078.106499671936,3.485015945277322,1,5.302324042320204
2078.1862473487854,3.4748269757630332,1,5.308073722064834
2078.264354467392,3.4569962791130315,1,5.3181356616179345
2078.3418877124786,3.492657672413042,1,5.298011782511729
2078.4179821014404,3.4722797333844646,1,5.309511142000989
2078.49427485466,3.4799214605201776,1,5.305198882192519
2078.5706486701965,3.477374218141609,1,5.306636302128674
2078.6485397815704,3.4646380062487516,1,5.31382340180946
2078.7248215675354,3.4799214605201776,1,5.305198882192519
2078.803691625595,3.477374218141609,1,5.306636302128674
2078.8820242881775,3.4722797333844646,1,5.309511142000989
2078.958964109421,3.4875631876558977,1,5.300886622384044
2079.037802696228,3.4799214605201776,1,5.305198882192519
2079.1144831180573,3.4671852486273202,1,5.312385981873304
2079.1918070316315,3.477374218141609,1,5.306636302128674
2079.270486831665,3.4722797333844646,1,5.309511142000989
2079.362323999405,3.4824687028987533,1,5.303761462256359
2079.438421726227,3.477374218141609,1,5.306636302128674
2079.546675682068,3.4671852486273202,1,5.312385981873304
2079.6255583763123,3.4875631876558977,1,5.300886622384044
2079.7042553424835,3.4824687028987533,1,5.303761462256359
2079.782781600952,3.4595435214916073,1,5.316698241681776
2079.859956264496,3.4875631876558977,1,5.300886622384044
2079.937780857086,3.4824687028987533,1,5.303761462256359
2080.032477378845,3.485015945277322,1,5.302324042320204
2080.1252315044403,3.4901104300344663,1,5.299449202447889
2080.2179820537567,3.469732491005889,1,5.310948561937149
2080.311731338501,3.4748269757630332,1,5.308073722064834
2080.4036774635315,3.4901104300344663,1,5.299449202447889
2080.499503850937,3.469732491005889,1,5.310948561937149
2080.5932874679565,3.4748269757630332,1,5.308073722064834
2080.687037229538,3.4901104300344663,1,5.299449202447889
2080.765839099884,3.469732491005889,1,5.310948561937149
2080.8420560359955,3.4901104300344663,1,5.299449202447889
2080.920795917511,3.4748269757630332,1,5.308073722064834
2081.0002489089966,3.485015945277322,1,5.302324042320204
2081.077922821045,3.485015945277322,1,5.302324042320204
2081.1573538780212,3.4901104300344663,1,5.299449202447889
2081.2516691684723,3.4748269757630332,1,5.308073722064834
2081.3277349472046,3.469732491005889,1,5.310948561937149
2081.40607047081,3.492657672413042,1,5.298011782511729
2081.4835007190704,3.4901104300344663,1,5.299449202447889
2081.56928896904,3.4799214605201776,1,5.305198882192519
2081.6559698581696,3.4824687028987533,1,5.303761462256359
2081.747853755951,3.4722797333844646,1,5.309511142000989
2081.825619697571,3.4799214605201776,1,5.305198882192519
2081.902940750122,3.4722797333844646,1,5.309511142000989
2081.9804513454437,3.4875631876558977,1,5.300886622384044
2082.0594923496246,3.4799214605201776,1,5.305198882192519
2082.137410879135,3.4875631876558977,1,5.300886622384044
2082.214609146118,3.4824687028987533,1,5.303761462256359
2082.293658018112,3.4824687028987533,1,5.303761462256359
2082.370905637741,3.4952049147916107,1,5.296574362575574
2082.448954105377,3.4901104300344663,1,5.299449202447889
2082.52698802948,3.4824687028987533,1,5.303761462256359
2082.606873989105,3.4748269757630332,1,5.308073722064834
2082.6848578453064,3.485015945277322,1,5.302324042320204
2082.777599334717,3.477374218141609,1,5.306636302128674
2082.854060649872,3.492657672413042,1,5.298011782511729
2082.9639229774475,3.4875631876558977,1,5.300886622384044
2083.0439257621765,3.4875631876558977,1,5.300886622384044
2083.121038913727,3.4952049147916107,1,5.296574362575574
2083.1990451812744,3.4799214605201776,1,5.305198882192519
2083.278955936432,3.4901104300344663,1,5.299449202447889
2083.3710334300995,3.4952049147916107,1,5.296574362575574
2083.4485280513763,3.477374218141609,1,5.306636302128674
2083.5274691581726,3.485015945277322,1,5.302324042320204
2083.604998588562,3.4952049147916107,1,5.296574362575574
2083.682904481888,3.4824687028987533,1,5.303761462256359
2083.7618606090546,3.4824687028987533,1,5.303761462256359
2083.839591026306,3.4952049147916107,1,5.296574362575574
2083.932188987732,3.4952049147916107,1,5.296574362575574
2084.0111367702484,3.4901104300344663,1,5.299449202447889
2084.0878155231476,3.492657672413042,1,5.298011782511729
2084.1657860279083,3.4875631876558977,1,5.300886622384044
2084.2428443431854,3.4901104300344663,1,5.299449202447889
2084.3192315101624,3.485015945277322,1,5.302324042320204
2084.3986768722534,3.4901104300344663,1,5.299449202447889
2084.4770255088806,3.4824687028987533,1,5.303761462256359
2084.583727121353,3.4824687028987533,1,5.303761462256359
2084.663459777832,3.485015945277322,1,5.302324042320204
2084.740631341934,3.4875631876558977,1,5.300886622384044
2084.8171603679657,3.477374218141609,1,5.306636302128674
2084.8959963321686,3.4952049147916107,1,5.296574362575574
2084.97545003891,3.4799214605201776,1,5.305198882192519
2085.0691487789154,3.492657672413042,1,5.298011782511729
2085.1448905467987,3.477374218141609,1,5.306636302128674
2085.220716714859,3.507941126684468,1,5.289387262894788
2085.297674894333,3.492657672413042,1,5.298011782511729
2085.37642455101,3.4901104300344663,1,5.299449202447889
2085.453245162964,3.4952049147916107,1,5.296574362575574
2085.5300545692444,3.492657672413042,1,5.298011782511729
2085.6099202632904,3.5028466419273236,1,5.292262102767103
2085.6888704299927,3.492657672413042,1,5.298011782511729
2085.7635617256165,3.5028466419273236,1,5.292262102767103
2085.8430140018463,3.492657672413042,1,5.298011782511729
2085.9229502677917,3.492657672413042,1,5.298011782511729
2085.999753475189,3.4799214605201776,1,5.305198882192519
2086.078946828842,3.492657672413042,1,5.298011782511729
2086.185648918152,3.492657672413042,1,5.298011782511729
2086.2615098953247,3.485015945277322,1,5.302324042320204
2086.3386404514313,3.4952049147916107,1,5.296574362575574
2086.4155280590057,3.492657672413042,1,5.298011782511729
2086.510392189026,3.492657672413042,1,5.298011782511729
2086.589587688446,3.507941126684468,1,5.289387262894788
2086.6661162376404,3.4901104300344663,1,5.299449202447889
2086.7429280281067,3.4952049147916107,1,5.296574362575574
2086.8222799301147,3.500299399548755,1,5.293699522703259
2086.89918756485,3.492657672413042,1,5.298011782511729
2086.978333234787,3.492657672413042,1,5.298011782511729
2087.055887937546,3.507941126684468,1,5.289387262894788
2087.131199121475,3.4952049147916107,1,5.296574362575574
2087.2111661434174,3.5028466419273236,1,5.292262102767103
2087.2908959388733,3.4952049147916107,1,5.296574362575574
2087.3841586112976,3.4977521571701864,1,5.295136942639414
2087.460975408554,3.492657672413042,1,5.298011782511729
2087.5386221408844,3.4875631876558977,1,5.300886622384044
2087.6157307624817,3.4977521571701864,1,5.295136942639414
2087.6947078704834,3.4875631876558977,1,5.300886622384044
2087.789967775345,3.4952049147916107,1,5.296574362575574
2087.8668446540833,3.4824687028987533,1,5.303761462256359
2087.9601986408234,3.492657672413042,1,5.298011782511729
2088.0524780750275,3.5053938843058994,1,5.2908246828309435
2088.1472306251526,3.4901104300344663,1,5.299449202447889
2088.2406039237976,3.507941126684468,1,5.289387262894788
2088.332087993622,3.492657672413042,1,5.298011782511729
2088.4269976615906,3.5053938843058994,1,5.2908246828309435
2088.533520936966,3.5053938843058994,1,5.2908246828309435
2088.6268293857574,3.4901104300344663,1,5.299449202447889
2088.7196810245514,3.515582853820188,1,5.285075003086313
2088.7980012893677,3.4901104300344663,1,5.299449202447889
2088.8745169639587,3.5053938843058994,1,5.2908246828309435
2088.9687736034393,3.5104883690630437,1,5.2879498429586285
2089.0616793632507,3.507941126684468,1,5.289387262894788
2089.1558458805084,3.5053938843058994,1,5.2908246828309435
2089.2477567195892,3.4977521571701864,1,5.295136942639414
2089.3410675525665,3.4977521571701864,1,5.295136942639414
2089.4360780715942,3.5104883690630437,1,5.2879498429586285
2089.529494047165,3.492657672413042,1,5.298011782511729
2089.6711196899414,3.5053938843058994,1,5.2908246828309435
2089.7798244953156,3.4977521571701864,1,5.295136942639414
2089.8725769519806,3.5053938843058994,1,5.2908246828309435
2089.9642515182495,3.5028466419273236,1,5.292262102767103
2090.040604352951,3.507941126684468,1,5.289387262894788
2090.1204042434692,3.5028466419273236,1,5.292262102767103
2090.2121589183807,3.4977521571701864,1,5.295136942639414
2090.3078558444977,3.5104883690630437,1,5.2879498429586285
2090.3996636867523,3.507941126684468,1,5.289387262894788
2090.495406627655,3.507941126684468,1,5.289387262894788
2090.5911519527435,3.5028466419273236,1,5.292262102767103
2090.684239625931,3.5028466419273236,1,5.292262102767103
2090.7789857387543,3.492657672413042,1,5.298011782511729
2090.8737332820892,3.5104883690630437,1,5.2879498429586285
2090.9671878814697,3.523224580955901,1,5.280762743277843
2091.060724258423,3.4977521571701864,1,5.295136942639414
2091.151739835739,3.5104883690630437,1,5.2879498429586285
2091.274438381195,3.5028466419273236,1,5.292262102767103
2091.396987438202,3.5028466419273236,1,5.292262102767103
2091.505939245224,3.5104883690630437,1,5.2879498429586285
2091.598832130432,3.5028466419273236,1,5.292262102767103
2091.7097091674805,3.5053938843058994,1,5.2908246828309435
2091.7874426841736,3.5028466419273236,1,5.292262102767103
2091.8785140514374,3.5104883690630437,1,5.2879498429586285
2091.956399679184,3.507941126684468,1,5.289387262894788
2092.0329220294952,3.5181300961987567,1,5.283637583150158
2092.109279870987,3.5130356114416124,1,5.286512423022473
2092.1881465911865,3.515582853820188,1,5.285075003086313
2092.2669150829315,3.5130356114416124,1,5.286512423022473
2092.3450853824615,3.507941126684468,1,5.289387262894788
2092.4228732585907,3.525771823334477,1,5.279325323341683
2092.515659093857,3.5130356114416124,1,5.286512423022473
2092.5914850234985,3.515582853820188,1,5.285075003086313
2092.6712684631348,3.5130356114416124,1,5.286512423022473
2092.7478754520416,3.5028466419273236,1,5.292262102767103
2092.824944972992,3.515582853820188,1,5.285075003086313
2092.904787302017,3.5130356114416124,1,5.286512423022473
2092.996747493744,3.500299399548755,1,5.293699522703259
2093.075967311859,3.5130356114416124,1,5.286512423022473
2093.154812812805,3.5104883690630437,1,5.2879498429586285
2093.2318613529205,3.5028466419273236,1,5.292262102767103
2093.340604543686,3.5181300961987567,1,5.283637583150158
2093.4171273708344,3.500299399548755,1,5.293699522703259
2093.4935777187347,3.507941126684468,1,5.289387262894788
2093.5729150772095,3.5206773385773324,1,5.282200163213998
2093.6506593227386,3.515582853820188,1,5.285075003086313
2093.7277801036835,3.507941126684468,1,5.289387262894788
2093.803753376007,3.5181300961987567,1,5.283637583150158
2093.880697250366,3.5130356114416124,1,5.286512423022473
2093.9587886333466,3.500299399548755,1,5.293699522703259
2094.036608695984,3.523224580955901,1,5.280762743277843
2094.1139690876007,3.5130356114416124,1,5.286512423022473
2094.1899728775024,3.515582853820188,1,5.285075003086313
2094.281009912491,3.5053938843058994,1,5.2908246828309435
2094.359951019287,3.5130356114416124,1,5.286512423022473
2094.437658548355,3.5104883690630437,1,5.2879498429586285
2094.5149245262146,3.500299399548755,1,5.293699522703259
2094.592967748642,3.5130356114416124,1,5.286512423022473
2094.670728445053,3.5181300961987567,1,5.283637583150158
2094.750545978546,3.523224580955901,1,5.280762743277843
2094.8276154994965,3.507941126684468,1,5.289387262894788
2094.9364519119263,3.5206773385773324,1,5.282200163213998
2095.01500582695,3.4952049147916107,1,5.296574362575574
2095.093034029007,3.5130356114416124,1,5.286512423022473
2095.1727166175842,3.523224580955901,1,5.280762743277843
2095.249889612198,3.5181300961987567,1,5.283637583150158
2095.327658176422,3.5206773385773324,1,5.282200163213998
2095.404441833496,3.5206773385773324,1,5.282200163213998
2095.481452226639,3.507941126684468,1,5.289387262894788
2095.556114435196,3.525771823334477,1,5.279325323341683
2095.634927034378,3.53341355047019,1,5.275013063533213
2095.7144453525543,3.5130356114416124,1,5.286512423022473
2095.7929017543793,3.515582853820188,1,5.285075003086313
2095.8710231781006,3.525771823334477,1,5.279325323341683
2095.950969696045,3.5283190657130454,1,5.277887903405528
2096.028299808502,3.5104883690630437,1,5.2879498429586285
2096.1055431365967,3.5283190657130454,1,5.277887903405528
2096.184381723404,3.523224580955901,1,5.280762743277843
2096.2629885673523,3.5181300961987567,1,5.283637583150158
2096.3417904376984,3.5130356114416124,1,5.286512423022473
2096.4218175411224,3.515582853820188,1,5.285075003086313
2096.5305902957916,3.5130356114416124,1,5.286512423022473
2096.6066539287567,3.507941126684468,1,5.289387262894788
2096.7006900310516,3.525771823334477,1,5.279325323341683
2096.7777116298676,3.515582853820188,1,5.285075003086313
2096.856852054596,3.5359607928487584,1,5.2735756435970575
2096.934980869293,3.5206773385773324,1,5.282200163213998
2097.012959718704,3.515582853820188,1,5.285075003086313
2097.089907646179,3.5283190657130454,1,5.277887903405528
2097.1829750537872,3.5130356114416124,1,5.286512423022473
2097.260383605957,3.523224580955901,1,5.280762743277843
2097.3396077156067,3.53341355047019,1,5.275013063533213
2097.4166328907013,3.530866308091614,1,5.276450483469372
2097.4929451942444,3.523224580955901,1,5.280762743277843
2097.570378303528,3.525771823334477,1,5.279325323341683
2097.6492998600006,3.5206773385773324,1,5.282200163213998
2097.7263028621674,3.507941126684468,1,5.289387262894788
2097.8040080070496,3.5283190657130454,1,5.277887903405528
2097.8824305534363,3.5130356114416124,1,5.286512423022473
2097.958009958267,3.5283190657130454,1,5.277887903405528
2098.037855386734,3.5283190657130454,1,5.277887903405528
2098.147440433502,3.5181300961987567,1,5.283637583150158
2098.2256288528442,3.525771823334477,1,5.279325323341683
2098.305284500122,3.5410552776059028,1,5.270700803724742
2098.381484746933,3.5206773385773324,1,5.282200163213998
2098.4585831165314,3.525771823334477,1,5.279325323341683
2098.5374228954315,3.507941126684468,1,5.289387262894788
2098.6139669418335,3.525771823334477,1,5.279325323341683
2098.6919560432434,3.5181300961987567,1,5.283637583150158
2098.7687623500824,3.5359607928487584,1,5.2735756435970575
2098.862253189087,3.5181300961987567,1,5.283637583150158
2098.9381635189056,3.530866308091614,1,5.276450483469372
2099.015010356903,3.523224580955901,1,5.280762743277843
2099.0911679267883,3.5206773385773324,1,5.282200163213998
2099.1689751148224,3.53341355047019,1,5.275013063533213
2099.2469449043274,3.5104883690630437,1,5.2879498429586285
2099.3246874809265,3.515582853820188,1,5.285075003086313
2099.4023172855377,3.53341355047019,1,5.275013063533213
2099.4806790351868,3.515582853820188,1,5.285075003086313
2099.5581114292145,3.525771823334477,1,5.279325323341683
2099.6374464035034,3.5359607928487584,1,5.2735756435970575
2099.7153515815735,3.5283190657130454,1,5.277887903405528
2099.82466340065,3.5206773385773324,1,5.282200163213998
2099.9177849292755,3.525771823334477,1,5.279325323341683
2100.01255607605,3.5181300961987567,1,5.283637583150158
2100.09095788002,3.5283190657130454,1,5.277887903405528
2100.169152736664,3.5283190657130454,1,5.277887903405528
2100.2447748184204,3.5283190657130454,1,5.277887903405528
2100.32164812088,3.5436025199844785,1,5.269263383788583
2100.4014732837677,3.546149762363047,1,5.267825963852427
2100.4792749881744,3.5283190657130454,1,5.277887903405528
2100.557837486267,3.525771823334477,1,5.279325323341683
2100.6367304325104,3.530866308091614,1,5.276450483469372
2100.716197490692,3.523224580955901,1,5.280762743277843
2100.7940917015076,3.525771823334477,1,5.279325323341683
2100.874069213867,3.530866308091614,1,5.276450483469372
2100.9525244235992,3.5283190657130454,1,5.277887903405528
2101.0297198295593,3.5206773385773324,1,5.282200163213998
2101.108533143997,3.5181300961987567,1,5.283637583150158
2101.1863379478455,3.530866308091614,1,5.276450483469372
2101.263758420944,3.5283190657130454,1,5.277887903405528
2101.3429503440857,3.515582853820188,1,5.285075003086313
2101.4518237113953,3.5436025199844785,1,5.269263383788583
2101.530906677246,3.5130356114416124,1,5.286512423022473
2101.608813047409,3.53341355047019,1,5.275013063533213
2101.6858203411102,3.5436025199844785,1,5.269263383788583
2101.7628831863403,3.5206773385773324,1,5.282200163213998
2101.8397924900055,3.5410552776059028,1,5.270700803724742
2101.915766954422,3.530866308091614,1,5.276450483469372
2101.9945046901703,3.53341355047019,1,5.275013063533213
2102.073333263397,3.548697004741623,1,5.266388543916268
2102.1509811878204,3.548697004741623,1,5.266388543916268
2102.230443716049,3.530866308091614,1,5.276450483469372
2102.309983253479,3.5436025199844785,1,5.269263383788583
2102.387167453766,3.530866308091614,1,5.276450483469372
2102.46644616127,3.5436025199844785,1,5.269263383788583
2102.545559167862,3.525771823334477,1,5.279325323341683
2102.622801542282,3.546149762363047,1,5.267825963852427
2102.7456233501434,3.5283190657130454,1,5.277887903405528
2102.851862668991,3.5512442471201915,1,5.2649511239801114
2102.9309256076813,3.5359607928487584,1,5.2735756435970575
2103.0100467205048,3.546149762363047,1,5.267825963852427
2103.102127790451,3.5512442471201915,1,5.2649511239801114
2103.1807091236115,3.5410552776059028,1,5.270700803724742
2103.257523059845,3.5410552776059028,1,5.270700803724742
2103.352564573288,3.5410552776059028,1,5.270700803724742
2103.459544658661,3.548697004741623,1,5.266388543916268
2103.5508823394775,3.5359607928487584,1,5.2735756435970575
2103.6461770534515,3.5410552776059028,1,5.270700803724742
2103.7226095199585,3.5410552776059028,1,5.270700803724742
2103.7996504306793,3.5359607928487584,1,5.2735756435970575
2103.8786265850067,3.546149762363047,1,5.267825963852427
2103.9723761081696,3.548697004741623,1,5.266388543916268
2104.048903465271,3.548697004741623,1,5.266388543916268
2104.140657901764,3.556338731877336,1,5.262076284107797
2104.219467163086,3.548697004741623,1,5.266388543916268
2104.2953147888184,3.548697004741623,1,5.266388543916268
2104.3743863105774,3.548697004741623,1,5.266388543916268
2104.4528756141663,3.5512442471201915,1,5.2649511239801114
2104.531330347061,3.538508035227334,1,5.272138223660898
2104.6105144023895,3.5410552776059028,1,5.270700803724742
2104.6881968975067,3.548697004741623,1,5.266388543916268
2104.7950291633606,3.538508035227334,1,5.272138223660898
2104.8729934692383,3.548697004741623,1,5.266388543916268
2104.950670003891,3.5410552776059028,1,5.270700803724742
2105.029222726822,3.53341355047019,1,5.275013063533213
2105.107762813568,3.563980459013049,1,5.257764024299327
2105.185401916504,3.538508035227334,1,5.272138223660898
2105.2631752490997,3.53341355047019,1,5.275013063533213
2105.340810060501,3.5436025199844785,1,5.269263383788583
2105.4181230068207,3.553791489498767,1,5.263513704043953
2105.497163295746,3.53341355047019,1,5.275013063533213
2105.573133468628,3.538508035227334,1,5.272138223660898
2105.649929046631,3.548697004741623,1,5.266388543916268
2105.7416841983795,3.538508035227334,1,5.272138223660898
2105.82071852684,3.548697004741623,1,5.266388543916268
2105.896771669388,3.5436025199844785,1,5.269263383788583
2105.9734444618225,3.553791489498767,1,5.263513704043953
2106.079160928726,3.538508035227334,1,5.272138223660898
2106.1719131469727,3.5588859742559045,1,5.260638864171641
2106.266660451889,3.5512442471201915,1,5.2649511239801114
2106.358932495117,3.5410552776059028,1,5.270700803724742
2106.482613325119,3.538508035227334,1,5.272138223660898
2106.5773606300354,3.5359607928487584,1,5.2735756435970575
2106.671345949173,3.5512442471201915,1,5.2649511239801114
2106.7661697864532,3.563980459013049,1,5.257764024299327
2106.860029935837,3.538508035227334,1,5.272138223660898
2106.9529740810394,3.5436025199844785,1,5.269263383788583
2107.0317673683167,3.538508035227334,1,5.272138223660898
2107.1090245246887,3.53341355047019,1,5.275013063533213
2107.186853170395,3.546149762363047,1,5.267825963852427
2107.262978553772,3.530866308091614,1,5.276450483469372
2107.3398435115814,3.53341355047019,1,5.275013063533213
2107.4186975955963,3.5512442471201915,1,5.2649511239801114
2107.498191356659,3.546149762363047,1,5.267825963852427
2107.573958158493,3.548697004741623,1,5.266388543916268
2107.653802871704,3.56143321663448,1,5.259201444235481
2107.729909181595,3.546149762363047,1,5.267825963852427
2107.821862220764,3.546149762363047,1,5.267825963852427
2107.901628255844,3.548697004741623,1,5.266388543916268
2107.9804220199585,3.5436025199844785,1,5.269263383788583
2108.0593950748444,3.5359607928487584,1,5.2735756435970575
2108.1362919807434,3.5512442471201915,1,5.2649511239801114
2108.2444751262665,3.5512442471201915,1,5.2649511239801114
2108.3395438194275,3.5588859742559045,1,5.260638864171641
2108.433641910553,3.5512442471201915,1,5.2649511239801114
2108.5412743091583,3.548697004741623,1,5.266388543916268
2108.6370515823364,3.556338731877336,1,5.262076284107797
2108.7457268238068,3.546149762363047,1,5.267825963852427
2108.838397502899,3.56143321663448,1,5.259201444235481
2108.9151973724365,3.5410552776059028,1,5.270700803724742
2109.0079889297485,3.5410552776059028,1,5.270700803724742
2109.0877521038055,3.56143321663448,1,5.259201444235481
2109.1968879699707,3.5359607928487584,1,5.2735756435970575
2109.2750477790833,3.5410552776059028,1,5.270700803724742
2109.3521234989166,3.553791489498767,1,5.263513704043953
2109.42844247818,3.548697004741623,1,5.266388543916268
2109.506505250931,3.5512442471201915,1,5.2649511239801114
2109.584466934204,3.5588859742559045,1,5.260638864171641
2109.677205324173,3.5410552776059028,1,5.270700803724742
2109.770481824875,3.556338731877336,1,5.262076284107797
2109.862237930298,3.5436025199844785,1,5.269263383788583
2109.9699499607086,3.553791489498767,1,5.263513704043953
2110.124547958374,3.553791489498767,1,5.263513704043953
2110.233246088028,3.5512442471201915,1,5.2649511239801114
2110.3270587921143,3.5410552776059028,1,5.270700803724742
2110.4068806171417,3.553791489498767,1,5.263513704043953
2110.484885931015,3.553791489498767,1,5.263513704043953
2110.5612111091614,3.5512442471201915,1,5.2649511239801114
2110.636816740036,3.556338731877336,1,5.262076284107797
2110.7152836322784,3.5588859742559045,1,5.260638864171641
2110.792072534561,3.56143321663448,1,5.259201444235481
2110.8858501911163,3.553791489498767,1,5.263513704043953
2110.981563806534,3.56143321663448,1,5.259201444235481
2111.0912685394287,3.556338731877336,1,5.262076284107797
2111.201972961426,3.5665277013916246,1,5.256326604363167
2111.29438662529,3.548697004741623,1,5.266388543916268
2111.390129804611,3.56143321663448,1,5.259201444235481
2111.4844233989716,3.569074943770193,1,5.254889184427011
2111.5632202625275,3.546149762363047,1,5.267825963852427
2111.656617641449,3.56143321663448,1,5.259201444235481
2111.7503666877747,3.5741694285273375,1,5.252014344554697
2111.844589471817,3.553791489498767,1,5.263513704043953
2111.968259572983,3.56143321663448,1,5.259201444235481
2112.0625343322754,3.548697004741623,1,5.266388543916268
2112.156634092331,3.563980459013049,1,5.257764024299327
2112.2508549690247,3.548697004741623,1,5.266388543916268
2112.341892719269,3.553791489498767,1,5.263513704043953
2112.434648036957,3.556338731877336,1,5.262076284107797
2112.529260635376,3.5588859742559045,1,5.260638864171641
2112.652616739273,3.548697004741623,1,5.266388543916268
2112.7458724975586,3.5436025199844785,1,5.269263383788583
2112.8396298885345,3.56143321663448,1,5.259201444235481
2112.916880607605,3.56143321663448,1,5.259201444235481
2112.994976043701,3.5588859742559045,1,5.260638864171641
2113.0739533901215,3.556338731877336,1,5.262076284107797
2113.16663146019,3.546149762363047,1,5.267825963852427
2113.2456574440002,3.556338731877336,1,5.262076284107797
2113.3248262405396,3.553791489498767,1,5.263513704043953
2113.4024238586426,3.569074943770193,1,5.254889184427011
2113.480192899704,3.548697004741623,1,5.266388543916268
2113.572927236557,3.56143321663448,1,5.259201444235481
2113.650818347931,3.563980459013049,1,5.257764024299327
2113.7587134838104,3.563980459013049,1,5.257764024299327
2113.8365099430084,3.56143321663448,1,5.259201444235481
2113.915328502655,3.5741694285273375,1,5.252014344554697
2113.993196964264,3.56143321663448,1,5.259201444235481
2114.070007801056,3.563980459013049,1,5.257764024299327
2114.1499121189117,3.571622186148769,1,5.253451764490851
2114.22744345665,3.553791489498767,1,5.263513704043953
2114.304261445999,3.569074943770193,1,5.254889184427011
2114.383240222931,3.569074943770193,1,5.254889184427011
2114.4614050388336,3.556338731877336,1,5.262076284107797
2114.538573741913,3.5741694285273375,1,5.252014344554697
2114.617472410202,3.571622186148769,1,5.253451764490851
2114.69669175148,3.569074943770193,1,5.254889184427011
2114.77450299263,3.5767166709059133,1,5.250576924618537
2114.8522901535034,3.579263913284482,1,5.249139504682381
2114.9320709705353,3.5665277013916246,1,5.256326604363167
2115.009931564331,3.563980459013049,1,5.257764024299327
2115.087080001831,3.579263913284482,1,5.249139504682381
2115.1660845279694,3.571622186148769,1,5.253451764490851
2115.2449882030487,3.56143321663448,1,5.259201444235481
2115.352311372757,3.571622186148769,1,5.253451764490851
2115.428673028946,3.56143321663448,1,5.259201444235481
2115.5059287548065,3.571622186148769,1,5.253451764490851
2115.585757493973,3.571622186148769,1,5.253451764490851
2115.6646847724915,3.563980459013049,1,5.257764024299327
2115.7408623695374,3.56143321663448,1,5.259201444235481
2115.818772792816,3.5741694285273375,1,5.252014344554697
2115.8963968753815,3.5665277013916246,1,5.256326604363167
2115.974138021469,3.569074943770193,1,5.254889184427011
2116.05393075943,3.5741694285273375,1,5.252014344554697
2116.1337580680847,3.571622186148769,1,5.253451764490851
2116.2106182575226,3.571622186148769,1,5.253451764490851
2116.2887341976166,3.571622186148769,1,5.253451764490851
2116.3647599220276,3.556338731877336,1,5.262076284107797
2116.4407312870026,3.563980459013049,1,5.257764024299327
2116.5181725025177,3.5665277013916246,1,5.256326604363167
2116.594018936157,3.5665277013916246,1,5.256326604363167
2116.6717603206635,3.5818111556630576,1,5.247702084746221
2116.7515647411346,3.5741694285273375,1,5.252014344554697
2116.829122543335,3.5512442471201915,1,5.2649511239801114
2116.9070253372192,3.5843583980416263,1,5.246264664810067
2117.0163037776947,3.5665277013916246,1,5.256326604363167
2117.0940380096436,3.571622186148769,1,5.253451764490851
2117.187117576599,3.5767166709059133,1,5.250576924618537
2117.2641751766205,3.563980459013049,1,5.257764024299327
2117.3396923542023,3.5741694285273375,1,5.252014344554697
2117.416741371155,3.5741694285273375,1,5.252014344554697
2117.493880033493,3.5741694285273375,1,5.252014344554697
2117.569482088089,3.5818111556630576,1,5.247702084746221
2117.6465151309967,3.5741694285273375,1,5.252014344554697
2117.722606420517,3.5818111556630576,1,5.247702084746221
2117.7998077869415,3.569074943770193,1,5.254889184427011
2117.878566503525,3.5741694285273375,1,5.252014344554697
2117.957842350006,3.5818111556630576,1,5.247702084746221
2118.0356979370117,3.5741694285273375,1,5.252014344554697
2118.1130192279816,3.563980459013049,1,5.257764024299327
2118.1908061504364,3.5767166709059133,1,5.250576924618537
2118.267654657364,3.5767166709059133,1,5.250576924618537
2118.359121799469,3.5767166709059133,1,5.250576924618537
2118.4374380111694,3.5818111556630576,1,5.247702084746221
2118.514521598816,3.569074943770193,1,5.254889184427011
2118.6243472099304,3.5741694285273375,1,5.252014344554697
2118.702246904373,3.571622186148769,1,5.253451764490851
2118.779865503311,3.571622186148769,1,5.253451764490851
2118.8577485084534,3.579263913284482,1,5.249139504682381
2118.9364075660706,3.5741694285273375,1,5.252014344554697
2119.013067960739,3.5741694285273375,1,5.252014344554697
2119.091689825058,3.571622186148769,1,5.253451764490851
2119.1705644130707,3.579263913284482,1,5.249139504682381
2119.2467560768127,3.571622186148769,1,5.253451764490851
2119.324228286743,3.5767166709059133,1,5.250576924618537
2119.4038417339325,3.579263913284482,1,5.249139504682381
2119.4949901103973,3.5767166709059133,1,5.250576924618537
2119.5740945339203,3.579263913284482,1,5.249139504682381
2119.6538379192352,3.5767166709059133,1,5.250576924618537
2119.7298667430878,3.5818111556630576,1,5.247702084746221
2119.807421684265,3.5767166709059133,1,5.250576924618537
2119.886609315872,3.586905640420195,1,5.24482724487391
2119.963894844055,3.569074943770193,1,5.254889184427011
2120.040914773941,3.571622186148769,1,5.253451764490851
2120.1187691688538,3.579263913284482,1,5.249139504682381
2120.256417989731,3.5741694285273375,1,5.252014344554697
2120.365063905716,3.571622186148769,1,5.253451764490851
2120.4737775325775,3.5843583980416263,1,5.246264664810067
2120.5525608062744,3.5843583980416263,1,5.246264664810067
2120.628326892853,3.569074943770193,1,5.254889184427011
2120.704514026642,3.5843583980416263,1,5.246264664810067
2120.796234369278,3.571622186148769,1,5.253451764490851
2120.9041550159454,3.5920001251773392,1,5.241952405001595
2121.0120418071747,3.5843583980416263,1,5.246264664810067
2121.1198995113373,3.5920001251773392,1,5.241952405001595
2121.229614019394,3.5767166709059133,1,5.250576924618537
2121.3215670585632,3.5818111556630576,1,5.247702084746221
2121.4006855487823,3.579263913284482,1,5.249139504682381
2121.4787287712097,3.5767166709059133,1,5.250576924618537
2121.5555782318115,3.594547367555915,1,5.2405149850654364
2121.633346557617,3.5767166709059133,1,5.250576924618537
2121.7131383419037,3.5843583980416263,1,5.246264664810067
2121.7894599437714,3.594547367555915,1,5.2405149850654364
2121.8666751384735,3.5741694285273375,1,5.252014344554697
2121.9464902877808,3.5920001251773392,1,5.241952405001595
2122.0533618927,3.594547367555915,1,5.2405149850654364
2122.1312980651855,3.5741694285273375,1,5.252014344554697
2122.210019826889,3.586905640420195,1,5.24482724487391
2122.2867126464844,3.5843583980416263,1,5.246264664810067
2122.3660056591034,3.594547367555915,1,5.2405149850654364
2122.444973707199,3.5818111556630576,1,5.247702084746221
2122.5377690792084,3.5843583980416263,1,5.246264664810067
2122.615005970001,3.579263913284482,1,5.249139504682381
2122.707520008087,3.5996418523130593,1,5.2376401451931205
2122.7831473350525,3.571622186148769,1,5.253451764490851
2122.8634400367737,3.5843583980416263,1,5.246264664810067
2122.9406774044037,3.5970946099344836,1,5.23907756512928
2123.033213376999,3.5843583980416263,1,5.246264664810067
2123.124940633774,3.586905640420195,1,5.24482724487391
2123.2022886276245,3.594547367555915,1,5.2405149850654364
2123.2958698272705,3.5970946099344836,1,5.23907756512928
2123.3758063316345,3.586905640420195,1,5.24482724487391
2123.4695568084717,3.602189094691628,1,5.236202725256965
2123.54687166214,3.5818111556630576,1,5.247702084746221
2123.626289844513,3.579263913284482,1,5.249139504682381
2123.734871149063,3.5996418523130593,1,5.2376401451931205
2123.813981771469,3.5843583980416263,1,5.246264664810067
2123.9082498550415,3.602189094691628,1,5.236202725256965
2124.015787601471,3.594547367555915,1,5.2405149850654364
2124.1245272159576,3.6072835794487723,1,5.23332788538465
2124.202891588211,3.5920001251773392,1,5.241952405001595
2124.2796623706818,3.6047363370702037,1,5.234765305320806
2124.3578650951385,3.5970946099344836,1,5.23907756512928
2124.4508576393127,3.5920001251773392,1,5.241952405001595
2124.545601606369,3.5843583980416263,1,5.246264664810067
2124.6531472206116,3.5843583980416263,1,5.246264664810067
2124.7628486156464,3.5920001251773392,1,5.241952405001595
2124.872074365616,3.594547367555915,1,5.2405149850654364
2124.9647314548492,3.5843583980416263,1,5.246264664810067
2125.0429632663727,3.5894528827987706,1,5.243389824937751
2125.1206333637238,3.6047363370702037,1,5.234765305320806
2125.2004203796387,3.5970946099344836,1,5.23907756512928
2125.2760236263275,3.5920001251773392,1,5.241952405001595
2125.3528819084167,3.594547367555915,1,5.2405149850654364
2125.4298708438873,3.5894528827987706,1,5.243389824937751
2125.5067853927612,3.6123780642059167,1,5.230453045512335
2125.61634016037,3.594547367555915,1,5.2405149850654364
2125.694903612137,3.5970946099344836,1,5.23907756512928
2125.7728323936462,3.6047363370702037,1,5.234765305320806
2125.8520481586456,3.5996418523130593,1,5.2376401451931205
2125.9309186935425,3.5894528827987706,1,5.243389824937751
2126.0069358348846,3.594547367555915,1,5.2405149850654364
2126.0866260528564,3.602189094691628,1,5.236202725256965
2126.1793785095215,3.5894528827987706,1,5.243389824937751
2126.274300098419,3.594547367555915,1,5.2405149850654364
2126.3638846874237,3.5920001251773392,1,5.241952405001595
2126.4559910297394,3.609830821827348,1,5.23189046544849
2126.5488743782043,3.6047363370702037,1,5.234765305320806
2126.640839576721,3.6047363370702037,1,5.234765305320806
2126.733849287033,3.6123780642059167,1,5.230453045512335
2126.8286690711975,3.5996418523130593,1,5.2376401451931205
2126.907637357712,3.6072835794487723,1,5.23332788538465
2126.9844262599945,3.5970946099344836,1,5.23907756512928
2127.064219236374,3.5894528827987706,1,5.243389824937751
2127.15598654747,3.602189094691628,1,5.236202725256965
2127.2507967948914,3.6149253065844853,1,5.22901562557618
2127.3764526844025,3.594547367555915,1,5.2405149850654364
2127.470211982727,3.6047363370702037,1,5.234765305320806
2127.5779139995575,3.5920001251773392,1,5.241952405001595
2127.6706647872925,3.6047363370702037,1,5.234765305320806
2127.764415502548,3.586905640420195,1,5.24482724487391
2127.8581733703613,3.602189094691628,1,5.236202725256965
2127.9533371925354,3.609830821827348,1,5.23189046544849
2128.0624253749847,3.594547367555915,1,5.2405149850654364
2128.1707315444946,3.609830821827348,1,5.23189046544849
2128.2804384231567,3.6047363370702037,1,5.234765305320806
2128.389146566391,3.602189094691628,1,5.236202725256965
2128.484892129898,3.594547367555915,1,5.2405149850654364
2128.5766456127167,3.609830821827348,1,5.23189046544849
2128.688346862793,3.6047363370702037,1,5.234765305320806
2128.7811126708984,3.5970946099344836,1,5.23907756512928
2128.8739955425262,3.6149253065844853,1,5.22901562557618
2128.9657504558563,3.5920001251773392,1,5.241952405001595
2129.058092355728,3.6149253065844853,1,5.22901562557618
2129.153972864151,3.6072835794487723,1,5.23332788538465
2129.248198747635,3.602189094691628,1,5.236202725256965
2129.3727238178253,3.6149253065844853,1,5.22901562557618
2129.465476036072,3.602189094691628,1,5.236202725256965
2129.559248685837,3.6047363370702037,1,5.234765305320806
2129.6549685001373,3.617472548963061,1,5.22757820564002
2129.7467234134674,3.609830821827348,1,5.23189046544849
2129.8733842372894,3.6200197913416297,1,5.226140785703865
2129.9801001548767,3.6047363370702037,1,5.234765305320806
2130.0748455524445,3.6149253065844853,1,5.22901562557618
2130.169592857361,3.609830821827348,1,5.23189046544849
2130.262344121933,3.5970946099344836,1,5.23907756512928
2130.371057510376,3.625114276098774,1,5.22326594583155
2130.4638097286224,3.5996418523130593,1,5.2376401451931205
2130.557384967804,3.609830821827348,1,5.23189046544849
2130.652132511139,3.609830821827348,1,5.23189046544849
2130.7456533908844,3.602189094691628,1,5.236202725256965
2130.853933572769,3.625114276098774,1,5.22326594583155
2130.9445424079895,3.6123780642059167,1,5.230453045512335
2131.0392892360687,3.6149253065844853,1,5.22901562557618
2131.1330540180206,3.609830821827348,1,5.23189046544849
2131.226261615753,3.602189094691628,1,5.236202725256965
2131.351146221161,3.6276615184773497,1,5.22182852589539
2131.44589304924,3.602189094691628,1,5.236202725256965
2131.5416367053986,3.609830821827348,1,5.23189046544849
2131.635385274887,3.632756003234494,1,5.218953686023075
2131.729570388794,3.609830821827348,1,5.23189046544849
2131.806398630142,3.6149253065844853,1,5.22901562557618
2131.916094303131,3.6123780642059167,1,5.230453045512335
2132.007849216461,3.6123780642059167,1,5.230453045512335
2132.1007702350616,3.617472548963061,1,5.22757820564002
2132.211476802826,3.609830821827348,1,5.23189046544849
2132.3042347431183,3.6200197913416297,1,5.226140785703865
2132.382028579712,3.6072835794487723,1,5.23332788538465
2132.4620792865753,3.609830821827348,1,5.23189046544849
2132.540048122406,3.6302087608559184,1,5.2203911059592345
2132.616815328598,3.5996418523130593,1,5.2376401451931205
2132.6952328681946,3.609830821827348,1,5.23189046544849
2132.7728815078735,3.6123780642059167,1,5.230453045512335
2132.8522732257843,3.6225670337202054,1,5.224703365767705
2132.946845769882,3.6047363370702037,1,5.234765305320806
2133.0226697921753,3.6353032456130627,1,5.217516266086919
2133.1313750743866,3.6123780642059167,1,5.230453045512335
2133.2399191856384,3.6200197913416297,1,5.226140785703865
2133.350438594818,3.625114276098774,1,5.22326594583155
2133.443944454193,3.625114276098774,1,5.22326594583155
2133.5197417736053,3.6200197913416297,1,5.226140785703865
2133.6134901046753,3.6123780642059167,1,5.230453045512335
2133.721315383911,3.6225670337202054,1,5.224703365767705
2133.8302941322327,3.6149253065844853,1,5.22901562557618
2133.9066915512085,3.632756003234494,1,5.218953686023075
2133.983892917633,3.617472548963061,1,5.22757820564002
2134.0629365444183,3.6302087608559184,1,5.2203911059592345
2134.1415791511536,3.625114276098774,1,5.22326594583155
2134.2503578662872,3.625114276098774,1,5.22326594583155
2134.3595247268677,3.6200197913416297,1,5.226140785703865
2134.4688999652863,3.625114276098774,1,5.22326594583155
2134.5788679122925,3.6302087608559184,1,5.2203911059592345
2134.6879642009735,3.6353032456130627,1,5.217516266086919
2134.7813165187836,3.6225670337202054,1,5.224703365767705
2134.888813972473,3.6429449727487757,1,5.213204006278449
2134.967775821686,3.6353032456130627,1,5.217516266086919
2135.0469291210175,3.6123780642059167,1,5.230453045512335
2135.1558916568756,3.6378504879916385,1,5.21607884615076
2135.234223842621,3.6200197913416297,1,5.226140785703865
2135.312394142151,3.6200197913416297,1,5.226140785703865
2135.4052069187164,3.6353032456130627,1,5.217516266086919
2135.4971396923065,3.6149253065844853,1,5.22901562557618
2135.5911614894867,3.617472548963061,1,5.22757820564002
2135.684910774231,3.6353032456130627,1,5.217516266086919
2135.778397798538,3.6302087608559184,1,5.2203911059592345
2135.8691594600677,3.617472548963061,1,5.22757820564002
2135.9619114398956,3.625114276098774,1,5.22326594583155
2136.0387065410614,3.6200197913416297,1,5.226140785703865
2136.1324558258057,3.632756003234494,1,5.218953686023075
2136.2102472782135,3.6302087608559184,1,5.2203911059592345
2136.303997516632,3.632756003234494,1,5.218953686023075
2136.3827879428864,3.6302087608559184,1,5.2203911059592345
2136.476535797119,3.632756003234494,1,5.218953686023075
2136.568290233612,3.6225670337202054,1,5.224703365767705
2136.647109270096,3.617472548963061,1,5.22757820564002
2136.741523504257,3.617472548963061,1,5.22757820564002
2136.833283662796,3.625114276098774,1,5.22326594583155
2136.945155620575,3.617472548963061,1,5.22757820564002
2137.0205636024475,3.6276615184773497,1,5.22182852589539
2137.0973007678986,3.6302087608559184,1,5.2203911059592345
2137.175138950348,3.632756003234494,1,5.218953686023075
2137.252233505249,3.6353032456130627,1,5.217516266086919
2137.344530105591,3.6123780642059167,1,5.230453045512335
2137.4526042938232,3.632756003234494,1,5.218953686023075
2137.548019886017,3.6225670337202054,1,5.224703365767705
2137.6407713890076,3.6276615184773497,1,5.22182852589539
2137.732702255249,3.632756003234494,1,5.218953686023075
2137.8274466991425,3.6276615184773497,1,5.22182852589539
2137.9201986789703,3.6378504879916385,1,5.21607884615076
2138.0139484405518,3.632756003234494,1,5.218953686023075
2138.1086971759796,3.6276615184773497,1,5.22182852589539
2138.201446056366,3.6429449727487757,1,5.213204006278449
2138.2961933612823,3.6302087608559184,1,5.2203911059592345
2138.388694047928,3.64803945750592,1,5.210329166406133
2138.4659357070923,3.6302087608559184,1,5.2203911059592345
2138.544721841812,3.6353032456130627,1,5.217516266086919
2138.6226139068604,3.650586699884496,1,5.208891746469974
2138.7309787273407,3.6276615184773497,1,5.22182852589539
2138.809659719467,3.6302087608559184,1,5.2203911059592345
2138.887542247772,3.6531339422630644,1,5.207454326533819
2138.9674155712128,3.6378504879916385,1,5.21607884615076
2139.04527759552,3.6378504879916385,1,5.21607884615076
2139.1372363567352,3.6531339422630644,1,5.207454326533819
2139.215245246887,3.640397730370207,1,5.214641426214604
2139.295256614685,3.640397730370207,1,5.214641426214604
2139.373297929764,3.650586699884496,1,5.208891746469974
2139.450812101364,3.6429449727487757,1,5.213204006278449
2139.5291624069214,3.6353032456130627,1,5.217516266086919
2139.6064779758453,3.650586699884496,1,5.208891746469974
2139.6839261054993,3.6378504879916385,1,5.21607884615076
2139.761130332947,3.640397730370207,1,5.214641426214604
2139.8377611637115,3.6454922151273514,1,5.211766586342289
2139.914563894272,3.632756003234494,1,5.218953686023075
2139.9929440021515,3.6200197913416297,1,5.226140785703865
2140.0707206726074,3.6429449727487757,1,5.213204006278449
2140.1496410369873,3.6353032456130627,1,5.217516266086919
2140.226641893387,3.632756003234494,1,5.218953686023075
2140.3357317447662,3.6454922151273514,1,5.211766586342289
2140.41309094429,3.6302087608559184,1,5.2203911059592345
2140.489887714386,3.6454922151273514,1,5.211766586342289
2140.567975997925,3.6378504879916385,1,5.21607884615076
2140.646986246109,3.6302087608559184,1,5.2203911059592345
2140.724148273468,3.6353032456130627,1,5.217516266086919
2140.8038854599,3.6378504879916385,1,5.21607884615076
2140.8831984996796,3.640397730370207,1,5.214641426214604
2140.976948738098,3.640397730370207,1,5.214641426214604
2141.056070327759,3.6378504879916385,1,5.21607884615076
2141.134003639221,3.6429449727487757,1,5.213204006278449
2141.2089965343475,3.640397730370207,1,5.214641426214604
2141.2877399921417,3.6454922151273514,1,5.211766586342289
2141.3667068481445,3.6429449727487757,1,5.213204006278449
2141.4430027008057,3.6429449727487757,1,5.213204006278449
2141.520789384842,3.64803945750592,1,5.210329166406133
2141.5971760749817,3.6302087608559184,1,5.2203911059592345
2141.676377058029,3.6454922151273514,1,5.211766586342289
2141.754498720169,3.65568118464164,1,5.206016906597659
2141.830893754959,3.6429449727487757,1,5.213204006278449
2141.9376995563507,3.6531339422630644,1,5.207454326533819
2142.0153040885925,3.6353032456130627,1,5.217516266086919
2142.0918169021606,3.632756003234494,1,5.218953686023075
2142.17001414299,3.6429449727487757,1,5.213204006278449
2142.2480278015137,3.6429449727487757,1,5.213204006278449
2142.3252527713776,3.6353032456130627,1,5.217516266086919
2142.404260158539,3.6607756693987845,1,5.203142066725344
2142.4838609695435,3.64803945750592,1,5.210329166406133
2142.560658454895,3.6454922151273514,1,5.211766586342289
2142.6398282051086,3.64803945750592,1,5.210329166406133
2142.7196872234344,3.6454922151273514,1,5.211766586342289
2142.811444759369,3.650586699884496,1,5.208891746469974
2142.920209646225,3.65568118464164,1,5.206016906597659
2143.0119643211365,3.650586699884496,1,5.208891746469974
2143.107216835022,3.640397730370207,1,5.214641426214604
2143.184951066971,3.64803945750592,1,5.210329166406133
2143.2600049972534,3.65568118464164,1,5.206016906597659
2143.3382375240326,3.658228427020209,1,5.204579486661503
2143.4180614948273,3.64803945750592,1,5.210329166406133
2143.5118124485016,3.6429449727487757,1,5.213204006278449
2143.6213281154633,3.64803945750592,1,5.210329166406133
2143.7282869815826,3.6429449727487757,1,5.213204006278449
2143.8075709342957,3.6429449727487757,1,5.213204006278449
2143.903315782547,3.658228427020209,1,5.204579486661503
2144.013023376465,3.6378504879916385,1,5.21607884615076
2144.1229286193848,3.650586699884496,1,5.208891746469974
2144.2157044410706,3.6531339422630644,1,5.207454326533819
2144.2932806015015,3.6454922151273514,1,5.211766586342289
2144.3727028369904,3.64803945750592,1,5.210329166406133
2144.4500522613525,3.640397730370207,1,5.214641426214604
2144.5418384075165,3.650586699884496,1,5.208891746469974
2144.621593952179,3.65568118464164,1,5.206016906597659
2144.699536561966,3.6378504879916385,1,5.21607884615076
2144.79354596138,3.6429449727487757,1,5.213204006278449
2144.887821674347,3.6607756693987845,1,5.203142066725344
2144.979871749878,3.632756003234494,1,5.218953686023075
2145.074650287628,3.6531339422630644,1,5.207454326533819
2145.1822311878204,3.6531339422630644,1,5.207454326533819
2145.2768154144287,3.6353032456130627,1,5.217516266086919
2145.3542037010193,3.64803945750592,1,5.210329166406133
2145.433005094528,3.65568118464164,1,5.206016906597659
2145.5429251194,3.6429449727487757,1,5.213204006278449
2145.620978832245,3.6531339422630644,1,5.207454326533819
2145.6981189250946,3.650586699884496,1,5.208891746469974
2145.776907682419,3.6429449727487757,1,5.213204006278449
2145.868678331375,3.663322911777353,1,5.201704646789189
2145.9537856578827,3.65568118464164,1,5.206016906597659
2146.0295214653015,3.640397730370207,1,5.214641426214604
2146.1053309440613,3.6531339422630644,1,5.207454326533819
2146.1830542087555,3.64803945750592,1,5.210329166406133
2146.2624905109406,3.658228427020209,1,5.204579486661503
2146.3405356407166,3.65568118464164,1,5.206016906597659
2146.418916940689,3.658228427020209,1,5.204579486661503
2146.4984123706818,3.6531339422630644,1,5.207454326533819
2146.5750217437744,3.658228427020209,1,5.204579486661503
2146.65363240242,3.670964638913066,1,5.197392386980718
2146.7305748462677,3.64803945750592,1,5.210329166406133
2146.8080399036407,3.665870154155929,1,5.200267226853029
2146.8879895210266,3.6531339422630644,1,5.207454326533819
2146.967550754547,3.658228427020209,1,5.204579486661503
2147.04460811615,3.658228427020209,1,5.204579486661503
2147.155113220215,3.663322911777353,1,5.201704646789189
2147.231713294983,3.6454922151273514,1,5.211766586342289
2147.310814142227,3.650586699884496,1,5.208891746469974
2147.387953042984,3.670964638913066,1,5.197392386980718
2147.4641041755676,3.650586699884496,1,5.208891746469974
2147.542900085449,3.640397730370207,1,5.214641426214604
2147.621481657028,3.650586699884496,1,5.208891746469974
2147.698335170746,3.6607756693987845,1,5.203142066725344
2147.777732849121,3.6454922151273514,1,5.211766586342289
2147.8559398651123,3.658228427020209,1,5.204579486661503
2147.933966398239,3.6454922151273514,1,5.211766586342289
2148.0132031440735,3.65568118464164,1,5.206016906597659
2148.0915524959564,3.6607756693987845,1,5.203142066725344
2148.169568300247,3.6607756693987845,1,5.203142066725344
2148.2493155002594,3.663322911777353,1,5.201704646789189
2148.3283336162567,3.663322911777353,1,5.201704646789189
2148.4058187007904,3.6607756693987845,1,5.203142066725344
2148.482852935791,3.665870154155929,1,5.200267226853029
2148.560230731964,3.6531339422630644,1,5.207454326533819
2148.6378269195557,3.670964638913066,1,5.197392386980718
2148.749730825424,3.6684173965344975,1,5.198829806916873
2148.8276669979095,3.663322911777353,1,5.201704646789189
2148.9054787158966,3.6607756693987845,1,5.203142066725344
2148.984331846237,3.658228427020209,1,5.204579486661503
2149.0625610351562,3.6684173965344975,1,5.198829806916873
2149.139841079712,3.6760591236702105,1,5.194517547108402
2149.2177917957306,3.6760591236702105,1,5.194517547108402
2149.297654390335,3.6607756693987845,1,5.203142066725344
2149.3740611076355,3.673511881291642,1,5.195954967044559
2149.4511411190033,3.665870154155929,1,5.200267226853029
2149.5289125442505,3.6531339422630644,1,5.207454326533819
2149.606881380081,3.665870154155929,1,5.200267226853029
2149.6848776340485,3.6760591236702105,1,5.194517547108402
2149.7634100914,3.665870154155929,1,5.200267226853029
2149.8417468070984,3.6607756693987845,1,5.203142066725344
2149.919607400894,3.6760591236702105,1,5.194517547108402
2149.9984142780304,3.673511881291642,1,5.195954967044559
2150.075658082962,3.673511881291642,1,5.195954967044559
2150.153207540512,3.6684173965344975,1,5.198829806916873
2150.2311668395996,3.665870154155929,1,5.200267226853029
2150.3394606113434,3.665870154155929,1,5.200267226853029
2150.433242559433,3.663322911777353,1,5.201704646789189
2150.542955160141,3.663322911777353,1,5.201704646789189
2150.654171228409,3.678606366048786,1,5.1930801271722435
2150.732875585556,3.6684173965344975,1,5.198829806916873
2150.8117306232452,3.6684173965344975,1,5.198829806916873
2150.8915836811066,3.665870154155929,1,5.200267226853029
2150.9693977832794,3.658228427020209,1,5.204579486661503
2151.047862291336,3.678606366048786,1,5.1930801271722435
2151.126121044159,3.6684173965344975,1,5.198829806916873
2151.204464197159,3.665870154155929,1,5.200267226853029
2151.282256126404,3.681153608427355,1,5.191642707236088
2151.360048532486,3.665870154155929,1,5.200267226853029
2151.4388375282288,3.686248093184499,1,5.188767867363772
2151.532650947571,3.686248093184499,1,5.188767867363772
2151.6095418930054,3.663322911777353,1,5.201704646789189
2151.6867887973785,3.681153608427355,1,5.191642707236088
2151.7635867595673,3.663322911777353,1,5.201704646789189
2151.842339992523,3.65568118464164,1,5.206016906597659
2151.9196166992188,3.681153608427355,1,5.191642707236088
2151.9996299743652,3.686248093184499,1,5.188767867363772
2152.0952446460724,3.673511881291642,1,5.195954967044559
2152.1711513996124,3.688795335563075,1,5.187330447427613
2152.250010728836,3.6837008508059306,1,5.1902052872999285
2152.3269650936127,3.665870154155929,1,5.200267226853029
2152.4031145572662,3.678606366048786,1,5.1930801271722435
2152.4816052913666,3.678606366048786,1,5.1930801271722435
2152.5743572711945,3.678606366048786,1,5.1930801271722435
2152.682431936264,3.678606366048786,1,5.1930801271722435
2152.776179075241,3.670964638913066,1,5.197392386980718
2152.9004945755005,3.6913425779416436,1,5.185893027491458
2153.009363889694,3.6302087608559184,1,5.2203911059592345
2153.103113889694,3.681153608427355,1,5.191642707236088
2153.2118225097656,3.670964638913066,1,5.197392386980718
2153.3057494163513,3.6837008508059306,1,5.1902052872999285
2153.3994991779327,3.6837008508059306,1,5.1902052872999285
2153.4952442646027,3.673511881291642,1,5.195954967044559
2153.5869987010956,3.6913425779416436,1,5.185893027491458
2153.6814198493958,3.6938898203202193,1,5.184455607555298
2153.760704755783,3.673511881291642,1,5.195954967044559
2153.8375923633575,3.696437062698788,1,5.183018187619142
2153.948476076126,3.6913425779416436,1,5.185893027491458
2154.026333808899,3.6837008508059306,1,5.1902052872999285
2154.119888305664,3.678606366048786,1,5.1930801271722435
2154.198751926422,3.6913425779416436,1,5.185893027491458
2154.29035115242,3.670964638913066,1,5.197392386980718
2154.369238138199,3.6760591236702105,1,5.194517547108402
2154.446148633957,3.678606366048786,1,5.1930801271722435
2154.5379416942596,3.6913425779416436,1,5.185893027491458
2154.630697488785,3.6760591236702105,1,5.194517547108402
2154.709592103958,3.678606366048786,1,5.1930801271722435
2154.788407564163,3.686248093184499,1,5.188767867363772
2154.866961956024,3.678606366048786,1,5.1930801271722435
2154.945379972458,3.6684173965344975,1,5.198829806916873
2155.023624897003,3.681153608427355,1,5.191642707236088
2155.099487066269,3.681153608427355,1,5.191642707236088
2155.1760652065277,3.678606366048786,1,5.1930801271722435
2155.2700469493866,3.686248093184499,1,5.188767867363772
2155.348395347595,3.6938898203202193,1,5.184455607555298
2155.4263429641724,3.6760591236702105,1,5.194517547108402
2155.504538536072,3.686248093184499,1,5.188767867363772
2155.6126754283905,3.678606366048786,1,5.1930801271722435
2155.6889259815216,3.6837008508059306,1,5.1902052872999285
2155.768027305603,3.6760591236702105,1,5.194517547108402
2155.8480427265167,3.6837008508059306,1,5.1902052872999285
2155.9253401756287,3.686248093184499,1,5.188767867363772
2156.0019199848175,3.6913425779416436,1,5.185893027491458
2156.078863620758,3.678606366048786,1,5.1930801271722435
2156.154952764511,3.6913425779416436,1,5.185893027491458
2156.233860731125,3.681153608427355,1,5.191642707236088
2156.3137669563293,3.688795335563075,1,5.187330447427613
2156.3907718658447,3.6837008508059306,1,5.1902052872999285
2156.470505475998,3.6837008508059306,1,5.1902052872999285
2156.5502755641937,3.6837008508059306,1,5.1902052872999285
2156.625079870224,3.6837008508059306,1,5.1902052872999285
2156.703742980957,3.686248093184499,1,5.188767867363772
2156.7818672657013,3.7015315474559323,1,5.180143347746828
2156.8585517406464,3.6760591236702105,1,5.194517547108402
2156.937419652939,3.681153608427355,1,5.191642707236088
2157.015861749649,3.7015315474559323,1,5.180143347746828
2157.092874288559,3.686248093184499,1,5.188767867363772
2157.2176988124847,3.686248093184499,1,5.188767867363772
2157.2974891662598,3.6989843050773565,1,5.181580767682988
2157.3749866485596,3.686248093184499,1,5.188767867363772
2157.4538073539734,3.6837008508059306,1,5.1902052872999285
2157.5618979930878,3.688795335563075,1,5.187330447427613
2157.6717715263367,3.688795335563075,1,5.187330447427613
2157.7796988487244,3.7015315474559323,1,5.180143347746828
2157.886872291565,3.688795335563075,1,5.187330447427613
2157.9654145240784,3.6913425779416436,1,5.185893027491458
2158.043898820877,3.6913425779416436,1,5.185893027491458
2158.123051404953,3.6913425779416436,1,5.185893027491458
2158.2185134887695,3.7015315474559323,1,5.180143347746828
2158.325466632843,3.6760591236702105,1,5.194517547108402
2158.4341633319855,3.6938898203202193,1,5.184455607555298
2158.525918006897,3.681153608427355,1,5.191642707236088
2158.6359837055206,3.688795335563075,1,5.187330447427613
2158.7277417182922,3.686248093184499,1,5.188767867363772
2158.805793762207,3.6913425779416436,1,5.185893027491458
2158.884930372238,3.6938898203202193,1,5.184455607555298
2158.961782693863,3.681153608427355,1,5.191642707236088
2159.070869445801,3.6989843050773565,1,5.181580767682988
2159.150148153305,3.686248093184499,1,5.188767867363772
2159.227519273758,3.686248093184499,1,5.188767867363772
2159.306070327759,3.696437062698788,1,5.183018187619142
2159.382040977478,3.696437062698788,1,5.183018187619142
2159.459268808365,3.6760591236702105,1,5.194517547108402
2159.5391762256622,3.6989843050773565,1,5.181580767682988
2159.6168446540833,3.696437062698788,1,5.183018187619142
2159.6940908432007,3.696437062698788,1,5.183018187619142
2159.77281498909,3.681153608427355,1,5.191642707236088
2159.851568698883,3.6989843050773565,1,5.181580767682988
2159.927626132965,3.681153608427355,1,5.191642707236088
2160.0050892829895,3.6938898203202193,1,5.184455607555298
2160.084632396698,3.7015315474559323,1,5.180143347746828
2160.1625447273254,3.7066260322130766,1,5.177268507874512
2160.239926338196,3.6938898203202193,1,5.184455607555298
2160.3174085617065,3.6938898203202193,1,5.184455607555298
2160.393430709839,3.7015315474559323,1,5.180143347746828
2160.471916437149,3.681153608427355,1,5.191642707236088
2160.549779891968,3.6938898203202193,1,5.184455607555298
2160.625871181488,3.6913425779416436,1,5.185893027491458
2160.720677614212,3.6938898203202193,1,5.184455607555298
2160.7986645698547,3.704078789834501,1,5.178705927810672
2160.876333475113,3.6938898203202193,1,5.184455607555298
2160.9543976783752,3.7066260322130766,1,5.177268507874512
2161.032311439514,3.6989843050773565,1,5.181580767682988
2161.109982728958,3.686248093184499,1,5.188767867363772
2161.1880185604095,3.7015315474559323,1,5.180143347746828
2161.2665746212006,3.7244567288630783,1,5.1672065683214115
2161.34446644783,3.7015315474559323,1,5.180143347746828
2161.4219286441803,3.6989843050773565,1,5.181580767682988
2161.4995815753937,3.7091732745916453,1,5.1758310879383576
2161.576110124588,3.6938898203202193,1,5.184455607555298
2161.6532611846924,3.7168150017273653,1,5.171518828129882
2161.729537010193,3.711720516970221,1,5.174393668002198
2161.805575609207,3.7015315474559323,1,5.180143347746828
2161.8829910755157,3.704078789834501,1,5.178705927810672
2161.962251663208,3.7168150017273653,1,5.171518828129882
2162.039115667343,3.7015315474559323,1,5.180143347746828
2162.117913007736,3.696437062698788,1,5.183018187619142
2162.196034193039,3.7168150017273653,1,5.171518828129882
2162.30451464653,3.6913425779416436,1,5.185893027491458
2162.3830819129944,3.711720516970221,1,5.174393668002198
2162.460044145584,3.696437062698788,1,5.183018187619142
2162.538075685501,3.704078789834501,1,5.178705927810672
2162.6159596443176,3.7066260322130766,1,5.177268507874512
2162.6935567855835,3.7142677593487896,1,5.172956248066042
2162.7717299461365,3.7015315474559323,1,5.180143347746828
2162.849174261093,3.7142677593487896,1,5.172956248066042
2162.9282290935516,3.711720516970221,1,5.174393668002198
2163.0055837631226,3.7066260322130766,1,5.177268507874512
2163.0848984718323,3.719362244105934,1,5.170081408193727
2163.1597180366516,3.7066260322130766,1,5.177268507874512
2163.238521337509,3.7066260322130766,1,5.177268507874512
2163.3323781490326,3.7168150017273653,1,5.171518828129882
2163.4105067253113,3.7091732745916453,1,5.1758310879383576
2163.489392518997,3.7142677593487896,1,5.172956248066042
2163.564257621765,3.704078789834501,1,5.178705927810672
2163.642157316208,3.7015315474559323,1,5.180143347746828
2163.7207918167114,3.7015315474559323,1,5.180143347746828
2163.7989749908447,3.711720516970221,1,5.174393668002198
2163.9071662425995,3.704078789834501,1,5.178705927810672
2163.9848217964172,3.7142677593487896,1,5.172956248066042
2164.06218957901,3.727003971241647,1,5.165769148385256
2164.1392307281494,3.7142677593487896,1,5.172956248066042
2164.215272426605,3.7219094864845097,1,5.168643988257568
2164.2947084903717,3.7168150017273653,1,5.171518828129882
2164.3724749088287,3.696437062698788,1,5.183018187619142
2164.4682323932648,3.719362244105934,1,5.170081408193727
2164.5618708133698,3.7219094864845097,1,5.168643988257568
2164.6399121284485,3.704078789834501,1,5.178705927810672
2164.7192273139954,3.7091732745916453,1,5.1758310879383576
2164.7968838214874,3.7219094864845097,1,5.168643988257568
2164.8757450580597,3.7091732745916453,1,5.1758310879383576
2164.9534833431244,3.727003971241647,1,5.165769148385256
2165.0314180850983,3.7244567288630783,1,5.1672065683214115
2165.1104967594147,3.7168150017273653,1,5.171518828129882
2165.188915491104,3.7066260322130766,1,5.177268507874512
2165.2653045654297,3.719362244105934,1,5.170081408193727
2165.3586072921753,3.7168150017273653,1,5.171518828129882
2165.435746192932,3.7244567288630783,1,5.1672065683214115
2165.560158729553,3.7142677593487896,1,5.172956248066042
2165.6539211273193,3.7244567288630783,1,5.1672065683214115
2165.7327477931976,3.711720516970221,1,5.174393668002198
2165.811742544174,3.7168150017273653,1,5.171518828129882
2165.8889615535736,3.7066260322130766,1,5.177268507874512
2165.9659128189087,3.7168150017273653,1,5.171518828129882
2166.059196472168,3.7244567288630783,1,5.1672065683214115
2166.1678330898285,3.7168150017273653,1,5.171518828129882
2166.261594057083,3.7066260322130766,1,5.177268507874512
2166.3408966064453,3.711720516970221,1,5.174393668002198
2166.418648958206,3.7168150017273653,1,5.171518828129882
2166.5273609161377,3.7142677593487896,1,5.172956248066042
2166.6211380958557,3.719362244105934,1,5.170081408193727
2166.714904308319,3.7244567288630783,1,5.1672065683214115
2166.809850215912,3.7142677593487896,1,5.172956248066042
2166.9008066654205,3.7091732745916453,1,5.1758310879383576
2166.978230237961,3.727003971241647,1,5.165769148385256
2167.05734539032,3.7142677593487896,1,5.172956248066042
2167.1341338157654,3.7244567288630783,1,5.1672065683214115
2167.209961414337,3.7142677593487896,1,5.172956248066042
2167.3206589221954,3.7066260322130766,1,5.177268507874512
2167.4134101867676,3.711720516970221,1,5.174393668002198
2167.4909284114838,3.7066260322130766,1,5.177268507874512
2167.5698812007904,3.7219094864845097,1,5.168643988257568
2167.6474180221558,3.7219094864845097,1,5.168643988257568
2167.7253408432007,3.7142677593487896,1,5.172956248066042
2167.8011677265167,3.719362244105934,1,5.170081408193727
2167.893919467926,3.7219094864845097,1,5.168643988257568
2167.971757411957,3.7091732745916453,1,5.1758310879383576
2168.047916650772,3.7168150017273653,1,5.171518828129882
2168.1249680519104,3.7219094864845097,1,5.168643988257568
2168.2032022476196,3.7219094864845097,1,5.168643988257568
2168.295240879059,3.734645698377367,1,5.161456888576781
2168.372234582901,3.7219094864845097,1,5.168643988257568
2168.4509782791138,3.7168150017273653,1,5.171518828129882
2168.527936935425,3.7295512136202227,1,5.164331728449097
2168.6055560112,3.7168150017273653,1,5.171518828129882
2168.6830084323883,3.7244567288630783,1,5.1672065683214115
2168.761578798294,3.7219094864845097,1,5.168643988257568
2168.8564081192017,3.711720516970221,1,5.174393668002198
2168.968109369278,3.7244567288630783,1,5.1672065683214115
2169.10821557045,3.727003971241647,1,5.165769148385256
2169.2169241905212,3.734645698377367,1,5.161456888576781
2169.3096764087677,3.719362244105934,1,5.170081408193727
2169.3894629478455,3.7219094864845097,1,5.168643988257568
2169.4678230285645,3.7219094864845097,1,5.168643988257568
2169.544145822525,3.7397401831345114,1,5.158582048704467
2169.6359066963196,3.727003971241647,1,5.165769148385256
2169.7286529541016,3.7371929407559357,1,5.160019468640626
2169.808439731598,3.7244567288630783,1,5.1672065683214115
2169.886231660843,3.7295512136202227,1,5.164331728449097
2169.964023590088,3.7371929407559357,1,5.160019468640626
2170.0438108444214,3.734645698377367,1,5.161456888576781
2170.139070749283,3.727003971241647,1,5.165769148385256
2170.231822013855,3.727003971241647,1,5.165769148385256
2170.3431034088135,3.7244567288630783,1,5.1672065683214115
2170.435854911804,3.7295512136202227,1,5.164331728449097
2170.5126492977142,3.734645698377367,1,5.161456888576781
2170.59108710289,3.711720516970221,1,5.174393668002198
2170.6678817272186,3.7320984559987913,1,5.162894308512941
2170.745182275772,3.7371929407559357,1,5.160019468640626
2170.8554553985596,3.7295512136202227,1,5.164331728449097
2170.932756662369,3.74228742551308,1,5.157144628768311
2171.0120952129364,3.7397401831345114,1,5.158582048704467
2171.105086326599,3.7244567288630783,1,5.1672065683214115
2171.1807174682617,3.734645698377367,1,5.161456888576781
2171.2574665546417,3.7168150017273653,1,5.171518828129882
2171.3403894901276,3.7219094864845097,1,5.168643988257568
2171.428717136383,3.7320984559987913,1,5.162894308512941
2171.506587743759,3.7371929407559357,1,5.160019468640626
2171.6004531383514,3.74228742551308,1,5.157144628768311
2171.694206237793,3.74228742551308,1,5.157144628768311
2171.7713599205017,3.734645698377367,1,5.161456888576781
2171.863626241684,3.7397401831345114,1,5.158582048704467
2171.957883834839,3.727003971241647,1,5.165769148385256
2172.0509033203125,3.7371929407559357,1,5.160019468640626
2172.1436545848846,3.7371929407559357,1,5.160019468640626
2172.2364072799683,3.7320984559987913,1,5.162894308512941
2172.327184677124,3.7473819102702244,1,5.154269788895996
2172.41894865036,3.7397401831345114,1,5.158582048704467
2172.513956785202,3.7499291526488,1,5.152832368959837
2172.623044490814,3.7371929407559357,1,5.160019468640626
2172.7017085552216,3.7320984559987913,1,5.162894308512941
2172.7788083553314,3.7371929407559357,1,5.160019468640626
2172.855608701706,3.7320984559987913,1,5.162894308512941
2172.9351558685303,3.7499291526488,1,5.152832368959837
2173.0117156505585,3.7524763950273687,1,5.151394949023681
2173.0897772312164,3.7320984559987913,1,5.162894308512941
2173.184118270874,3.734645698377367,1,5.161456888576781
2173.275661945343,3.7371929407559357,1,5.160019468640626
2173.3546879291534,3.74228742551308,1,5.157144628768311
2173.4476273059845,3.7397401831345114,1,5.158582048704467
2173.5410146713257,3.734645698377367,1,5.161456888576781
2173.618796348572,3.74228742551308,1,5.157144628768311
2173.7109200954437,3.74228742551308,1,5.157144628768311
2173.7896678447723,3.734645698377367,1,5.161456888576781
2173.8667855262756,3.7448346678916558,1,5.155707208832151
2173.943634033203,3.7295512136202227,1,5.164331728449097
2174.0194458961487,3.727003971241647,1,5.165769148385256
2174.0982513427734,3.74228742551308,1,5.157144628768311
2174.17510843277,3.727003971241647,1,5.165769148385256
2174.2818245887756,3.7371929407559357,1,5.160019468640626
2174.3600237369537,3.7397401831345114,1,5.158582048704467
2174.437339782715,3.7473819102702244,1,5.154269788895996
2174.5156450271606,3.7524763950273687,1,5.151394949023681
2174.5934364795685,3.7371929407559357,1,5.160019468640626
2174.670697450638,3.734645698377367,1,5.161456888576781
2174.764280319214,3.7448346678916558,1,5.155707208832151
2174.8404564857483,3.7295512136202227,1,5.164331728449097
2174.91783285141,3.7371929407559357,1,5.160019468640626
2174.995038509369,3.734645698377367,1,5.161456888576781
2175.072803735733,3.7219094864845097,1,5.168643988257568
2175.1516065597534,3.734645698377367,1,5.161456888576781
2175.2284479141235,3.7397401831345114,1,5.158582048704467
2175.3062479496,3.7397401831345114,1,5.158582048704467
2175.398474216461,3.7524763950273687,1,5.151394949023681
2175.4923334121704,3.7448346678916558,1,5.155707208832151
2175.5681273937225,3.74228742551308,1,5.157144628768311
2175.6468477249146,3.7397401831345114,1,5.158582048704467
2175.7238750457764,3.7371929407559357,1,5.160019468640626
2175.8007521629333,3.7371929407559357,1,5.160019468640626
2175.910458803177,3.7499291526488,1,5.152832368959837
2175.9874906539917,3.7371929407559357,1,5.160019468640626
2176.078545808792,3.7550236374059374,1,5.1499575290875255
2176.1732923984528,3.7473819102702244,1,5.154269788895996
2176.2640533447266,3.7448346678916558,1,5.155707208832151
2176.3425064086914,3.74228742551308,1,5.157144628768311
2176.420302629471,3.7371929407559357,1,5.160019468640626
2176.496033668518,3.7473819102702244,1,5.154269788895996
2176.574925661087,3.7499291526488,1,5.152832368959837
2176.6532638072968,3.7550236374059374,1,5.1499575290875255
2176.7459001541138,3.7448346678916558,1,5.155707208832151
2176.8400795459747,3.74228742551308,1,5.157144628768311
2176.933828353882,3.734645698377367,1,5.161456888576781
2177.028575658798,3.7524763950273687,1,5.151394949023681
2177.121327161789,3.7371929407559357,1,5.160019468640626
2177.2148418426514,3.7473819102702244,1,5.154269788895996
2177.3082756996155,3.7499291526488,1,5.152832368959837
2177.386543273926,3.7397401831345114,1,5.158582048704467
2177.4776730537415,3.7524763950273687,1,5.151394949023681
2177.571388721466,3.7320984559987913,1,5.162894308512941
2177.6645839214325,3.7524763950273687,1,5.151394949023681
2177.823662996292,3.7550236374059374,1,5.1499575290875255
2177.931841135025,3.7524763950273687,1,5.151394949023681
2178.0418701171875,3.7473819102702244,1,5.154269788895996
2178.150047302246,3.7371929407559357,1,5.160019468640626
2178.2577652931213,3.767759849298802,1,5.142770429406736
2178.3515136241913,3.757570879784513,1,5.148520109151366
2178.4462621212006,3.7550236374059374,1,5.1499575290875255
2178.554042816162,3.7448346678916558,1,5.155707208832151
2178.6308102607727,3.765212606920226,1,5.144207849342895
2178.7096152305603,3.7550236374059374,1,5.1499575290875255
2178.78666305542,3.7626653645416575,1,5.145645269279051
2178.863294839859,3.7601181221630817,1,5.14708268921521
2178.940982103348,3.7703070916773704,1,5.14133300947058
2179.018515586853,3.757570879784513,1,5.148520109151366
2179.0945172309875,3.7550236374059374,1,5.1499575290875255
2179.172021150589,3.7524763950273687,1,5.151394949023681
2179.250816822052,3.7524763950273687,1,5.151394949023681
2179.329097509384,3.767759849298802,1,5.142770429406736
2179.4068942070007,3.7524763950273687,1,5.151394949023681
2179.4847452640533,3.7524763950273687,1,5.151394949023681
2179.592457294464,3.767759849298802,1,5.142770429406736
2179.671493291855,3.7626653645416575,1,5.145645269279051
2179.746664762497,3.772854334055946,1,5.1398955895344205
2179.8230617046356,3.7703070916773704,1,5.14133300947058
2179.900723218918,3.7524763950273687,1,5.151394949023681
2179.9924545288086,3.757570879784513,1,5.148520109151366
2180.070735692978,3.7601181221630817,1,5.14708268921521
2180.165871858597,3.7550236374059374,1,5.1499575290875255
2180.2575368881226,3.772854334055946,1,5.1398955895344205
2180.335944414139,3.7473819102702244,1,5.154269788895996
2180.412736415863,3.765212606920226,1,5.144207849342895
2180.4901213645935,3.7601181221630817,1,5.14708268921521
2180.5675752162933,3.757570879784513,1,5.148520109151366
2180.644126176834,3.7626653645416575,1,5.145645269279051
2180.722374200821,3.7550236374059374,1,5.1499575290875255
2180.7982347011566,3.7550236374059374,1,5.1499575290875255
2180.8750052452087,3.7703070916773704,1,5.14133300947058
2180.9507219791412,3.7550236374059374,1,5.1499575290875255
2181.029215812683,3.7703070916773704,1,5.14133300947058
2181.107797384262,3.7626653645416575,1,5.145645269279051
2181.2162532806396,3.765212606920226,1,5.144207849342895
2181.294777393341,3.7626653645416575,1,5.145645269279051
2181.374209165573,3.767759849298802,1,5.142770429406736
2181.4519834518433,3.765212606920226,1,5.144207849342895
2181.5295996665955,3.7601181221630817,1,5.14708268921521
2181.607477426529,3.7601181221630817,1,5.14708268921521
2181.699631690979,3.7524763950273687,1,5.151394949023681
2181.7789623737335,3.7703070916773704,1,5.14133300947058
2181.8573479652405,3.772854334055946,1,5.1398955895344205
2181.936039686203,3.765212606920226,1,5.144207849342895
2182.0287511348724,3.767759849298802,1,5.142770429406736
2182.106542110443,3.775401576434515,1,5.138458169598265
2182.2002918720245,3.7601181221630817,1,5.14708268921521
2182.2929408550262,3.7703070916773704,1,5.14133300947058
2182.4014852046967,3.7524763950273687,1,5.151394949023681
2182.5103204250336,3.775401576434515,1,5.138458169598265
2182.6200268268585,3.767759849298802,1,5.142770429406736
2182.7456912994385,3.765212606920226,1,5.144207849342895
2182.885723590851,3.7601181221630817,1,5.14708268921521
2182.9949061870575,3.772854334055946,1,5.1398955895344205
2183.118604660034,3.7703070916773704,1,5.14133300947058
2183.197849750519,3.765212606920226,1,5.144207849342895
2183.2748572826385,3.765212606920226,1,5.144207849342895
2183.352887868881,3.767759849298802,1,5.142770429406736
2183.4308042526245,3.788137788327372,1,5.13127106991748
2183.5086755752563,3.7830433035702278,1,5.134145909789794
2183.5884914398193,3.765212606920226,1,5.144207849342895
2183.6679639816284,3.7601181221630817,1,5.14708268921521
2183.7604804039,3.767759849298802,1,5.142770429406736
2183.839826107025,3.788137788327372,1,5.13127106991748
2183.917238473892,3.772854334055946,1,5.1398955895344205
2184.0110285282135,3.775401576434515,1,5.138458169598265
2184.1059567928314,3.7855905459488035,1,5.132708489853635
2184.196230649948,3.780496061191659,1,5.13558332972595
2184.2742142677307,3.7779488188130905,1,5.137020749662105
2184.351899623871,3.7703070916773704,1,5.14133300947058
2184.429856300354,3.772854334055946,1,5.1398955895344205
2184.5238106250763,3.7779488188130905,1,5.137020749662105
2184.616887331009,3.765212606920226,1,5.144207849342895
2184.6947791576385,3.767759849298802,1,5.142770429406736
2184.8050396442413,3.772854334055946,1,5.1398955895344205
2184.8836216926575,3.7601181221630817,1,5.14708268921521
2184.961092710495,3.775401576434515,1,5.138458169598265
2185.0398869514465,3.7779488188130905,1,5.137020749662105
2185.117830991745,3.765212606920226,1,5.144207849342895
2185.2111806869507,3.7779488188130905,1,5.137020749662105
2185.2899236679077,3.772854334055946,1,5.1398955895344205
2185.3679847717285,3.7626653645416575,1,5.145645269279051
2185.4467737674713,3.7855905459488035,1,5.132708489853635
2185.5421085357666,3.775401576434515,1,5.138458169598265
2185.649096250534,3.772854334055946,1,5.1398955895344205
2185.7717876434326,3.788137788327372,1,5.13127106991748
2185.8949224948883,3.7779488188130905,1,5.137020749662105
2185.9876754283905,3.798326757841661,1,5.12552139017285
2186.078436613083,3.788137788327372,1,5.13127106991748
2186.1863741874695,3.7830433035702278,1,5.134145909789794
2186.294449329376,3.780496061191659,1,5.13558332972595
2186.4034786224365,3.772854334055946,1,5.1398955895344205
2186.5152068138123,3.772854334055946,1,5.1398955895344205
2186.608930826187,3.788137788327372,1,5.13127106991748
2186.7036759853363,3.772854334055946,1,5.1398955895344205
2186.811415910721,3.798326757841661,1,5.12552139017285
2186.8884596824646,3.780496061191659,1,5.13558332972595
2186.967620611191,3.7855905459488035,1,5.132708489853635
2187.045605659485,3.7957795154630922,1,5.126958810109005
2187.12357878685,3.7779488188130905,1,5.137020749662105
2187.215750694275,3.7830433035702278,1,5.134145909789794
2187.3087096214294,3.7830433035702278,1,5.134145909789794
2187.4014575481415,3.7779488188130905,1,5.137020749662105
2187.4946200847626,3.7932322730845165,1,5.128396230045164
2187.573189973831,3.7957795154630922,1,5.126958810109005
2187.651365041733,3.7830433035702278,1,5.134145909789794
2187.7276542186737,3.788137788327372,1,5.13127106991748
2187.806740283966,3.790685030705948,1,5.12983364998132
2187.899688720703,3.788137788327372,1,5.13127106991748
2187.976418495178,3.7957795154630922,1,5.126958810109005
2188.054515361786,3.7957795154630922,1,5.126958810109005
2188.1322691440582,3.780496061191659,1,5.13558332972595
2188.209405183792,3.7932322730845165,1,5.128396230045164
2188.2862644195557,3.7830433035702278,1,5.134145909789794
2188.3634028434753,3.780496061191659,1,5.13558332972595
2188.471378803253,3.788137788327372,1,5.13127106991748
2188.5491490364075,3.788137788327372,1,5.13127106991748
2188.62824344635,3.7830433035702278,1,5.134145909789794
2188.704916238785,3.7932322730845165,1,5.128396230045164
2188.7819180488586,3.788137788327372,1,5.13127106991748
2188.8595654964447,3.790685030705948,1,5.12983364998132
2188.9366466999054,3.7855905459488035,1,5.132708489853635
2189.015512228012,3.780496061191659,1,5.13558332972595
2189.09375,3.788137788327372,1,5.13127106991748
2189.185579061508,3.788137788327372,1,5.13127106991748
2189.2639439105988,3.790685030705948,1,5.12983364998132
2189.3417122364044,3.788137788327372,1,5.13127106991748
2189.4208109378815,3.7932322730845165,1,5.128396230045164
2189.511730194092,3.7855905459488035,1,5.132708489853635
2189.5897929668427,3.7957795154630922,1,5.126958810109005
2189.6697261333466,3.7932322730845165,1,5.128396230045164
2189.763513326645,3.7957795154630922,1,5.126958810109005
2189.8420009613037,3.813610212113094,1,5.1168968705559035
2189.91943860054,3.798326757841661,1,5.12552139017285
2189.9967937469482,3.788137788327372,1,5.13127106991748
2190.1058983802795,3.798326757841661,1,5.12552139017285
2190.1830229759216,3.7855905459488035,1,5.132708489853635
2190.2739205360413,3.790685030705948,1,5.12983364998132
2190.3529851436615,3.813610212113094,1,5.1168968705559035
2190.432810306549,3.7932322730845165,1,5.128396230045164
2190.510594844818,3.803421242598805,1,5.122646550300534
2190.589545726776,3.8008740002202366,1,5.12408397023669
2190.6686341762543,3.8008740002202366,1,5.12408397023669
2190.7468898296356,3.798326757841661,1,5.12552139017285
2190.825535774231,3.7957795154630922,1,5.126958810109005
2190.905145406723,3.805968484977381,1,5.121209130364375
2190.9822013378143,3.798326757841661,1,5.12552139017285
2191.061052799225,3.7932322730845165,1,5.128396230045164
2191.138872385025,3.7957795154630922,1,5.126958810109005
2191.218019723892,3.803421242598805,1,5.122646550300534
2191.2949566841125,3.7932322730845165,1,5.128396230045164
2191.3732936382294,3.798326757841661,1,5.12552139017285
2191.449072122574,3.7957795154630922,1,5.126958810109005
2191.5278277397156,3.803421242598805,1,5.122646550300534
2191.6075525283813,3.798326757841661,1,5.12552139017285
2191.717295408249,3.780496061191659,1,5.13558332972595
2191.794874191284,3.7932322730845165,1,5.128396230045164
2191.8723969459534,3.8008740002202366,1,5.12408397023669
2191.966148853302,3.7957795154630922,1,5.126958810109005
2192.0598962306976,3.803421242598805,1,5.122646550300534
2192.1377222537994,3.8008740002202366,1,5.12408397023669
2192.230438232422,3.7932322730845165,1,5.128396230045164
2192.322629213333,3.798326757841661,1,5.12552139017285
2192.414389848709,3.803421242598805,1,5.122646550300534
2192.5096158981323,3.813610212113094,1,5.1168968705559035
2192.6053602695465,3.813610212113094,1,5.1168968705559035
2192.6987879276276,3.790685030705948,1,5.12983364998132
2192.777974843979,3.790685030705948,1,5.12983364998132
2192.8687365055084,3.803421242598805,1,5.122646550300534
2192.9475910663605,3.798326757841661,1,5.12552139017285
2193.040810108185,3.805968484977381,1,5.121209130364375
2193.1189320087433,3.805968484977381,1,5.121209130364375
2193.2117154598236,3.8187046968702383,1,5.114022030683589
2193.305433511734,3.798326757841661,1,5.12552139017285
2193.3991737365723,3.798326757841661,1,5.12552139017285
2193.5407993793488,3.8085157273559496,1,5.119771710428219
2193.648543357849,3.798326757841661,1,5.12552139017285
2193.725755214691,3.8085157273559496,1,5.119771710428219
2193.8029239177704,3.8008740002202366,1,5.12408397023669
2193.878935813904,3.8085157273559496,1,5.119771710428219
2193.9567584991455,3.813610212113094,1,5.1168968705559035
2194.0341796875,3.8085157273559496,1,5.119771710428219
2194.1096663475037,3.803421242598805,1,5.122646550300534
2194.187992334366,3.8161574544916625,1,5.115459450619749
2194.265788078308,3.8008740002202366,1,5.12408397023669
2194.3428761959076,3.8008740002202366,1,5.12408397023669
2194.4198637008667,3.798326757841661,1,5.12552139017285
2194.4991183280945,3.8187046968702383,1,5.114022030683589
2194.575905561447,3.8161574544916625,1,5.115459450619749
2194.6538298130035,3.8085157273559496,1,5.119771710428219
2194.7319564819336,3.805968484977381,1,5.121209130364375
2194.808666229248,3.803421242598805,1,5.122646550300534
2194.887919664383,3.8187046968702383,1,5.114022030683589
2194.9669766426086,3.821251939248807,1,5.112584610747433
2195.043790578842,3.805968484977381,1,5.121209130364375
2195.121915102005,3.8085157273559496,1,5.119771710428219
2195.229035615921,3.811062969734518,1,5.118334290492063
2195.3081007003784,3.8187046968702383,1,5.114022030683589
2195.3869655132294,3.8187046968702383,1,5.114022030683589
2195.477980852127,3.8085157273559496,1,5.119771710428219
2195.557757616043,3.8161574544916625,1,5.115459450619749
2195.6340470314026,3.8467243630345287,1,5.098210411385859
2195.710907459259,3.8187046968702383,1,5.114022030683589
2195.7896394729614,3.811062969734518,1,5.118334290492063
2195.8687007427216,3.8187046968702383,1,5.114022030683589
2195.9457080364227,3.813610212113094,1,5.1168968705559035
2196.0218558311462,3.8161574544916625,1,5.115459450619749
2196.1147513389587,3.805968484977381,1,5.121209130364375
2196.19171500206,3.803421242598805,1,5.122646550300534
2196.271138906479,3.813610212113094,1,5.1168968705559035
2196.3493824005127,3.8008740002202366,1,5.12408397023669
2196.424191236496,3.813610212113094,1,5.1168968705559035
2196.5017290115356,3.811062969734518,1,5.118334290492063
2196.5944423675537,3.813610212113094,1,5.1168968705559035
2196.6699726581573,3.813610212113094,1,5.1168968705559035
2196.7497577667236,3.8085157273559496,1,5.119771710428219
2196.8439712524414,3.8085157273559496,1,5.119771710428219
2196.9207439422607,3.8339881511416714,1,5.105397511066643
2196.9998836517334,3.8314409087630956,1,5.106834931002803
2197.091300010681,3.813610212113094,1,5.1168968705559035
2197.184894800186,3.8339881511416714,1,5.105397511066643
2197.262796640396,3.798326757841661,1,5.12552139017285
2197.354687690735,3.811062969734518,1,5.118334290492063
2197.42960357666,3.828893666384527,1,5.108272350938959
2197.504487991333,3.8263464240059513,1,5.109709770875119
2197.580684185028,3.813610212113094,1,5.1168968705559035
2197.660626888275,3.813610212113094,1,5.1168968705559035
2197.7374148368835,3.813610212113094,1,5.1168968705559035
2197.813265323639,3.8187046968702383,1,5.114022030683589
2197.890768289566,3.805968484977381,1,5.121209130364375
2197.96989941597,3.821251939248807,1,5.112584610747433
2198.0466113090515,3.8237991816273826,1,5.111147190811273
2198.1247367858887,3.8187046968702383,1,5.114022030683589
2198.2027249336243,3.8187046968702383,1,5.114022030683589
2198.279849767685,3.8161574544916625,1,5.115459450619749
2198.358038187027,3.811062969734518,1,5.118334290492063
2198.4679317474365,3.8263464240059513,1,5.109709770875119
2198.544890642166,3.813610212113094,1,5.1168968705559035
2198.6227164268494,3.821251939248807,1,5.112584610747433
2198.702315092087,3.8237991816273826,1,5.111147190811273
2198.77930355072,3.8161574544916625,1,5.115459450619749
2198.8580436706543,3.8263464240059513,1,5.109709770875119
2198.9372131824493,3.8263464240059513,1,5.109709770875119
2199.0130772590637,3.803421242598805,1,5.122646550300534
2199.0907456874847,3.813610212113094,1,5.1168968705559035
2199.1832189559937,3.8187046968702383,1,5.114022030683589
2199.2623386383057,3.828893666384527,1,5.108272350938959
2199.3401238918304,3.8390826358988086,1,5.102522671194333
2199.4180612564087,3.8161574544916625,1,5.115459450619749
2199.4962017536163,3.8237991816273826,1,5.111147190811273
2199.5738101005554,3.8314409087630956,1,5.106834931002803
2199.6518733501434,3.8339881511416714,1,5.105397511066643
2199.7302753925323,3.8161574544916625,1,5.115459450619749
2199.809590578079,3.8187046968702383,1,5.114022030683589
2199.888036966324,3.828893666384527,1,5.108272350938959
2199.96883225441,3.8263464240059513,1,5.109709770875119
2200.0916044712067,3.8237991816273826,1,5.111147190811273
2200.167545080185,3.828893666384527,1,5.108272350938959
2200.2455701828003,3.821251939248807,1,5.112584610747433
2200.323366880417,3.8339881511416714,1,5.105397511066643
2200.416581630707,3.8263464240059513,1,5.109709770875119
2200.4957523345947,3.8237991816273826,1,5.111147190811273
2200.5736045837402,3.83653539352024,1,5.103960091130489
2200.65061378479,3.8263464240059513,1,5.109709770875119
2200.728591442108,3.8237991816273826,1,5.111147190811273
2200.8049685955048,3.8314409087630956,1,5.106834931002803
2200.882781267166,3.83653539352024,1,5.103960091130489
2200.959880590439,3.828893666384527,1,5.108272350938959
2201.0370519161224,3.8237991816273826,1,5.111147190811273
2201.127809047699,3.828893666384527,1,5.108272350938959
2201.2066309452057,3.8339881511416714,1,5.105397511066643
2201.283506155014,3.8314409087630956,1,5.106834931002803
2201.361094713211,3.8339881511416714,1,5.105397511066643
2201.4383313655853,3.8339881511416714,1,5.105397511066643
2201.5162200927734,3.8237991816273826,1,5.111147190811273
2201.6087839603424,3.8237991816273826,1,5.111147190811273
2201.7498004436493,3.8314409087630956,1,5.106834931002803
2201.84365439415,3.8263464240059513,1,5.109709770875119
2201.9365446567535,3.8263464240059513,1,5.109709770875119
2202.0133378505707,3.828893666384527,1,5.108272350938959
2202.0907402038574,3.8263464240059513,1,5.109709770875119
2202.1681790351868,3.8314409087630956,1,5.106834931002803
2202.24503159523,3.821251939248807,1,5.112584610747433
2202.3222620487213,3.828893666384527,1,5.108272350938959
2202.401210784912,3.828893666384527,1,5.108272350938959
2202.478038549423,3.8237991816273826,1,5.111147190811273
2202.5551748275757,3.8492716054130973,1,5.096772991449702
2202.6333243846893,3.8339881511416714,1,5.105397511066643
2202.7091567516327,3.8314409087630956,1,5.106834931002803
2202.7858996391296,3.8339881511416714,1,5.105397511066643
2202.8652687072754,3.8339881511416714,1,5.105397511066643
2202.9427120685577,3.828893666384527,1,5.108272350938959
2203.020727157593,3.828893666384527,1,5.108272350938959
2203.100593328476,3.828893666384527,1,5.108272350938959
2203.176953792572,3.821251939248807,1,5.112584610747433
2203.3005397319794,3.8390826358988086,1,5.102522671194333
2203.390255212784,3.8339881511416714,1,5.105397511066643
2203.4989926815033,3.8263464240059513,1,5.109709770875119
2203.576679944992,3.8467243630345287,1,5.098210411385859
2203.6537051200867,3.8339881511416714,1,5.105397511066643
2203.7307369709015,3.8467243630345287,1,5.098210411385859
2203.8080208301544,3.8314409087630956,1,5.106834931002803
2203.8850049972534,3.8416298782773843,1,5.101085251258173
2203.9648702144623,3.8263464240059513,1,5.109709770875119
2204.044776201248,3.844177120655953,1,5.099647831322018
2204.121791601181,3.8416298782773843,1,5.101085251258173
2204.200563430786,3.844177120655953,1,5.099647831322018
2204.2774982452393,3.828893666384527,1,5.108272350938959
2204.3544924259186,3.8467243630345287,1,5.098210411385859
2204.433843612671,3.8492716054130973,1,5.096772991449702
2204.511621952057,3.828893666384527,1,5.108272350938959
2204.5874152183533,3.83653539352024,1,5.103960091130489
2204.6656155586243,3.8416298782773843,1,5.101085251258173
2204.7590959072113,3.8390826358988086,1,5.102522671194333
2204.8507430553436,3.8416298782773843,1,5.101085251258173
2204.9301817417145,3.8339881511416714,1,5.105397511066643
2205.008134841919,3.8543660901702417,1,5.093898151577388
2205.1016023159027,3.8390826358988086,1,5.102522671194333
2205.1931297779083,3.8390826358988086,1,5.102522671194333
2205.286880016327,3.8390826358988086,1,5.102522671194333
2205.378669977188,3.8263464240059513,1,5.109709770875119
2205.4588072299957,3.8263464240059513,1,5.109709770875119
2205.5521335601807,3.844177120655953,1,5.099647831322018
2205.6319196224213,3.8467243630345287,1,5.098210411385859
2205.7116758823395,3.8339881511416714,1,5.105397511066643
2205.804258584976,3.844177120655953,1,5.099647831322018
2205.881765127182,3.8390826358988086,1,5.102522671194333
2205.96040892601,3.8492716054130973,1,5.096772991449702
2206.0365302562714,3.851818847791673,1,5.095335571513543
2206.1148357391357,3.851818847791673,1,5.095335571513543
2206.1937160491943,3.8390826358988086,1,5.102522671194333
2206.2707035541534,3.851818847791673,1,5.095335571513543
2206.350615978241,3.8416298782773843,1,5.101085251258173
2206.42960524559,3.8390826358988086,1,5.102522671194333
2206.5084540843964,3.8492716054130973,1,5.096772991449702
2206.585507631302,3.8569133325488174,1,5.0924607316412285
2206.663010120392,3.8492716054130973,1,5.096772991449702
2206.787702560425,3.8620078173059618,1,5.0895858917689125
2206.864495754242,3.8569133325488174,1,5.0924607316412285
2206.9548683166504,3.867102302063099,1,5.086711051896602
2207.03173327446,3.844177120655953,1,5.099647831322018
2207.1090734004974,3.8492716054130973,1,5.096772991449702
2207.1859126091003,3.859460574927386,1,5.091023311705072
2207.278891801834,3.8416298782773843,1,5.101085251258173
2207.3905930519104,3.844177120655953,1,5.099647831322018
2207.4848601818085,3.8569133325488174,1,5.0924607316412285
2207.561835050583,3.844177120655953,1,5.099647831322018
2207.6395967006683,3.8569133325488174,1,5.0924607316412285
2207.7184913158417,3.8696495444416747,1,5.085273631960442
2207.7948186397552,3.851818847791673,1,5.095335571513543
2207.8720819950104,3.851818847791673,1,5.095335571513543
2207.949819803238,3.8467243630345287,1,5.098210411385859
2208.027479171753,3.8467243630345287,1,5.098210411385859
2208.120135307312,3.8569133325488174,1,5.0924607316412285
2208.1978199481964,3.8569133325488174,1,5.0924607316412285
2208.2763385772705,3.8314409087630956,1,5.106834931002803
2208.354778766632,3.8467243630345287,1,5.098210411385859
2208.4613976478577,3.8492716054130973,1,5.096772991449702
2208.539939403534,3.8467243630345287,1,5.098210411385859
2208.6176538467407,3.867102302063099,1,5.086711051896602
2208.6929371356964,3.844177120655953,1,5.099647831322018
2208.7720758914948,3.8569133325488174,1,5.0924607316412285
2208.8791460990906,3.851818847791673,1,5.095335571513543
2208.97074508667,3.8492716054130973,1,5.096772991449702
2209.0504591464996,3.859460574927386,1,5.091023311705072
2209.1265003681183,3.851818847791673,1,5.095335571513543
2209.2184512615204,3.8569133325488174,1,5.0924607316412285
2209.2955207824707,3.8569133325488174,1,5.0924607316412285
2209.3728902339935,3.8569133325488174,1,5.0924607316412285
2209.450503349304,3.867102302063099,1,5.086711051896602
2209.5438635349274,3.8492716054130973,1,5.096772991449702
2209.6199696063995,3.8645550596845304,1,5.088148471832758
2209.6986174583435,3.8645550596845304,1,5.088148471832758
2209.776629924774,3.851818847791673,1,5.095335571513543
2209.853018760681,3.8645550596845304,1,5.088148471832758
2209.9329931735992,3.8772912715773877,1,5.080961372151972
2210.01167178154,3.8645550596845304,1,5.088148471832758
2210.1180737018585,3.8772912715773877,1,5.080961372151972
2210.1964206695557,3.8620078173059618,1,5.0895858917689125
2210.275213956833,3.8569133325488174,1,5.0924607316412285
2210.368489265442,3.867102302063099,1,5.086711051896602
2210.44628238678,3.8543660901702417,1,5.093898151577388
2210.539032936096,3.867102302063099,1,5.086711051896602
2210.6347782611847,3.8696495444416747,1,5.085273631960442
2210.7305223941803,3.859460574927386,1,5.091023311705072
2210.823685646057,3.8620078173059618,1,5.0895858917689125
2210.902958869934,3.859460574927386,1,5.091023311705072
2210.981993198395,3.8772912715773877,1,5.080961372151972
2211.0598497390747,3.8645550596845304,1,5.088148471832758
2211.138067007065,3.8569133325488174,1,5.0924607316412285
2211.2157871723175,3.8696495444416747,1,5.085273631960442
2211.292000055313,3.8467243630345287,1,5.098210411385859
2211.37056350708,3.8569133325488174,1,5.0924607316412285
2211.4474699497223,3.8569133325488174,1,5.0924607316412285
2211.539943933487,3.8620078173059618,1,5.0895858917689125
2211.6187772750854,3.8696495444416747,1,5.085273631960442
2211.7264881134033,3.8569133325488174,1,5.0924607316412285
2211.838198661804,3.859460574927386,1,5.091023311705072
2211.9779303073883,3.8543660901702417,1,5.093898151577388
2212.055895805359,3.8620078173059618,1,5.0895858917689125
2212.1501653194427,3.8721967868202434,1,5.083836212024287
2212.243937730789,3.8696495444416747,1,5.085273631960442
2212.339680671692,3.8645550596845304,1,5.088148471832758
2212.4322929382324,3.8620078173059618,1,5.0895858917689125
2212.5270676612854,3.8569133325488174,1,5.0924607316412285
2212.620977163315,3.874744029198819,1,5.082398792088128
2212.6988623142242,3.8798385139559635,1,5.079523952215812
2212.778757095337,3.8645550596845304,1,5.088148471832758
2212.8555705547333,3.8721967868202434,1,5.083836212024287
2212.932371377945,3.8772912715773877,1,5.080961372151972
2213.0122849941254,3.8798385139559635,1,5.079523952215812
2213.0907356739044,3.867102302063099,1,5.086711051896602
2213.169417142868,3.859460574927386,1,5.091023311705072
2213.2483065128326,3.8696495444416747,1,5.085273631960442
2213.326455593109,3.8696495444416747,1,5.085273631960442
2213.402986049652,3.874744029198819,1,5.082398792088128
2213.4807579517365,3.8772912715773877,1,5.080961372151972
2213.558294057846,3.8721967868202434,1,5.083836212024287
2213.667098760605,3.867102302063099,1,5.086711051896602
2213.776791334152,3.859460574927386,1,5.091023311705072
2213.8546748161316,3.8696495444416747,1,5.085273631960442
2213.934587240219,3.8772912715773877,1,5.080961372151972
2214.012178659439,3.8798385139559635,1,5.079523952215812
2214.0905406475067,3.8569133325488174,1,5.0924607316412285
2214.1697018146515,3.8696495444416747,1,5.085273631960442
2214.248999595642,3.882385756334532,1,5.078086532279657
2214.3419740200043,3.8721967868202434,1,5.083836212024287
2214.4357256889343,3.867102302063099,1,5.086711051896602
2214.5424389839172,3.8645550596845304,1,5.088148471832758
2214.6511268615723,3.8772912715773877,1,5.080961372151972
2214.7286145687103,3.867102302063099,1,5.086711051896602
2214.8061048984528,3.8696495444416747,1,5.085273631960442
2214.8849556446075,3.8798385139559635,1,5.079523952215812
2214.9621810913086,3.874744029198819,1,5.082398792088128
2215.039571762085,3.874744029198819,1,5.082398792088128
2215.1187245845795,3.8772912715773877,1,5.080961372151972
2215.1973304748535,3.8721967868202434,1,5.083836212024287
2215.2758827209473,3.874744029198819,1,5.082398792088128
2215.3830411434174,3.8696495444416747,1,5.085273631960442
2215.4760444164276,3.8696495444416747,1,5.085273631960442
2215.5549750328064,3.8645550596845304,1,5.088148471832758
2215.633205652237,3.874744029198819,1,5.082398792088128
2215.7096934318542,3.8798385139559635,1,5.079523952215812
2215.7880663871765,3.8798385139559635,1,5.079523952215812
2215.8650727272034,3.884932998713108,1,5.076649112343498
2215.941713809967,3.8696495444416747,1,5.085273631960442
2216.050791978836,3.882385756334532,1,5.078086532279657
2216.142703771591,3.867102302063099,1,5.086711051896602
2216.222535610199,3.874744029198819,1,5.082398792088128
2216.3014063835144,3.8798385139559635,1,5.079523952215812
2216.4074189662933,3.8721967868202434,1,5.083836212024287
2216.499258518219,3.8798385139559635,1,5.079523952215812
2216.59228515625,3.8798385139559635,1,5.079523952215812
2216.686995983124,3.8696495444416747,1,5.085273631960442
2216.780795812607,3.8874802410916764,1,5.075211692407342
2216.8748726844788,3.8798385139559635,1,5.079523952215812
2216.9517402648926,3.892574725848821,1,5.0723368525350265
2217.0455203056335,3.8874802410916764,1,5.075211692407342
2217.2001643180847,3.8874802410916764,1,5.075211692407342
2217.3062212467194,3.890027483470252,1,5.073774272471182
2217.3838124275208,3.892574725848821,1,5.0723368525350265
2217.461567401886,3.8798385139559635,1,5.079523952215812
2217.5394032001495,3.874744029198819,1,5.082398792088128
2217.6186649799347,3.884932998713108,1,5.076649112343498
2217.6955490112305,3.884932998713108,1,5.076649112343498
2217.7740650177,3.8772912715773877,1,5.080961372151972
2217.8531918525696,3.890027483470252,1,5.073774272471182
2217.931007385254,3.892574725848821,1,5.0723368525350265
2218.008846759796,3.8798385139559635,1,5.079523952215812
2218.0878469944,3.8772912715773877,1,5.080961372151972
2218.167007923126,3.890027483470252,1,5.073774272471182
2218.259971857071,3.8798385139559635,1,5.079523952215812
2218.3397200107574,3.890027483470252,1,5.073774272471182
2218.4180517196655,3.892574725848821,1,5.0723368525350265
2218.494857311249,3.8874802410916764,1,5.075211692407342
2218.5739505290985,3.8772912715773877,1,5.080961372151972
2218.653170824051,3.884932998713108,1,5.076649112343498
2218.7293276786804,3.8874802410916764,1,5.075211692407342
2218.840315580368,3.8798385139559635,1,5.079523952215812
2218.91916680336,3.884932998713108,1,5.076649112343498
2218.99551486969,3.900216452984534,1,5.068024592726556
2219.0732283592224,3.890027483470252,1,5.073774272471182
2219.152586221695,3.892574725848821,1,5.0723368525350265
2219.2297818660736,3.8798385139559635,1,5.079523952215812
2219.3077676296234,3.900216452984534,1,5.068024592726556
2219.384647846222,3.8951219682273894,1,5.070899432598871
2219.462463617325,3.897669210605965,1,5.0694620126627115
2219.5416367053986,3.8798385139559635,1,5.079523952215812
2219.6184623241425,3.900216452984534,1,5.068024592726556
2219.6953291893005,3.900216452984534,1,5.068024592726556
2219.7742941379547,3.882385756334532,1,5.078086532279657
2219.8507499694824,3.8951219682273894,1,5.070899432598871
2219.927623987198,3.884932998713108,1,5.076649112343498
2220.007393360138,3.8798385139559635,1,5.079523952215812
2220.0843608379364,3.8951219682273894,1,5.070899432598871
2220.1598765850067,3.892574725848821,1,5.0723368525350265
2220.2377004623413,3.890027483470252,1,5.073774272471182
2220.313998222351,3.890027483470252,1,5.073774272471182
2220.3907599449158,3.8951219682273894,1,5.070899432598871
2220.5010669231415,3.8874802410916764,1,5.075211692407342
2220.594028711319,3.905310937741678,1,5.065149752854241
2220.687175989151,3.890027483470252,1,5.073774272471182
2220.7658009529114,3.9027636953631095,1,5.066587172790396
2220.841672182083,3.8798385139559635,1,5.079523952215812
2220.921045780182,3.890027483470252,1,5.073774272471182
2221.0160341262817,3.900216452984534,1,5.068024592726556
2221.093157529831,3.897669210605965,1,5.0694620126627115
2221.203873872757,3.8620078173059618,1,5.0895858917689125
2221.2822301387787,3.900216452984534,1,5.068024592726556
2221.3605082035065,3.8874802410916764,1,5.075211692407342
2221.4389674663544,3.905310937741678,1,5.065149752854241
2221.5178546905518,3.905310937741678,1,5.065149752854241
2221.59610581398,3.905310937741678,1,5.065149752854241
2221.6748003959656,3.905310937741678,1,5.065149752854241
2221.765589237213,3.9180471496345426,1,5.057962653173451
2221.8430037498474,3.892574725848821,1,5.0723368525350265
2221.9208500385284,3.897669210605965,1,5.0694620126627115
2221.9966094493866,3.905310937741678,1,5.065149752854241
2222.074586868286,3.884932998713108,1,5.076649112343498
2222.1839628219604,3.9129526648773982,1,5.060837493045766
2222.2617859840393,3.9027636953631095,1,5.066587172790396
2222.340641260147,3.900216452984534,1,5.068024592726556
2222.4179294109344,3.9129526648773982,1,5.060837493045766
2222.49391412735,3.900216452984534,1,5.068024592726556
2222.573098897934,3.8951219682273894,1,5.070899432598871
2222.6515305042267,3.890027483470252,1,5.073774272471182
2222.728378534317,3.897669210605965,1,5.0694620126627115
2222.8053925037384,3.9027636953631095,1,5.066587172790396
2222.8821358680725,3.9129526648773982,1,5.060837493045766
2222.959979057312,3.8951219682273894,1,5.070899432598871
2223.038563489914,3.892574725848821,1,5.0723368525350265
2223.1156463623047,3.8951219682273894,1,5.070899432598871
2223.1918790340424,3.9027636953631095,1,5.066587172790396
2223.270620584488,3.890027483470252,1,5.073774272471182
2223.3493757247925,3.9129526648773982,1,5.060837493045766
2223.4273402690887,3.905310937741678,1,5.065149752854241
2223.5064363479614,3.900216452984534,1,5.068024592726556
2223.5843505859375,3.8951219682273894,1,5.070899432598871
2223.6618773937225,3.9104054224988225,1,5.062274912981926
2223.7575006484985,3.907858180120254,1,5.063712332918081
2223.8374438285828,3.890027483470252,1,5.073774272471182
2223.913660287857,3.907858180120254,1,5.063712332918081
2223.990186691284,3.9104054224988225,1,5.062274912981926
2224.0839750766754,3.915499907255967,1,5.059400073109611
2224.1627871990204,3.907858180120254,1,5.063712332918081
2224.2414317131042,3.907858180120254,1,5.063712332918081
2224.319817304611,3.9129526648773982,1,5.060837493045766
2224.397959470749,3.905310937741678,1,5.065149752854241
2224.475663423538,3.907858180120254,1,5.063712332918081
2224.5529482364655,3.905310937741678,1,5.065149752854241
2224.6303527355194,3.9027636953631095,1,5.066587172790396
2224.707897424698,3.905310937741678,1,5.065149752854241
2224.7864706516266,3.9027636953631095,1,5.066587172790396
2224.864525079727,3.920594392013111,1,5.056525233237296
2224.942282676697,3.915499907255967,1,5.059400073109611
2225.020327806473,3.9104054224988225,1,5.062274912981926
2225.0993416309357,3.92314163439168,1,5.0550878133011405
2225.1772463321686,3.915499907255967,1,5.059400073109611
2225.2709271907806,3.900216452984534,1,5.068024592726556
2225.379644393921,3.920594392013111,1,5.056525233237296
2225.4570500850677,3.9027636953631095,1,5.066587172790396
2225.5328540802,3.9104054224988225,1,5.062274912981926
2225.61230969429,3.907858180120254,1,5.063712332918081
2225.6923077106476,3.915499907255967,1,5.059400073109611
2225.7691128253937,3.9104054224988225,1,5.062274912981926
2225.8482904434204,3.928236119148824,1,5.052212973428825
2225.9261507987976,3.9129526648773982,1,5.060837493045766
2226.0017251968384,3.9256888767702556,1,5.053650393364981
2226.0815992355347,3.920594392013111,1,5.056525233237296
2226.1596851348877,3.9256888767702556,1,5.053650393364981
2226.236760377884,3.9104054224988225,1,5.062274912981926
2226.3153734207153,3.9256888767702556,1,5.053650393364981
2226.393065214157,3.9180471496345426,1,5.057962653173451
2226.469915151596,3.9129526648773982,1,5.060837493045766
2226.54686999321,3.920594392013111,1,5.056525233237296
2226.6253011226654,3.920594392013111,1,5.056525233237296
2226.702080011368,3.9180471496345426,1,5.057962653173451
2226.7797327041626,3.928236119148824,1,5.052212973428825
2226.858785867691,3.9180471496345426,1,5.057962653173451
2226.9656262397766,3.92314163439168,1,5.0550878133011405
2227.041928768158,3.9256888767702556,1,5.053650393364981
2227.1208550930023,3.907858180120254,1,5.063712332918081
2227.1982038021088,3.928236119148824,1,5.052212973428825
2227.276380777359,3.9180471496345426,1,5.057962653173451
2227.353507757187,3.9307833615274,1,5.050775553492666
2227.432136774063,3.9358778462845443,1,5.047900713620351
2227.5330543518066,3.928236119148824,1,5.052212973428825
2227.6097140312195,3.928236119148824,1,5.052212973428825
2227.6859164237976,3.9180471496345426,1,5.057962653173451
2227.7649295330048,3.9180471496345426,1,5.057962653173451
2227.8408284187317,3.915499907255967,1,5.059400073109611
2227.9181973934174,3.92314163439168,1,5.0550878133011405
2227.9967453479767,3.9358778462845443,1,5.047900713620351
2228.074827194214,3.920594392013111,1,5.056525233237296
2228.1525287628174,3.915499907255967,1,5.059400073109611
2228.230984687805,3.928236119148824,1,5.052212973428825
2228.3076434135437,3.915499907255967,1,5.059400073109611
2228.386635541916,3.915499907255967,1,5.059400073109611
2228.4656567573547,3.9180471496345426,1,5.057962653173451
2228.5425822734833,3.9256888767702556,1,5.053650393364981
2228.65252661705,3.920594392013111,1,5.056525233237296
2228.7306888103485,3.9256888767702556,1,5.053650393364981
2228.8069784641266,3.9129526648773982,1,5.060837493045766
2228.8867514133453,3.915499907255967,1,5.059400073109611
2228.9659326076508,3.9307833615274,1,5.050775553492666
2229.0440351963043,3.9104054224988225,1,5.062274912981926
2229.122938156128,3.915499907255967,1,5.059400073109611
2229.201188325882,3.9180471496345426,1,5.057962653173451
2229.277357339859,3.9256888767702556,1,5.053650393364981
2229.3569827079773,3.9180471496345426,1,5.057962653173451
2229.4359204769135,3.9104054224988225,1,5.062274912981926
2229.511483669281,3.9180471496345426,1,5.057962653173451
2229.5903010368347,3.915499907255967,1,5.059400073109611
2229.6684396266937,3.92314163439168,1,5.0550878133011405
2229.761233329773,3.9307833615274,1,5.050775553492666
2229.8393318653107,3.9333306039059686,1,5.04933813355651
2229.916515827179,3.9307833615274,1,5.050775553492666
2229.992939710617,3.9307833615274,1,5.050775553492666
2230.071310520172,3.920594392013111,1,5.056525233237296
2230.1479511260986,3.9333306039059686,1,5.04933813355651
2230.2559337615967,3.92314163439168,1,5.0550878133011405
2230.332035779953,3.9307833615274,1,5.050775553492666
2230.4099712371826,3.9358778462845443,1,5.047900713620351
2230.4881813526154,3.920594392013111,1,5.056525233237296
2230.565316438675,3.92314163439168,1,5.0550878133011405
2230.6418633461,3.9333306039059686,1,5.04933813355651
2230.7198643684387,3.9256888767702556,1,5.053650393364981
2230.7986443042755,3.9256888767702556,1,5.053650393364981
2230.877574443817,3.9256888767702556,1,5.053650393364981
2230.9544925689697,3.915499907255967,1,5.059400073109611
2231.0324625968933,3.928236119148824,1,5.052212973428825
2231.1096732616425,3.9409723310416886,1,5.045025873748036
2231.188648223877,3.9256888767702556,1,5.053650393364981
2231.2667429447174,3.92314163439168,1,5.0550878133011405
2231.3429584503174,3.938425088663113,1,5.046463293684194
2231.4211122989655,3.920594392013111,1,5.056525233237296
2231.500783443451,3.9256888767702556,1,5.053650393364981
2231.5768597126007,3.928236119148824,1,5.052212973428825
2231.655083179474,3.928236119148824,1,5.052212973428825
2231.7324833869934,3.9307833615274,1,5.050775553492666
2231.8406989574432,3.9358778462845443,1,5.047900713620351
2231.918608903885,3.9409723310416886,1,5.045025873748036
2232.0003781318665,3.9358778462845443,1,5.047900713620351
2232.0921280384064,3.9358778462845443,1,5.047900713620351
2232.1713659763336,3.928236119148824,1,5.052212973428825
2232.2492167949677,3.9409723310416886,1,5.045025873748036
2232.3246994018555,3.9307833615274,1,5.050775553492666
2232.4167609214783,3.9256888767702556,1,5.053650393364981
2232.4940316677094,3.9409723310416886,1,5.045025873748036
2232.5700356960297,3.9409723310416886,1,5.045025873748036
2232.6482741832733,3.9307833615274,1,5.050775553492666
2232.727245569229,3.9409723310416886,1,5.045025873748036
2232.8049898147583,3.9435195734202573,1,5.04358845381188
2232.884902238846,3.9358778462845443,1,5.047900713620351
2232.9638254642487,3.9409723310416886,1,5.045025873748036
2233.0418140888214,3.9409723310416886,1,5.045025873748036
2233.118007183075,3.9409723310416886,1,5.045025873748036
2233.1963183879852,3.9511613005559703,1,5.03927619400341
2233.27441072464,3.961350270070259,1,5.03352651425878
2233.35422706604,3.9358778462845443,1,5.047900713620351
2233.463407278061,3.9358778462845443,1,5.047900713620351
2233.5409104824066,3.946066815798833,1,5.0421510338757205
2233.617500782013,3.9307833615274,1,5.050775553492666
2233.693328142166,3.946066815798833,1,5.0421510338757205
2233.771641254425,3.9409723310416886,1,5.045025873748036
2233.8497376441956,3.9409723310416886,1,5.045025873748036
2233.9265105724335,3.946066815798833,1,5.0421510338757205
2234.006407260895,3.9409723310416886,1,5.045025873748036
2234.08554148674,3.9435195734202573,1,5.04358845381188
2234.1634862422943,3.9511613005559703,1,5.03927619400341
2234.2412531375885,3.9511613005559703,1,5.03927619400341
2234.318328857422,3.9409723310416886,1,5.045025873748036
2234.39502453804,3.9435195734202573,1,5.04358845381188
2234.471949338913,3.953708542934546,1,5.03783877406725
2234.549891471863,3.9435195734202573,1,5.04358845381188
2234.626873254776,3.953708542934546,1,5.03783877406725
2234.7051436901093,3.9486140581774016,1,5.040713613939564
2234.7834179401398,3.938425088663113,1,5.046463293684194
2234.86075425148,3.9588030276916903,1,5.034963934194934
2234.9377851486206,3.9486140581774016,1,5.040713613939564
2235.047840118408,3.9435195734202573,1,5.04358845381188
2235.125435590744,3.9562557853131146,1,5.036401354131094
2235.202553510666,3.9511613005559703,1,5.03927619400341
2235.2806327342987,3.9409723310416886,1,5.045025873748036
2235.357508420944,3.9435195734202573,1,5.04358845381188
2235.436641216278,3.9511613005559703,1,5.03927619400341
2235.516427755356,3.938425088663113,1,5.046463293684194
2235.592360496521,3.9435195734202573,1,5.04358845381188
2235.670735359192,3.9409723310416886,1,5.045025873748036
2235.748453140259,3.9409723310416886,1,5.045025873748036
2235.825310945511,3.9562557853131146,1,5.036401354131094
2235.9029400348663,3.9333306039059686,1,5.04933813355651
2235.9815442562103,3.9588030276916903,1,5.034963934194934
2236.0576527118683,3.9511613005559703,1,5.03927619400341
2236.1338703632355,3.9511613005559703,1,5.03927619400341
2236.211995124817,3.953708542934546,1,5.03783877406725
2236.289246082306,3.9511613005559703,1,5.03927619400341
2236.3659222126007,3.938425088663113,1,5.046463293684194
2236.4459733963013,3.953708542934546,1,5.03783877406725
2236.52299451828,3.9409723310416886,1,5.045025873748036
2236.6025817394257,3.938425088663113,1,5.046463293684194
2236.711282014847,3.946066815798833,1,5.0421510338757205
2236.7902595996857,3.9511613005559703,1,5.03927619400341
2236.8680720329285,3.961350270070259,1,5.03352651425878
2236.9445798397064,3.9511613005559703,1,5.03927619400341
2237.022597551346,3.9486140581774016,1,5.040713613939564
2237.0999393463135,3.953708542934546,1,5.03783877406725
2237.1783924102783,3.9638975124488347,1,5.03208909432262
2237.256343126297,3.976633724341692,1,5.024901994641834
2237.333403110504,3.9588030276916903,1,5.034963934194934
2237.410394668579,3.968991997205979,1,5.029214254450304
2237.4874355793,3.961350270070259,1,5.03352651425878
2237.5654187202454,3.946066815798833,1,5.0421510338757205
2237.6439549922943,3.953708542934546,1,5.03783877406725
2237.7345638275146,3.9409723310416886,1,5.045025873748036
2237.813380718231,3.9511613005559703,1,5.03927619400341
2237.89089012146,3.961350270070259,1,5.03352651425878
2237.96874833107,3.968991997205979,1,5.029214254450304
2238.046246290207,3.9562557853131146,1,5.036401354131094
2238.1239380836487,3.9562557853131146,1,5.036401354131094
2238.2029824256897,3.9638975124488347,1,5.03208909432262
2238.312912464142,3.968991997205979,1,5.029214254450304
2238.3889784812927,3.961350270070259,1,5.03352651425878
2238.46888422966,3.9511613005559703,1,5.03927619400341
2238.548082590103,3.9511613005559703,1,5.03927619400341
2238.62508559227,3.9588030276916903,1,5.034963934194934
2238.7045435905457,3.9664447548274033,1,5.030651674386464
2238.7834918498993,3.9511613005559703,1,5.03927619400341
2238.8597338199615,3.9664447548274033,1,5.030651674386464
2238.9376018047333,3.9664447548274033,1,5.030651674386464
2239.015833377838,3.946066815798833,1,5.0421510338757205
2239.091931581497,3.9588030276916903,1,5.034963934194934
2239.17059469223,3.946066815798833,1,5.0421510338757205
2239.24848651886,3.9715392395845477,1,5.02777683451415
2239.3401889801025,3.9715392395845477,1,5.02777683451415
2239.418401002884,3.9562557853131146,1,5.036401354131094
2239.496354818344,3.9664447548274033,1,5.030651674386464
2239.573838710785,3.9715392395845477,1,5.02777683451415
2239.6530997753143,3.9562557853131146,1,5.036401354131094
2239.731191635132,3.961350270070259,1,5.03352651425878
2239.8083834648132,3.976633724341692,1,5.024901994641834
2239.9163649082184,3.9664447548274033,1,5.030651674386464
2240.0079395771027,3.9638975124488347,1,5.03208909432262
2240.086835861206,3.961350270070259,1,5.03352651425878
2240.1654093265533,3.9588030276916903,1,5.034963934194934
2240.241870880127,3.961350270070259,1,5.03352651425878
2240.3190343379974,3.961350270070259,1,5.03352651425878
2240.3973486423492,3.9740864819631234,1,5.02633941457799
2240.4740171432495,3.9664447548274033,1,5.030651674386464
2240.5510103702545,3.961350270070259,1,5.03352651425878
2240.6294510364532,3.9638975124488347,1,5.03208909432262
2240.706029653549,3.984275451477405,1,5.020589734833363
2240.7825648784637,3.9715392395845477,1,5.02777683451415
2240.859638929367,3.968991997205979,1,5.029214254450304
2240.935621738434,3.9638975124488347,1,5.03208909432262
2241.0133917331696,3.9791809667202678,1,5.023464574705674
2241.091691017151,3.976633724341692,1,5.024901994641834
2241.183452606201,3.9715392395845477,1,5.02777683451415
2241.277735233307,3.9791809667202678,1,5.023464574705674
2241.35479593277,3.9740864819631234,1,5.02633941457799
2241.430848121643,3.9740864819631234,1,5.02633941457799
2241.5387320518494,3.9791809667202678,1,5.023464574705674
2241.6150143146515,3.968991997205979,1,5.029214254450304
2241.6918563842773,3.9791809667202678,1,5.023464574705674
2241.7674770355225,3.9715392395845477,1,5.02777683451415
2241.844982624054,3.984275451477405,1,5.020589734833363
2241.9229125976562,3.9715392395845477,1,5.02777683451415
2242.0007586479187,3.9562557853131146,1,5.036401354131094
2242.07842874527,3.9817282090988364,1,5.022027154769519
2242.1535384655,3.976633724341692,1,5.024901994641834
2242.231509447098,3.961350270070259,1,5.03352651425878
2242.310495853424,3.9715392395845477,1,5.02777683451415
2242.402661561966,3.9664447548274033,1,5.030651674386464
2242.4799847602844,3.9868226938559808,1,5.0191523148972035
2242.5575864315033,3.9817282090988364,1,5.022027154769519
2242.635416507721,3.9562557853131146,1,5.036401354131094
2242.7143783569336,3.9664447548274033,1,5.030651674386464
2242.7907297611237,3.9817282090988364,1,5.022027154769519
2242.8690190315247,3.968991997205979,1,5.029214254450304
2242.9466552734375,3.9817282090988364,1,5.022027154769519
2243.0242331027985,3.9817282090988364,1,5.022027154769519
2243.134826183319,3.968991997205979,1,5.029214254450304
2243.2129123210907,3.9791809667202678,1,5.023464574705674
2243.2893574237823,3.9715392395845477,1,5.02777683451415
2243.365406513214,3.976633724341692,1,5.024901994641834
2243.4445128440857,3.9970116633702695,1,5.013402635152573
2243.53635764122,3.9740864819631234,1,5.02633941457799
2243.616183280945,3.9664447548274033,1,5.030651674386464
2243.6940455436707,3.9740864819631234,1,5.02633941457799
2243.785591840744,3.976633724341692,1,5.024901994641834
2243.864661693573,3.968991997205979,1,5.029214254450304
2243.9415900707245,3.991917178613125,1,5.016277475024889
2244.017733812332,3.976633724341692,1,5.024901994641834
2244.095511198044,3.9791809667202678,1,5.023464574705674
2244.1718032360077,3.9791809667202678,1,5.023464574705674
2244.2490537166595,3.976633724341692,1,5.024901994641834
2244.3255457878113,3.9715392395845477,1,5.02777683451415
2244.4036700725555,3.976633724341692,1,5.024901994641834
2244.481050014496,3.968991997205979,1,5.029214254450304
2244.5604152679443,3.991917178613125,1,5.016277475024889
2244.637879371643,3.9893699362345494,1,5.017714894961048
2244.7294974327087,3.9715392395845477,1,5.02777683451415
2244.839768886566,3.9893699362345494,1,5.017714894961048
2244.915576696396,3.9740864819631234,1,5.02633941457799
2244.992965221405,3.9893699362345494,1,5.017714894961048
2245.0716066360474,3.9791809667202678,1,5.023464574705674
2245.1466307640076,3.9817282090988364,1,5.022027154769519
2245.225200176239,3.9944644209916937,1,5.014840055088733
2245.3016085624695,3.968991997205979,1,5.029214254450304
2245.3783543109894,3.984275451477405,1,5.020589734833363
2245.4560780525208,3.9893699362345494,1,5.017714894961048
2245.5330607891083,3.9791809667202678,1,5.023464574705674
2245.609276533127,3.984275451477405,1,5.020589734833363
2245.6888790130615,3.9944644209916937,1,5.014840055088733
2245.798222064972,3.9817282090988364,1,5.022027154769519
2245.8749556541443,3.9944644209916937,1,5.014840055088733
2245.9539470672607,4.002106148127414,1,5.010527795280259
2246.0307886600494,3.9791809667202678,1,5.023464574705674
2246.106696128845,3.984275451477405,1,5.020589734833363
2246.1855158805847,3.9817282090988364,1,5.022027154769519
2246.2630281448364,3.976633724341692,1,5.024901994641834
2246.3409032821655,3.9944644209916937,1,5.014840055088733
2246.451681137085,3.984275451477405,1,5.020589734833363
2246.5281953811646,3.9893699362345494,1,5.017714894961048
2246.6061220169067,3.9893699362345494,1,5.017714894961048
2246.6840114593506,3.984275451477405,1,5.020589734833363
2246.7611076831818,3.976633724341692,1,5.024901994641834
2246.838520050049,3.991917178613125,1,5.016277475024889
2246.918392419815,3.984275451477405,1,5.020589734833363
2247.010541200638,3.9893699362345494,1,5.017714894961048
2247.0896093845367,3.991917178613125,1,5.016277475024889
2247.1671934127808,3.991917178613125,1,5.016277475024889
2247.2438101768494,3.999558905748838,1,5.011965215216418
2247.3234281539917,3.9970116633702695,1,5.013402635152573
2247.4008343219757,3.991917178613125,1,5.016277475024889
2247.4760563373566,3.991917178613125,1,5.016277475024889
2247.555243253708,4.002106148127414,1,5.010527795280259
2247.63428235054,4.002106148127414,1,5.010527795280259
2247.710549354553,3.9893699362345494,1,5.017714894961048
2247.7896773815155,3.9893699362345494,1,5.017714894961048
2247.867606163025,3.984275451477405,1,5.020589734833363
2247.9439146518707,4.002106148127414,1,5.010527795280259
2248.07008433342,4.0046533905059825,1,5.009090375344103
2248.1479082107544,3.991917178613125,1,5.016277475024889
2248.226007461548,3.9944644209916937,1,5.014840055088733
2248.301924228668,3.9970116633702695,1,5.013402635152573
2248.378816843033,3.9970116633702695,1,5.013402635152573
2248.4564571380615,3.9944644209916937,1,5.014840055088733
2248.5342667102814,3.9791809667202678,1,5.023464574705674
2248.611886024475,3.9970116633702695,1,5.013402635152573
2248.689760684967,3.9944644209916937,1,5.014840055088733
2248.768646478653,3.991917178613125,1,5.016277475024889
2248.8465554714203,3.984275451477405,1,5.020589734833363
2248.925640821457,3.999558905748838,1,5.011965215216418
2249.003071784973,3.9893699362345494,1,5.017714894961048
2249.0806777477264,3.9944644209916937,1,5.014840055088733
2249.157339334488,4.002106148127414,1,5.010527795280259
2249.249537706375,3.9944644209916937,1,5.014840055088733
2249.3261392116547,4.007200632884558,1,5.007652955407943
2249.405317544937,3.9868226938559808,1,5.0191523148972035
2249.483633041382,4.002106148127414,1,5.010527795280259
2249.5599155426025,4.0046533905059825,1,5.009090375344103
2249.668342590332,4.01738960239884,1,5.0019032756633175
2249.74703001976,4.007200632884558,1,5.007652955407943
2249.823803663254,4.0199368447774155,1,5.000465855727159
2249.9036061763763,4.012295117641695,1,5.004778115535633
2249.9818189144135,4.0046533905059825,1,5.009090375344103
2250.0583412647247,4.002106148127414,1,5.010527795280259
2250.1354134082794,4.0046533905059825,1,5.009090375344103
2250.2148628234863,4.009747875263127,1,5.006215535471789
2250.2906572818756,4.0199368447774155,1,5.000465855727159
2250.368590593338,4.012295117641695,1,5.004778115535633
2250.448396205902,4.007200632884558,1,5.007652955407943
2250.524250984192,4.007200632884558,1,5.007652955407943
2250.6038269996643,4.014842360020271,1,5.003340695599473
2250.6809220314026,3.9944644209916937,1,5.014840055088733
2250.7580950260162,4.009747875263127,1,5.006215535471789
2250.8352377414703,4.02503132953456,1,4.997591015854843
2250.9141891002655,3.9970116633702695,1,5.013402635152573
2250.990730047226,4.014842360020271,1,5.003340695599473
2251.070118665695,4.012295117641695,1,5.004778115535633
2251.149751663208,4.0199368447774155,1,5.000465855727159
2251.2577912807465,4.002106148127414,1,5.010527795280259
2251.334936618805,4.01738960239884,1,5.0019032756633175
2251.4118826389313,3.999558905748838,1,5.011965215216418
2251.5056335926056,4.01738960239884,1,5.0019032756633175
2251.5819189548492,4.01738960239884,1,5.0019032756633175
2251.6582725048065,4.0275785719131285,1,4.996153595918687
2251.7366383075714,4.032673056670273,1,4.993278756046372
2251.8149535655975,4.0046533905059825,1,5.009090375344103
2251.8920426368713,4.009747875263127,1,5.006215535471789
2251.96883225441,4.032673056670273,1,4.993278756046372
2252.046801328659,4.007200632884558,1,5.007652955407943
2252.123673439026,4.032673056670273,1,4.993278756046372
2252.2008187770844,4.0199368447774155,1,5.000465855727159
2252.279045820236,4.012295117641695,1,5.004778115535633
2252.3562405109406,4.0275785719131285,1,4.996153595918687
2252.435600757599,4.022484087155984,1,4.999028435791002
2252.514675617218,4.01738960239884,1,5.0019032756633175
2252.590744972229,4.032673056670273,1,4.993278756046372
2252.669661283493,4.032673056670273,1,4.993278756046372
2252.7495617866516,4.0199368447774155,1,5.000465855727159
2252.826339483261,4.0199368447774155,1,5.000465855727159
2252.9347925186157,4.030125814291704,1,4.9947161759825285
2253.013948202133,4.012295117641695,1,5.004778115535633
2253.0906162261963,4.007200632884558,1,5.007652955407943
2253.169993877411,4.022484087155984,1,4.999028435791002
2253.2499418258667,4.0199368447774155,1,5.000465855727159
2253.3259913921356,4.009747875263127,1,5.006215535471789
2253.402071237564,4.02503132953456,1,4.997591015854843
2253.4802861213684,4.009747875263127,1,5.006215535471789
2253.5559101104736,4.01738960239884,1,5.0019032756633175
2253.6330955028534,4.014842360020271,1,5.003340695599473
2253.7123432159424,4.032673056670273,1,4.993278756046372
2253.8040387630463,4.01738960239884,1,5.0019032756633175
2253.883992910385,4.035220299048849,1,4.9918413361102125
2253.9630801677704,4.009747875263127,1,5.006215535471789
2254.0396411418915,4.032673056670273,1,4.993278756046372
2254.1168146133423,4.022484087155984,1,4.999028435791002
2254.195728302002,4.0275785719131285,1,4.996153595918687
2254.272960662842,4.01738960239884,1,5.0019032756633175
2254.350682735443,4.0275785719131285,1,4.996153595918687
2254.4296946525574,4.012295117641695,1,5.004778115535633
2254.5364124774933,4.0275785719131285,1,4.996153595918687
2254.614099740982,4.012295117641695,1,5.004778115535633
2254.6906399726868,4.02503132953456,1,4.997591015854843
2254.7678575515747,4.01738960239884,1,5.0019032756633175
2254.8455204963684,4.030125814291704,1,4.9947161759825285
2254.9377913475037,4.030125814291704,1,4.9947161759825285
2255.0151093006134,4.022484087155984,1,4.999028435791002
2255.0934731960297,4.014842360020271,1,5.003340695599473
2255.1696994304657,4.022484087155984,1,4.999028435791002
2255.2487115859985,4.012295117641695,1,5.004778115535633
2255.3258068561554,4.01738960239884,1,5.0019032756633175
2255.402039051056,4.02503132953456,1,4.997591015854843
2255.481333255768,4.012295117641695,1,5.004778115535633
2255.5594198703766,4.009747875263127,1,5.006215535471789
2255.634504556656,4.030125814291704,1,4.9947161759825285
2255.7118661403656,4.014842360020271,1,5.003340695599473
2255.790871143341,4.0199368447774155,1,5.000465855727159
2255.866456747055,4.035220299048849,1,4.9918413361102125
2255.9458117485046,4.01738960239884,1,5.0019032756633175
2256.025599718094,4.022484087155984,1,4.999028435791002
2256.131451845169,4.012295117641695,1,5.004778115535633
2256.210615634918,4.032673056670273,1,4.993278756046372
2256.289268016815,4.040314783805986,1,4.988966496237902
2256.3661489486694,4.037767541427417,1,4.990403916174057
2256.441293478012,4.01738960239884,1,5.0019032756633175
2256.5193643569946,4.030125814291704,1,4.9947161759825285
2256.594945192337,4.014842360020271,1,5.003340695599473
2256.674814224243,4.01738960239884,1,5.0019032756633175
2256.7537512779236,4.0275785719131285,1,4.996153595918687
2256.829674243927,4.022484087155984,1,4.999028435791002
2256.9067578315735,4.032673056670273,1,4.993278756046372
2256.9861149787903,4.035220299048849,1,4.9918413361102125
2257.063127040863,4.0199368447774155,1,5.000465855727159
2257.140401124954,4.040314783805986,1,4.988966496237902
2257.218192100525,4.032673056670273,1,4.993278756046372
2257.310300588608,4.02503132953456,1,4.997591015854843
2257.3892345428467,4.030125814291704,1,4.9947161759825285
2257.4672198295593,4.032673056670273,1,4.993278756046372
2257.543300151825,4.02503132953456,1,4.997591015854843
2257.6208958625793,4.037767541427417,1,4.990403916174057
2257.729150533676,4.022484087155984,1,4.999028435791002
2257.8068795204163,4.040314783805986,1,4.988966496237902
2257.884991645813,4.047956510941706,1,4.984654236429427
2257.9611163139343,4.032673056670273,1,4.993278756046372
2258.0392355918884,4.040314783805986,1,4.988966496237902
2258.119167804718,4.042862026184562,1,4.987529076301742
2258.193848848343,4.0275785719131285,1,4.996153595918687
2258.2726356983185,4.042862026184562,1,4.987529076301742
2258.3661267757416,4.05305099569885,1,4.981779396557112
2258.4417383670807,4.030125814291704,1,4.9947161759825285
2258.520140171051,4.042862026184562,1,4.987529076301742
2258.597913980484,4.04540926856313,1,4.986091656365587
2258.6739251613617,4.0275785719131285,1,4.996153595918687
2258.753268480301,4.040314783805986,1,4.988966496237902
2258.830979347229,4.04540926856313,1,4.986091656365587
2258.9064269065857,4.037767541427417,1,4.990403916174057
2258.9838058948517,4.040314783805986,1,4.988966496237902
2259.0626921653748,4.030125814291704,1,4.9947161759825285
2259.138505458832,4.04540926856313,1,4.986091656365587
2259.214919090271,4.042862026184562,1,4.987529076301742
2259.3251943588257,4.02503132953456,1,4.997591015854843
2259.4037375450134,4.04540926856313,1,4.986091656365587
2259.483518600464,4.047956510941706,1,4.984654236429427
2259.5612671375275,4.05305099569885,1,4.981779396557112
2259.638977766037,4.037767541427417,1,4.990403916174057
2259.7162210941315,4.040314783805986,1,4.988966496237902
2259.7949364185333,4.042862026184562,1,4.987529076301742
2259.873059272766,4.040314783805986,1,4.988966496237902
2259.9526131153107,4.05305099569885,1,4.981779396557112
2260.0317389965057,4.047956510941706,1,4.984654236429427
2260.109110593796,4.032673056670273,1,4.993278756046372
2260.1875038146973,4.047956510941706,1,4.984654236429427
2260.265667438507,4.050503753320275,1,4.983216816493272
2260.343313217163,4.040314783805986,1,4.988966496237902
2260.421423435211,4.042862026184562,1,4.987529076301742
2260.497610807419,4.042862026184562,1,4.987529076301742
2260.5899472236633,4.037767541427417,1,4.990403916174057
2260.683837890625,4.047956510941706,1,4.984654236429427
2260.760529279709,4.02503132953456,1,4.997591015854843
2260.8398382663727,4.042862026184562,1,4.987529076301742
2260.916953086853,4.055598238077419,1,4.980341976620957
2261.025079011917,4.030125814291704,1,4.9947161759825285
2261.102607488632,4.063239965213139,1,4.976029716812482
2261.1808338165283,4.047956510941706,1,4.984654236429427
2261.2570838928223,4.040314783805986,1,4.988966496237902
2261.3508327007294,4.050503753320275,1,4.983216816493272
2261.4276275634766,4.042862026184562,1,4.987529076301742
2261.519386291504,4.055598238077419,1,4.980341976620957
2261.597147703171,4.04540926856313,1,4.986091656365587
2261.6755652427673,4.035220299048849,1,4.9918413361102125
2261.7673320770264,4.042862026184562,1,4.987529076301742
2261.843329191208,4.050503753320275,1,4.983216816493272
2261.9207186698914,4.060692722834563,1,4.977467136748642
2261.997178554535,4.042862026184562,1,4.987529076301742
2262.077068090439,4.047956510941706,1,4.984654236429427
2262.153830766678,4.060692722834563,1,4.977467136748642
2262.230921268463,4.055598238077419,1,4.980341976620957
2262.30974316597,4.063239965213139,1,4.976029716812482
2262.38702917099,4.058145480455995,1,4.978904556684797
2262.464807987213,4.055598238077419,1,4.980341976620957
2262.5432608127594,4.05305099569885,1,4.981779396557112
2262.650279045105,4.063239965213139,1,4.976029716812482
2262.7282695770264,4.042862026184562,1,4.987529076301742
2262.8070266246796,4.058145480455995,1,4.978904556684797
2262.898742198944,4.060692722834563,1,4.977467136748642
2262.9763536453247,4.058145480455995,1,4.978904556684797
2263.054216861725,4.050503753320275,1,4.983216816493272
2263.131102323532,4.058145480455995,1,4.978904556684797
2263.20915722847,4.047956510941706,1,4.984654236429427
2263.286949157715,4.05305099569885,1,4.981779396557112
2263.362746477127,4.055598238077419,1,4.980341976620957
2263.4385430812836,4.04540926856313,1,4.986091656365587
2263.5173478126526,4.058145480455995,1,4.978904556684797
2263.594127893448,4.060692722834563,1,4.977467136748642
2263.6719195842743,4.055598238077419,1,4.980341976620957
2263.751706600189,4.068334449970276,1,4.973154876940171
2263.827503681183,4.04540926856313,1,4.986091656365587
2263.907290697098,4.050503753320275,1,4.983216816493272
2263.9986844062805,4.060692722834563,1,4.977467136748642
2264.075713157654,4.047956510941706,1,4.984654236429427
2264.153797149658,4.065787207591708,1,4.9745922968763265
2264.2628059387207,4.055598238077419,1,4.980341976620957
2264.3413128852844,4.070881692348852,1,4.9717174570040115
2264.4362330436707,4.063239965213139,1,4.976029716812482
2264.5114908218384,4.055598238077419,1,4.980341976620957
2264.590833425522,4.04540926856313,1,4.986091656365587
2264.6692554950714,4.05305099569885,1,4.981779396557112
2264.744681596756,4.058145480455995,1,4.978904556684797
2264.8232259750366,4.060692722834563,1,4.977467136748642
2264.9009885787964,4.065787207591708,1,4.9745922968763265
2264.977623939514,4.05305099569885,1,4.981779396557112
2265.056469678879,4.060692722834563,1,4.977467136748642
2265.1340181827545,4.065787207591708,1,4.9745922968763265
2265.210916519165,4.060692722834563,1,4.977467136748642
2265.2908334732056,4.058145480455995,1,4.978904556684797
2265.368453502655,4.05305099569885,1,4.981779396557112
2265.444225549698,4.047956510941706,1,4.984654236429427
2265.523052215576,4.050503753320275,1,4.983216816493272
2265.6016795635223,4.065787207591708,1,4.9745922968763265
2265.677305459976,4.058145480455995,1,4.978904556684797
2265.7551579475403,4.05305099569885,1,4.981779396557112
2265.8660333156586,4.058145480455995,1,4.978904556684797
2265.9430932998657,4.05305099569885,1,4.981779396557112
2266.0214359760284,4.063239965213139,1,4.976029716812482
2266.099490880966,4.065787207591708,1,4.9745922968763265
2266.176415205002,4.05305099569885,1,4.981779396557112
2266.2542901039124,4.058145480455995,1,4.978904556684797
2266.330273628235,4.063239965213139,1,4.976029716812482
2266.406414747238,4.060692722834563,1,4.977467136748642
2266.4850454330444,4.075976177105996,1,4.968842617131696
2266.5622301101685,4.063239965213139,1,4.976029716812482
2266.6397743225098,4.070881692348852,1,4.9717174570040115
2266.717830657959,4.070881692348852,1,4.9717174570040115
2266.796630859375,4.063239965213139,1,4.976029716812482
2266.874106645584,4.073428934727421,1,4.970280037067855
2266.953255176544,4.063239965213139,1,4.976029716812482
2267.0303423404694,4.073428934727421,1,4.970280037067855
2267.107565879822,4.063239965213139,1,4.976029716812482
2267.1859629154205,4.058145480455995,1,4.978904556684797
2267.265244245529,4.065787207591708,1,4.9745922968763265
2267.3418707847595,4.060692722834563,1,4.977467136748642
2267.450690984726,4.070881692348852,1,4.9717174570040115
2267.526736021042,4.078523419484565,1,4.967405197195541
2267.6049349308014,4.058145480455995,1,4.978904556684797
2267.6832308769226,4.075976177105996,1,4.968842617131696
2267.759861946106,4.073428934727421,1,4.970280037067855
2267.8378767967224,4.070881692348852,1,4.9717174570040115
2267.916596889496,4.070881692348852,1,4.9717174570040115
2268.0085690021515,4.078523419484565,1,4.967405197195541
2268.1026344299316,4.068334449970276,1,4.973154876940171
2268.1817321777344,4.073428934727421,1,4.970280037067855
2268.257437467575,4.073428934727421,1,4.970280037067855
2268.335944890976,4.075976177105996,1,4.968842617131696
2268.4159395694733,4.078523419484565,1,4.967405197195541
2268.506730079651,4.091259631377429,1,4.960218097514751
2268.6007606983185,4.083617904241709,1,4.964530357323225
2268.677396774292,4.073428934727421,1,4.970280037067855
2268.75629901886,4.073428934727421,1,4.970280037067855
2268.835680246353,4.065787207591708,1,4.9745922968763265
2268.9130532741547,4.083617904241709,1,4.964530357323225
2268.9902606010437,4.073428934727421,1,4.970280037067855
2269.0675625801086,4.075976177105996,1,4.968842617131696
2269.1758921146393,4.078523419484565,1,4.967405197195541
2269.2541337013245,4.065787207591708,1,4.9745922968763265
2269.333946466446,4.078523419484565,1,4.967405197195541
2269.41087269783,4.078523419484565,1,4.967405197195541
2269.489223718643,4.083617904241709,1,4.964530357323225
2269.566687822342,4.081070661863141,1,4.965967777259381
2269.6425540447235,4.086165146620285,1,4.963092937387066
2269.736272096634,4.088712388998854,1,4.961655517450911
2269.8139946460724,4.091259631377429,1,4.960218097514751
2269.890277862549,4.078523419484565,1,4.967405197195541
2269.9673476219177,4.096354116134567,1,4.9573432576424405
2270.060492038727,4.086165146620285,1,4.963092937387066
2270.1526329517365,4.086165146620285,1,4.963092937387066
2270.229368686676,4.083617904241709,1,4.964530357323225
2270.321061372757,4.096354116134567,1,4.9573432576424405
2270.3998959064484,4.096354116134567,1,4.9573432576424405
2270.4788851737976,4.088712388998854,1,4.961655517450911
2270.5551121234894,4.065787207591708,1,4.9745922968763265
2270.6330709457397,4.101448600891711,1,4.954468417770125
2270.711014986038,4.086165146620285,1,4.963092937387066
2270.8197593688965,4.070881692348852,1,4.9717174570040115
2270.8987815380096,4.086165146620285,1,4.963092937387066
2270.9769291877747,4.083617904241709,1,4.964530357323225
2271.053064584732,4.088712388998854,1,4.961655517450911
2271.1329078674316,4.088712388998854,1,4.961655517450911
2271.2105960845947,4.078523419484565,1,4.967405197195541
2271.2878108024597,4.083617904241709,1,4.964530357323225
2271.364187002182,4.091259631377429,1,4.960218097514751
2271.44304561615,4.081070661863141,1,4.965967777259381
2271.5195574760437,4.073428934727421,1,4.970280037067855
2271.59712934494,4.088712388998854,1,4.961655517450911
2271.6734273433685,4.075976177105996,1,4.968842617131696
2271.750167131424,4.083617904241709,1,4.964530357323225
2271.827419757843,4.078523419484565,1,4.967405197195541
2271.9051852226257,4.078523419484565,1,4.967405197195541
2271.9959444999695,4.091259631377429,1,4.960218097514751
2272.0744156837463,4.070881692348852,1,4.9717174570040115
2272.151863336563,4.083617904241709,1,4.964530357323225
2272.2295503616333,4.086165146620285,1,4.963092937387066
2272.30957198143,4.088712388998854,1,4.961655517450911
2272.403975248337,4.070881692348852,1,4.9717174570040115
2272.4831125736237,4.096354116134567,1,4.9573432576424405
2272.5622911453247,4.093806873755998,1,4.958780677578595
2272.6400258541107,4.091259631377429,1,4.960218097514751
2272.7170021533966,4.086165146620285,1,4.963092937387066
2272.79688000679,4.101448600891711,1,4.954468417770125
2272.8750293254852,4.093806873755998,1,4.958780677578595
2272.9529418945312,4.081070661863141,1,4.965967777259381
2273.031886577606,4.093806873755998,1,4.958780677578595
2273.12441945076,4.093806873755998,1,4.958780677578595
2273.2011184692383,4.101448600891711,1,4.954468417770125
2273.2949459552765,4.093806873755998,1,4.958780677578595
2273.3705105781555,4.088712388998854,1,4.961655517450911
2273.4485437870026,4.103995843270287,1,4.953030997833965
2273.526561975479,4.086165146620285,1,4.963092937387066
2273.6037986278534,4.093806873755998,1,4.958780677578595
2273.6829323768616,4.103995843270287,1,4.953030997833965
2273.761278629303,4.103995843270287,1,4.953030997833965
2273.837025642395,4.093806873755998,1,4.958780677578595
2273.915182352066,4.1141848127845755,1,4.947281318089335
2274.0251338481903,4.091259631377429,1,4.960218097514751
2274.1009299755096,4.093806873755998,1,4.958780677578595
2274.1779396533966,4.1141848127845755,1,4.947281318089335
2274.255224466324,4.093806873755998,1,4.958780677578595
2274.331734418869,4.098901358513142,1,4.955905837706281
2274.411775827408,4.093806873755998,1,4.958780677578595
2274.489349126816,4.081070661863141,1,4.965967777259381
2274.5653393268585,4.093806873755998,1,4.958780677578595
2274.643760204315,4.103995843270287,1,4.953030997833965
2274.721641778946,4.096354116134567,1,4.9573432576424405
2274.797703742981,4.098901358513142,1,4.955905837706281
2274.875783920288,4.111637570406,1,4.9487187380254944
2274.9529688358307,4.103995843270287,1,4.953030997833965
2275.029911994934,4.103995843270287,1,4.953030997833965
2275.108922958374,4.106543085648855,1,4.95159357789781
2275.1869604587555,4.093806873755998,1,4.958780677578595
2275.2629311084747,4.101448600891711,1,4.954468417770125
2275.342730998993,4.103995843270287,1,4.953030997833965
2275.4344375133514,4.088712388998854,1,4.961655517450911
2275.510643005371,4.091259631377429,1,4.960218097514751
2275.6220688819885,4.1141848127845755,1,4.947281318089335
2275.698614358902,4.1141848127845755,1,4.947281318089335
2275.775990962982,4.106543085648855,1,4.95159357789781
2275.855113506317,4.101448600891711,1,4.954468417770125
2275.930710554123,4.109090328027431,1,4.950156157961651
2276.0089626312256,4.109090328027431,1,4.950156157961651
2276.0872707366943,4.1141848127845755,1,4.947281318089335
2276.162954568863,4.1141848127845755,1,4.947281318089335
2276.2416241168976,4.093806873755998,1,4.958780677578595
2276.320187807083,4.098901358513142,1,4.955905837706281
2276.3960394859314,4.116732055163144,1,4.94584389815318
2276.4753160476685,4.111637570406,1,4.9487187380254944
2276.555177927017,4.106543085648855,1,4.95159357789781
2276.630832195282,4.1141848127845755,1,4.947281318089335
2276.7076909542084,4.093806873755998,1,4.958780677578595
2276.785713672638,4.103995843270287,1,4.953030997833965
2276.861529111862,4.101448600891711,1,4.954468417770125
2276.938624858856,4.103995843270287,1,4.953030997833965
2277.016633272171,4.124373782298857,1,4.941531638344709
2277.093104362488,4.101448600891711,1,4.954468417770125
2277.170707464218,4.101448600891711,1,4.954468417770125
2277.2814536094666,4.1218265399202885,1,4.942969058280864
2277.358938217163,4.111637570406,1,4.9487187380254944
2277.4386727809906,4.111637570406,1,4.9487187380254944
2277.5162465572357,4.103995843270287,1,4.953030997833965
2277.5930099487305,4.103995843270287,1,4.953030997833965
2277.6718561649323,4.106543085648855,1,4.95159357789781
2277.7485587596893,4.106543085648855,1,4.95159357789781
2277.826106786728,4.109090328027431,1,4.950156157961651
2277.903084039688,4.111637570406,1,4.9487187380254944
2277.9811596870422,4.1218265399202885,1,4.942969058280864
2278.0575218200684,4.109090328027431,1,4.950156157961651
2278.135817527771,4.103995843270287,1,4.953030997833965
2278.2135503292084,4.11927929754172,1,4.9444064782170205
2278.290795326233,4.1218265399202885,1,4.942969058280864
2278.369644641876,4.093806873755998,1,4.958780677578595
2278.448622941971,4.1294682670560015,1,4.938656798472394
2278.524040222168,4.1141848127845755,1,4.947281318089335
2278.616720199585,4.1218265399202885,1,4.942969058280864
2278.694576740265,4.1141848127845755,1,4.947281318089335
2278.7719690799713,4.1141848127845755,1,4.947281318089335
2278.8813667297363,4.1218265399202885,1,4.942969058280864
2278.9571948051453,4.116732055163144,1,4.94584389815318
2279.034286737442,4.1218265399202885,1,4.942969058280864
2279.1129519939423,4.132015509434577,1,4.937219378536234
2279.1897270679474,4.106543085648855,1,4.95159357789781
2279.26776099205,4.126921024677433,1,4.94009421840855
2279.346774816513,4.1294682670560015,1,4.938656798472394
2279.4376726150513,4.1141848127845755,1,4.947281318089335
2279.5157899856567,4.124373782298857,1,4.941531638344709
2279.5948424339294,4.134562751813146,1,4.935781958600079
2279.6698195934296,4.111637570406,1,4.9487187380254944
2279.7486770153046,4.1294682670560015,1,4.938656798472394
2279.8277406692505,4.132015509434577,1,4.937219378536234
2279.902829885483,4.111637570406,1,4.9487187380254944
2279.9966576099396,4.1294682670560015,1,4.938656798472394
2280.0748801231384,4.111637570406,1,4.9487187380254944
2280.1514732837677,4.124373782298857,1,4.941531638344709
2280.228833436966,4.126921024677433,1,4.94009421840855
2280.3206737041473,4.1141848127845755,1,4.947281318089335
2280.3971123695374,4.1218265399202885,1,4.942969058280864
2280.5044803619385,4.126921024677433,1,4.94009421840855
2280.580681324005,4.134562751813146,1,4.935781958600079
2280.657381296158,4.124373782298857,1,4.941531638344709
2280.7361631393433,4.124373782298857,1,4.941531638344709
2280.812847852707,4.13965723657029,1,4.932907118727764
2280.889070749283,4.1141848127845755,1,4.947281318089335
2280.9661297798157,4.134562751813146,1,4.935781958600079
2281.0439829826355,4.1371099941917215,1,4.93434453866392
2281.120527267456,4.124373782298857,1,4.941531638344709
2281.198422193527,4.1294682670560015,1,4.938656798472394
2281.2750718593597,4.132015509434577,1,4.937219378536234
2281.3513185977936,4.126921024677433,1,4.94009421840855
2281.430776119232,4.134562751813146,1,4.935781958600079
2281.5078997612,4.1371099941917215,1,4.93434453866392
2281.5837972164154,4.132015509434577,1,4.937219378536234
2281.6629617214203,4.1447517213274345,1,4.930032278855449
2281.739800930023,4.124373782298857,1,4.941531638344709
2281.8160920143127,4.132015509434577,1,4.937219378536234
2281.894957304001,4.126921024677433,1,4.94009421840855
2281.9718339443207,4.1218265399202885,1,4.942969058280864
2282.0806274414062,4.134562751813146,1,4.935781958600079
2282.1579909324646,4.124373782298857,1,4.941531638344709
2282.249608039856,4.124373782298857,1,4.941531638344709
2282.3275525569916,4.1371099941917215,1,4.93434453866392
2282.4045922756195,4.1294682670560015,1,4.938656798472394
2282.4805788993835,4.142204478948866,1,4.931469698791604
2282.559597969055,4.142204478948866,1,4.931469698791604
2282.6384375095367,4.1294682670560015,1,4.938656798472394
2282.7142493724823,4.1447517213274345,1,4.930032278855449
2282.792293548584,4.1294682670560015,1,4.938656798472394
2282.871165037155,4.13965723657029,1,4.932907118727764
2282.948485136032,4.132015509434577,1,4.937219378536234
2283.026488304138,4.132015509434577,1,4.937219378536234
2283.103970527649,4.132015509434577,1,4.937219378536234
2283.1800253391266,4.13965723657029,1,4.932907118727764
2283.258462667465,4.1218265399202885,1,4.942969058280864
2283.3373997211456,4.13965723657029,1,4.932907118727764
2283.414202928543,4.13965723657029,1,4.932907118727764
2283.4933018684387,4.1447517213274345,1,4.930032278855449
2283.570787191391,4.124373782298857,1,4.941531638344709
2283.67822933197,4.149846206084579,1,4.927157438983134
2283.7560665607452,4.142204478948866,1,4.931469698791604
2283.832996606827,4.134562751813146,1,4.935781958600079
2283.9101855754852,4.14729896370601,1,4.92859485891929
2283.989002943039,4.134562751813146,1,4.935781958600079
2284.0658349990845,4.134562751813146,1,4.935781958600079
2284.1568727493286,4.1447517213274345,1,4.930032278855449
2284.233990430832,4.13965723657029,1,4.932907118727764
2284.3107612133026,4.142204478948866,1,4.931469698791604
2284.389072418213,4.124373782298857,1,4.941531638344709
2284.4680392742157,4.134562751813146,1,4.935781958600079
2284.5440831184387,4.1523934484631475,1,4.925720019046978
2284.6213099956512,4.14729896370601,1,4.92859485891929
2284.6977965831757,4.14729896370601,1,4.92859485891929
2284.775137424469,4.1523934484631475,1,4.925720019046978
2284.852384328842,4.149846206084579,1,4.927157438983134
2284.931738615036,4.14729896370601,1,4.92859485891929
2285.0082330703735,4.14729896370601,1,4.92859485891929
2285.086270570755,4.13965723657029,1,4.932907118727764
2285.1649918556213,4.149846206084579,1,4.927157438983134
2285.2408657073975,4.1371099941917215,1,4.93434453866392
2285.3488516807556,4.13965723657029,1,4.932907118727764
2285.4266850948334,4.149846206084579,1,4.927157438983134
2285.5037763118744,4.13965723657029,1,4.932907118727764
2285.580763578415,4.162582417977436,1,4.919970339302348
2285.659948348999,4.13965723657029,1,4.932907118727764
2285.737114429474,4.126921024677433,1,4.94009421840855
2285.814635038376,4.154940690841723,1,4.924282599110819
2285.893367290497,4.1447517213274345,1,4.930032278855449
2285.9707210063934,4.1447517213274345,1,4.930032278855449
2286.0481424331665,4.149846206084579,1,4.927157438983134
2286.1266078948975,4.1447517213274345,1,4.930032278855449
2286.2026200294495,4.13965723657029,1,4.932907118727764
2286.280118703842,4.167676902734581,1,4.917095499430033
2286.3573439121246,4.154940690841723,1,4.924282599110819
2286.434642314911,4.1447517213274345,1,4.930032278855449
2286.5143191814423,4.149846206084579,1,4.927157438983134
2286.5932898521423,4.13965723657029,1,4.932907118727764
2286.6697731018066,4.13965723657029,1,4.932907118727764
2286.7474262714386,4.149846206084579,1,4.927157438983134
2286.8264513015747,4.154940690841723,1,4.924282599110819
2286.933315038681,4.154940690841723,1,4.924282599110819
2287.0130007267,4.14729896370601,1,4.92859485891929
2287.0897290706635,4.142204478948866,1,4.931469698791604
2287.1665740013123,4.149846206084579,1,4.927157438983134
2287.245360136032,4.157487933220292,1,4.922845179174663
2287.322115421295,4.149846206084579,1,4.927157438983134
2287.3981449604034,4.160035175598868,1,4.9214077592385035
2287.47598695755,4.160035175598868,1,4.9214077592385035
2287.552985906601,4.154940690841723,1,4.924282599110819
2287.630808353424,4.160035175598868,1,4.9214077592385035
2287.708729505539,4.162582417977436,1,4.919970339302348
2287.7858548164368,4.154940690841723,1,4.924282599110819
2287.8618669509888,4.157487933220292,1,4.922845179174663
2287.9416406154633,4.14729896370601,1,4.92859485891929
2288.01930642128,4.157487933220292,1,4.922845179174663
2288.0939695835114,4.1523934484631475,1,4.925720019046978
2288.1731691360474,4.160035175598868,1,4.9214077592385035
2288.250436782837,4.142204478948866,1,4.931469698791604
2288.3283817768097,4.160035175598868,1,4.9214077592385035
2288.4070661067963,4.14729896370601,1,4.92859485891929
2288.5151393413544,4.154940690841723,1,4.924282599110819
2288.5926263332367,4.167676902734581,1,4.917095499430033
2288.6703152656555,4.14729896370601,1,4.92859485891929
2288.748279571533,4.149846206084579,1,4.927157438983134
2288.8249390125275,4.154940690841723,1,4.924282599110819
2288.9034988880157,4.149846206084579,1,4.927157438983134
2288.980798482895,4.162582417977436,1,4.919970339302348
2289.058071374893,4.165129660356012,1,4.918532919366188
2289.135146379471,4.154940690841723,1,4.924282599110819
2289.211681842804,4.149846206084579,1,4.927157438983134
2289.304219007492,4.157487933220292,1,4.922845179174663
2289.3829238414764,4.160035175598868,1,4.9214077592385035
2289.4602427482605,4.162582417977436,1,4.919970339302348
2289.5381467342377,4.154940690841723,1,4.924282599110819
2289.6161172389984,4.157487933220292,1,4.922845179174663
2289.693578481674,4.167676902734581,1,4.917095499430033
2289.771788597107,4.149846206084579,1,4.927157438983134
2289.8498904705048,4.149846206084579,1,4.927157438983134
2289.9253747463226,4.165129660356012,1,4.918532919366188
2290.001258611679,4.14729896370601,1,4.92859485891929
2290.1111278533936,4.165129660356012,1,4.918532919366188
2290.1898181438446,4.154940690841723,1,4.924282599110819
2290.269674539566,4.160035175598868,1,4.9214077592385035
2290.3477334976196,4.167676902734581,1,4.917095499430033
2290.4253849983215,4.157487933220292,1,4.922845179174663
2290.503407239914,4.170224145113156,1,4.915658079493873
2290.5795097351074,4.154940690841723,1,4.924282599110819
2290.65660738945,4.162582417977436,1,4.919970339302348
2290.7359731197357,4.1523934484631475,1,4.925720019046978
2290.812926054001,4.162582417977436,1,4.919970339302348
2290.8904418945312,4.157487933220292,1,4.922845179174663
2290.9843776226044,4.149846206084579,1,4.927157438983134
2291.0622429847717,4.180413114627438,1,4.909908399749248
2291.140158891678,4.162582417977436,1,4.919970339302348
2291.2194447517395,4.175318629870301,1,4.912783239621558
2291.2970020771027,4.162582417977436,1,4.919970339302348
2291.3747425079346,4.172771387491725,1,4.914220659557718
2291.4516916275024,4.157487933220292,1,4.922845179174663
2291.528448820114,4.172771387491725,1,4.914220659557718
2291.6056015491486,4.172771387491725,1,4.914220659557718
2291.7005817890167,4.177865872248869,1,4.911345819685403
2291.77641582489,4.185507599384582,1,4.907033559876933
2291.8539369106293,4.162582417977436,1,4.919970339302348
2291.9329290390015,4.177865872248869,1,4.911345819685403
2292.0101256370544,4.170224145113156,1,4.915658079493873
2292.086639881134,4.160035175598868,1,4.9214077592385035
2292.165148973465,4.177865872248869,1,4.911345819685403
2292.2418508529663,4.177865872248869,1,4.911345819685403
2292.319633960724,4.170224145113156,1,4.915658079493873
2292.3984825611115,4.165129660356012,1,4.918532919366188
2292.4907047748566,4.175318629870301,1,4.912783239621558
2292.5686905384064,4.172771387491725,1,4.914220659557718
2292.6471543312073,4.188054841763158,1,4.905596139940773
2292.7237236499786,4.188054841763158,1,4.905596139940773
2292.8014154434204,4.175318629870301,1,4.912783239621558
2292.8785367012024,4.172771387491725,1,4.914220659557718
2292.9545061588287,4.175318629870301,1,4.912783239621558
2293.0337727069855,4.172771387491725,1,4.914220659557718
2293.1127791404724,4.180413114627438,1,4.909908399749248
2293.1887078285217,4.165129660356012,1,4.918532919366188
2293.2667438983917,4.165129660356012,1,4.918532919366188
2293.3762204647064,4.172771387491725,1,4.914220659557718
2293.4538657665253,4.162582417977436,1,4.919970339302348
2293.5306873321533,4.175318629870301,1,4.912783239621558
2293.6085057258606,4.190602084141727,1,4.9041587200046175
2293.684081554413,4.172771387491725,1,4.914220659557718
2293.7631447315216,4.190602084141727,1,4.9041587200046175
2293.840713262558,4.185507599384582,1,4.907033559876933
2293.9182291030884,4.185507599384582,1,4.907033559876933
2293.996069908142,4.182960357006014,1,4.908470979813088
2294.0742571353912,4.188054841763158,1,4.905596139940773
2294.1519520282745,4.172771387491725,1,4.914220659557718
2294.231794118881,4.165129660356012,1,4.918532919366188
2294.3097999095917,4.185507599384582,1,4.907033559876933
2294.3875970840454,4.182960357006014,1,4.908470979813088
2294.4670984745026,4.175318629870301,1,4.912783239621558
2294.5440368652344,4.200791053656015,1,4.898409040259987
2294.6217041015625,4.193149326520302,1,4.902721300068458
2294.699651002884,4.180413114627438,1,4.909908399749248
2294.777060508728,4.188054841763158,1,4.905596139940773
2294.8688180446625,4.182960357006014,1,4.908470979813088
2294.9787616729736,4.185507599384582,1,4.907033559876933
2295.0538198947906,4.177865872248869,1,4.911345819685403
2295.130788087845,4.193149326520302,1,4.902721300068458
2295.2093136310577,4.185507599384582,1,4.907033559876933
2295.2853660583496,4.172771387491725,1,4.914220659557718
2295.3639183044434,4.195696568898871,1,4.901283880132302
2295.441777229309,4.185507599384582,1,4.907033559876933
2295.517779111862,4.182960357006014,1,4.908470979813088
2295.5939519405365,4.182960357006014,1,4.908470979813088
2295.6738908290863,4.185507599384582,1,4.907033559876933
2295.7507462501526,4.180413114627438,1,4.909908399749248
2295.8276903629303,4.198243811277447,1,4.899846460196143
2295.9055411815643,4.182960357006014,1,4.908470979813088
2295.9975135326385,4.193149326520302,1,4.902721300068458
2296.076818227768,4.185507599384582,1,4.907033559876933
2296.1539561748505,4.185507599384582,1,4.907033559876933
2296.230379343033,4.190602084141727,1,4.9041587200046175
2296.30939912796,4.190602084141727,1,4.9041587200046175
2296.3886704444885,4.185507599384582,1,4.907033559876933
2296.4658093452454,4.198243811277447,1,4.899846460196143
2296.561155319214,4.195696568898871,1,4.901283880132302
2296.6382734775543,4.195696568898871,1,4.901283880132302
2296.716301202774,4.188054841763158,1,4.905596139940773
2296.793911218643,4.203338296034591,1,4.896971620323828
2296.8708007335663,4.185507599384582,1,4.907033559876933
2296.947900056839,4.200791053656015,1,4.898409040259987
2297.027724981308,4.193149326520302,1,4.902721300068458
2297.104989528656,4.20588553841316,1,4.895534200387672
2297.1809475421906,4.195696568898871,1,4.901283880132302
2297.2593462467194,4.193149326520302,1,4.902721300068458
2297.3359565734863,4.175318629870301,1,4.912783239621558
2297.412870168686,4.198243811277447,1,4.899846460196143
2297.49072933197,4.203338296034591,1,4.896971620323828
2297.5684056282043,4.182960357006014,1,4.908470979813088
2297.645878314972,4.182960357006014,1,4.908470979813088
2297.725088596344,4.195696568898871,1,4.901283880132302
2297.8017313480377,4.20588553841316,1,4.895534200387672
2297.8783864974976,4.200791053656015,1,4.898409040259987
2297.95770406723,4.203338296034591,1,4.896971620323828
2298.035356283188,4.198243811277447,1,4.899846460196143
2298.143368244171,4.198243811277447,1,4.899846460196143
2298.2381291389465,4.216074507927448,1,4.889784520643042
2298.3291573524475,4.208432780791728,1,4.894096780451516
2298.407670021057,4.203338296034591,1,4.896971620323828
2298.484863758087,4.198243811277447,1,4.899846460196143
2298.561591863632,4.195696568898871,1,4.901283880132302
2298.639652490616,4.198243811277447,1,4.899846460196143
2298.7174201011658,4.208432780791728,1,4.894096780451516
2298.794855594635,4.213527265548873,1,4.891221940579202
2298.8734526634216,4.213527265548873,1,4.891221940579202
2298.950712442398,4.198243811277447,1,4.899846460196143
2299.027528524399,4.218621750306017,1,4.888347100706886
2299.1056773662567,4.20588553841316,1,4.895534200387672
2299.1842243671417,4.198243811277447,1,4.899846460196143
2299.2608268260956,4.216074507927448,1,4.889784520643042
2299.3403573036194,4.208432780791728,1,4.894096780451516
2299.4172978401184,4.203338296034591,1,4.896971620323828
2299.4939363002777,4.221168992684593,1,4.886909680770727
2299.573568582535,4.213527265548873,1,4.891221940579202
2299.6508827209473,4.208432780791728,1,4.894096780451516
2299.758226633072,4.216074507927448,1,4.889784520643042
2299.8347957134247,4.20588553841316,1,4.895534200387672
2299.9125871658325,4.226263477441737,1,4.884034840898412
2299.9901955127716,4.221168992684593,1,4.886909680770727
2300.0699634552,4.195696568898871,1,4.901283880132302
2300.1478090286255,4.200791053656015,1,4.898409040259987
2300.225439786911,4.216074507927448,1,4.889784520643042
2300.302894592285,4.20588553841316,1,4.895534200387672
2300.37961435318,4.200791053656015,1,4.898409040259987
2300.4574480056763,4.213527265548873,1,4.891221940579202
2300.5527975559235,4.208432780791728,1,4.894096780451516
2300.6307141780853,4.208432780791728,1,4.894096780451516
2300.708622932434,4.210980023170304,1,4.892659360515357
2300.785816669464,4.213527265548873,1,4.891221940579202
2300.8630516529083,4.203338296034591,1,4.896971620323828
2300.940943002701,4.198243811277447,1,4.899846460196143
2301.018252134323,4.193149326520302,1,4.902721300068458
2301.0947670936584,4.218621750306017,1,4.888347100706886
2301.1710307598114,4.221168992684593,1,4.886909680770727
2301.2500188350677,4.210980023170304,1,4.892659360515357
2301.3265805244446,4.216074507927448,1,4.889784520643042
2301.4360225200653,4.216074507927448,1,4.889784520643042
2301.511931180954,4.216074507927448,1,4.889784520643042
2301.588795900345,4.221168992684593,1,4.886909680770727
2301.681579351425,4.208432780791728,1,4.894096780451516
2301.7594175338745,4.213527265548873,1,4.891221940579202
2301.8368532657623,4.226263477441737,1,4.884034840898412
2301.914660692215,4.216074507927448,1,4.889784520643042
2301.9916112422943,4.216074507927448,1,4.889784520643042
2302.0686881542206,4.208432780791728,1,4.894096780451516
2302.1477291584015,4.20588553841316,1,4.895534200387672
2302.2249579429626,4.216074507927448,1,4.889784520643042
2302.3010635375977,4.210980023170304,1,4.892659360515357
2302.3758058547974,4.2313579621988815,1,4.881160001026097
2302.4545273780823,4.226263477441737,1,4.884034840898412
2302.5315520763397,4.203338296034591,1,4.896971620323828
2302.610693693161,4.226263477441737,1,4.884034840898412
2302.6867547035217,4.228810719820306,1,4.882597420962256
2302.762619495392,4.218621750306017,1,4.888347100706886
2302.8419754505157,4.221168992684593,1,4.886909680770727
2302.91920876503,4.218621750306017,1,4.888347100706886
2303.025772333145,4.223716235063161,1,4.885472260834572
2303.1048815250397,4.2389996893345945,1,4.876847741217626
2303.181773662567,4.216074507927448,1,4.889784520643042
2303.258753299713,4.226263477441737,1,4.884034840898412
2303.33859872818,4.226263477441737,1,4.884034840898412
2303.4306361675262,4.213527265548873,1,4.891221940579202
2303.507424592972,4.23390520457745,1,4.879722581089942
2303.5859384536743,4.226263477441737,1,4.884034840898412
2303.662873983383,4.228810719820306,1,4.882597420962256
2303.738530397415,4.223716235063161,1,4.885472260834572
2303.8164088726044,4.2313579621988815,1,4.881160001026097
2303.8918459415436,4.2313579621988815,1,4.881160001026097
2303.983681678772,4.210980023170304,1,4.892659360515357
2304.0618138313293,4.23390520457745,1,4.879722581089942
2304.1388845443726,4.226263477441737,1,4.884034840898412
2304.2152767181396,4.228810719820306,1,4.882597420962256
2304.2942657470703,4.23390520457745,1,4.879722581089942
2304.370636701584,4.228810719820306,1,4.882597420962256
2304.448330640793,4.213527265548873,1,4.891221940579202
2304.525721311569,4.23390520457745,1,4.879722581089942
2304.6323425769806,4.228810719820306,1,4.882597420962256
2304.7106428146362,4.226263477441737,1,4.884034840898412
2304.7876884937286,4.23390520457745,1,4.879722581089942
2304.8644556999207,4.226263477441737,1,4.884034840898412
2304.9439153671265,4.226263477441737,1,4.884034840898412
2305.0236847400665,4.236452446956019,1,4.878285161153785
2305.116006374359,4.23390520457745,1,4.879722581089942
2305.1952788829803,4.221168992684593,1,4.886909680770727
2305.287973880768,4.23390520457745,1,4.879722581089942
2305.364600419998,4.218621750306017,1,4.888347100706886
2305.4430413246155,4.2313579621988815,1,4.881160001026097
2305.5206282138824,4.236452446956019,1,4.878285161153785
2305.5974876880646,4.226263477441737,1,4.884034840898412
2305.6765851974487,4.2313579621988815,1,4.881160001026097
2305.7535927295685,4.226263477441737,1,4.884034840898412
2305.829789876938,4.216074507927448,1,4.889784520643042
2305.9062600135803,4.228810719820306,1,4.882597420962256
2305.982961177826,4.228810719820306,1,4.882597420962256
2306.0593428611755,4.236452446956019,1,4.878285161153785
2306.1387050151825,4.2313579621988815,1,4.881160001026097
2306.2485592365265,4.223716235063161,1,4.885472260834572
2306.326448917389,4.23390520457745,1,4.879722581089942
2306.4042484760284,4.23390520457745,1,4.879722581089942
2306.4810314178467,4.236452446956019,1,4.878285161153785
2306.5575721263885,4.2466414164703075,1,4.872535481409155
2306.636240720749,4.23390520457745,1,4.879722581089942
2306.7130076885223,4.228810719820306,1,4.882597420962256
2306.7906970977783,4.2313579621988815,1,4.881160001026097
2306.8698546886444,4.2466414164703075,1,4.872535481409155
2306.945966243744,4.2389996893345945,1,4.876847741217626
2307.0239250659943,4.236452446956019,1,4.878285161153785
2307.1030921936035,4.256830385984596,1,4.866785801664525
2307.181087732315,4.228810719820306,1,4.882597420962256
2307.2569692134857,4.249188658848883,1,4.8710980614729955
2307.335720062256,4.241546931713163,1,4.875410321281471
2307.4281418323517,4.228810719820306,1,4.882597420962256
2307.5072162151337,4.2466414164703075,1,4.872535481409155
2307.5868158340454,4.236452446956019,1,4.878285161153785
2307.6630437374115,4.244094174091739,1,4.8739729013453115
2307.740263223648,4.244094174091739,1,4.8739729013453115
2307.849898338318,4.241546931713163,1,4.875410321281471
2307.926050186157,4.244094174091739,1,4.8739729013453115
2308.0049698352814,4.236452446956019,1,4.878285161153785
2308.081309556961,4.226263477441737,1,4.884034840898412
2308.1584062576294,4.241546931713163,1,4.875410321281471
2308.2365062236786,4.249188658848883,1,4.8710980614729955
2308.3132140636444,4.226263477441737,1,4.884034840898412
2308.390053510666,4.249188658848883,1,4.8710980614729955
2308.498883962631,4.228810719820306,1,4.882597420962256
2308.575831890106,4.241546931713163,1,4.875410321281471
2308.6530368328094,4.236452446956019,1,4.878285161153785
2308.7298085689545,4.236452446956019,1,4.878285161153785
2308.806711435318,4.2466414164703075,1,4.872535481409155
2308.8833796977997,4.241546931713163,1,4.875410321281471
2308.963260412216,4.241546931713163,1,4.875410321281471
2309.0413784980774,4.228810719820306,1,4.882597420962256
2309.118866443634,4.236452446956019,1,4.878285161153785
2309.1974408626556,4.2466414164703075,1,4.872535481409155
2309.2748579978943,4.236452446956019,1,4.878285161153785
2309.35090136528,4.2542831436060276,1,4.868223221600681
2309.4291043281555,4.23390520457745,1,4.879722581089942
2309.5372819900513,4.2542831436060276,1,4.868223221600681
2309.615068912506,4.251735901227452,1,4.869660641536841
2309.691912651062,4.2466414164703075,1,4.872535481409155
2309.7691385746,4.259377628363172,1,4.865348381728365
2309.846251964569,4.2542831436060276,1,4.868223221600681
2309.9243054389954,4.256830385984596,1,4.866785801664525
2309.9993913173676,4.251735901227452,1,4.869660641536841
2310.0775361061096,4.244094174091739,1,4.8739729013453115
2310.1561694145203,4.2695665978774535,1,4.85959870198374
2310.2336897850037,4.2389996893345945,1,4.876847741217626
2310.3121597766876,4.2466414164703075,1,4.872535481409155
2310.3909497261047,4.2542831436060276,1,4.868223221600681
2310.4671330451965,4.2466414164703075,1,4.872535481409155
2310.5462164878845,4.2466414164703075,1,4.872535481409155
2310.637309074402,4.256830385984596,1,4.866785801664525
2310.7148785591125,4.244094174091739,1,4.8739729013453115
2310.79407787323,4.241546931713163,1,4.875410321281471
2310.871867418289,4.256830385984596,1,4.866785801664525
2310.9491641521454,4.244094174091739,1,4.8739729013453115
2311.0291242599487,4.251735901227452,1,4.869660641536841
2311.1381804943085,4.259377628363172,1,4.865348381728365
2311.2141621112823,4.244094174091739,1,4.8739729013453115
2311.292642354965,4.2466414164703075,1,4.872535481409155
2311.3688402175903,4.2542831436060276,1,4.868223221600681
2311.4454901218414,4.241546931713163,1,4.875410321281471
2311.525463819504,4.251735901227452,1,4.869660641536841
2311.6027143001556,4.264472113120309,1,4.862473541856055
2311.6798536777496,4.251735901227452,1,4.869660641536841
2311.758419752121,4.259377628363172,1,4.865348381728365
2311.8354020118713,4.264472113120309,1,4.862473541856055
2311.9291656017303,4.249188658848883,1,4.8710980614729955
2312.0081191062927,4.2542831436060276,1,4.868223221600681
2312.0839784145355,4.256830385984596,1,4.866785801664525
2312.162655353546,4.251735901227452,1,4.869660641536841
2312.2567253112793,4.2619248707417405,1,4.863910961792211
2312.3328115940094,4.244094174091739,1,4.8739729013453115
2312.4089846611023,4.259377628363172,1,4.865348381728365
2312.4860010147095,4.272113840256029,1,4.858161282047581
2312.563627719879,4.251735901227452,1,4.869660641536841
2312.640640258789,4.264472113120309,1,4.862473541856055
2312.748682975769,4.264472113120309,1,4.862473541856055
2312.8256759643555,4.264472113120309,1,4.862473541856055
2312.9038219451904,4.277208325013174,1,4.855286442175265
2312.981659889221,4.249188658848883,1,4.8710980614729955
2313.0594758987427,4.2619248707417405,1,4.863910961792211
2313.1385428905487,4.264472113120309,1,4.862473541856055
2313.216648340225,4.272113840256029,1,4.858161282047581
2313.2926259040833,4.2619248707417405,1,4.863910961792211
2313.3703560829163,4.279755567391742,1,4.8538490222391095
2313.4478545188904,4.2695665978774535,1,4.85959870198374
2313.525269508362,4.264472113120309,1,4.862473541856055
2313.6018781661987,4.267019355498885,1,4.861036121919895
2313.678384780884,4.274661082634598,1,4.856723862111425
2313.7549521923065,4.279755567391742,1,4.8538490222391095
2313.834492444992,4.2695665978774535,1,4.85959870198374
2313.911926984787,4.264472113120309,1,4.862473541856055
2313.9890851974487,4.284850052148887,1,4.8509741823667945
2314.066198825836,4.277208325013174,1,4.855286442175265
2314.143171310425,4.2695665978774535,1,4.85959870198374
2314.220174074173,4.277208325013174,1,4.855286442175265
2314.3289334774017,4.259377628363172,1,4.865348381728365
2314.4055790901184,4.274661082634598,1,4.856723862111425
2314.483011007309,4.272113840256029,1,4.858161282047581
2314.5609002113342,4.267019355498885,1,4.861036121919895
2314.6385390758514,4.267019355498885,1,4.861036121919895
2314.7155640125275,4.267019355498885,1,4.861036121919895
2314.794153213501,4.264472113120309,1,4.862473541856055
2314.87101149559,4.277208325013174,1,4.855286442175265
2314.948976993561,4.2695665978774535,1,4.85959870198374
2315.028957128525,4.264472113120309,1,4.862473541856055
2315.105895280838,4.282302809770318,1,4.852411602302951
2315.1827807426453,4.277208325013174,1,4.855286442175265
2315.2611558437347,4.264472113120309,1,4.862473541856055
2315.353907585144,4.277208325013174,1,4.855286442175265
2315.431878089905,4.259377628363172,1,4.865348381728365
2315.508994579315,4.267019355498885,1,4.861036121919895
2315.5857338905334,4.274661082634598,1,4.856723862111425
2315.6644129753113,4.256830385984596,1,4.866785801664525
2315.7406888008118,4.284850052148887,1,4.8509741823667945
2315.8186712265015,4.284850052148887,1,4.8509741823667945
2315.9266455173492,4.272113840256029,1,4.858161282047581
2316.0046787261963,4.287397294527462,1,4.849536762430635
2316.0806403160095,4.277208325013174,1,4.855286442175265
2316.1580011844635,4.274661082634598,1,4.856723862111425
2316.233944416046,4.287397294527462,1,4.849536762430635
2316.3098151683807,4.282302809770318,1,4.852411602302951
2316.3883435726166,4.287397294527462,1,4.849536762430635
2316.479090452194,4.279755567391742,1,4.8538490222391095
2316.5555028915405,4.297586264041744,1,4.843787082686009
2316.634040594101,4.287397294527462,1,4.849536762430635
2316.711949825287,4.277208325013174,1,4.855286442175265
2316.7899610996246,4.284850052148887,1,4.8509741823667945
2316.8659443855286,4.284850052148887,1,4.8509741823667945
2316.9419202804565,4.277208325013174,1,4.855286442175265
2317.018858909607,4.279755567391742,1,4.8538490222391095
2317.0967853069305,4.284850052148887,1,4.8509741823667945
2317.174307346344,4.289944536906031,1,4.848099342494479
2317.250225543976,4.289944536906031,1,4.848099342494479
2317.32790517807,4.295039021663175,1,4.845224502622164
2317.4069497585297,4.2924917792846,1,4.846661922558324
2317.4841849803925,4.287397294527462,1,4.849536762430635
2317.59596824646,4.264472113120309,1,4.862473541856055
2317.671970844269,4.287397294527462,1,4.849536762430635
2317.7491030693054,4.289944536906031,1,4.848099342494479
2317.826793193817,4.284850052148887,1,4.8509741823667945
2317.9039628505707,4.2924917792846,1,4.846661922558324
2317.9818370342255,4.277208325013174,1,4.855286442175265
2318.061068534851,4.2924917792846,1,4.846661922558324
2318.137417078018,4.279755567391742,1,4.8538490222391095
2318.2136528491974,4.284850052148887,1,4.8509741823667945
2318.291814804077,4.2695665978774535,1,4.85959870198374
2318.369796037674,4.2924917792846,1,4.846661922558324
2318.4474835395813,4.287397294527462,1,4.849536762430635
2318.525669813156,4.282302809770318,1,4.852411602302951
2318.604554414749,4.289944536906031,1,4.848099342494479
2318.6816489696503,4.2924917792846,1,4.846661922558324
2318.7775325775146,4.284850052148887,1,4.8509741823667945
2318.85297870636,4.30013350642032,1,4.842349662749849
2318.930365085602,4.284850052148887,1,4.8509741823667945
2319.0100367069244,4.277208325013174,1,4.855286442175265
2319.087215423584,4.30013350642032,1,4.842349662749849
2319.1951475143433,4.287397294527462,1,4.849536762430635
2319.2718901634216,4.289944536906031,1,4.848099342494479
2319.349092721939,4.295039021663175,1,4.845224502622164
2319.428282022476,4.279755567391742,1,4.8538490222391095
2319.5048422813416,4.302680748798888,1,4.840912242813694
2319.5806398391724,4.2542831436060276,1,4.868223221600681
2319.6565306186676,4.302680748798888,1,4.840912242813694
2319.734937429428,4.287397294527462,1,4.849536762430635
2319.812421798706,4.284850052148887,1,4.8509741823667945
2319.8907523155212,4.2924917792846,1,4.846661922558324
2319.969098329544,4.30013350642032,1,4.842349662749849
2320.044790506363,4.279755567391742,1,4.8538490222391095
2320.124021291733,4.305227991177464,1,4.839474822877534
2320.2009127140045,4.307775233556033,1,4.838037402941379
2320.27783370018,4.295039021663175,1,4.845224502622164
2320.355666399002,4.302680748798888,1,4.840912242813694
2320.432839155197,4.302680748798888,1,4.840912242813694
2320.5101749897003,4.305227991177464,1,4.839474822877534
2320.588823080063,4.305227991177464,1,4.839474822877534
2320.66748714447,4.295039021663175,1,4.845224502622164
2320.7752161026,4.315416960691753,1,4.833725143132904
2320.854608297348,4.305227991177464,1,4.839474822877534
2320.931253671646,4.310322475934608,1,4.836599983005219
2321.009060382843,4.2924917792846,1,4.846661922558324
2321.0869414806366,4.323058687827466,1,4.829412883324434
2321.1631371974945,4.295039021663175,1,4.845224502622164
2321.2394201755524,4.302680748798888,1,4.840912242813694
2321.317673444748,4.30013350642032,1,4.842349662749849
2321.394205570221,4.2924917792846,1,4.846661922558324
2321.4709293842316,4.2924917792846,1,4.846661922558324
2321.5628142356873,4.297586264041744,1,4.843787082686009
2321.6545374393463,4.312869718313177,1,4.835162563069064
2321.7323298454285,4.297586264041744,1,4.843787082686009
2321.808331489563,4.297586264041744,1,4.843787082686009
2321.885908603668,4.307775233556033,1,4.838037402941379
2321.978219270706,4.305227991177464,1,4.839474822877534
2322.0579073429108,4.289944536906031,1,4.848099342494479
2322.1336557865143,4.317964203070321,1,4.832287723196749
2322.210741519928,4.295039021663175,1,4.845224502622164
2322.2887427806854,4.307775233556033,1,4.838037402941379
2322.3809809684753,4.295039021663175,1,4.845224502622164
2322.4598841667175,4.310322475934608,1,4.836599983005219
2322.537773370743,4.307775233556033,1,4.838037402941379
2322.627415418625,4.30013350642032,1,4.842349662749849
2322.7059626579285,4.307775233556033,1,4.838037402941379
2322.782833337784,4.307775233556033,1,4.838037402941379
2322.859640598297,4.302680748798888,1,4.840912242813694
2322.937485933304,4.312869718313177,1,4.835162563069064
2323.0137310028076,4.305227991177464,1,4.839474822877534
2323.1050407886505,4.315416960691753,1,4.833725143132904
2323.182898759842,4.30013350642032,1,4.842349662749849
2323.2916071414948,4.305227991177464,1,4.839474822877534
2323.3864500522614,4.317964203070321,1,4.832287723196749
2323.4642684459686,4.317964203070321,1,4.832287723196749
2323.5394604206085,4.32051144544889,1,4.830850303260593
2323.6165676116943,4.312869718313177,1,4.835162563069064
2323.6957087516785,4.30013350642032,1,4.842349662749849
2323.7720499038696,4.315416960691753,1,4.833725143132904
2323.849283218384,4.307775233556033,1,4.838037402941379
2323.925218820572,4.295039021663175,1,4.845224502622164
2324.030681371689,4.30013350642032,1,4.842349662749849
2324.1095933914185,4.315416960691753,1,4.833725143132904
2324.187638759613,4.317964203070321,1,4.832287723196749
2324.2646214962006,4.315416960691753,1,4.833725143132904
2324.342111825943,4.307775233556033,1,4.838037402941379
2324.4202978610992,4.32051144544889,1,4.830850303260593
2324.495584011078,4.305227991177464,1,4.839474822877534
2324.5905179977417,4.297586264041744,1,4.843787082686009
2324.6822707653046,4.317964203070321,1,4.832287723196749
2324.8050565719604,4.307775233556033,1,4.838037402941379
2324.955676317215,4.310322475934608,1,4.836599983005219
2325.0667366981506,4.317964203070321,1,4.832287723196749
2325.1594882011414,4.307775233556033,1,4.838037402941379
2325.267307281494,4.325605930206034,1,4.827975463388277
2325.4041092395782,4.317964203070321,1,4.832287723196749
2325.5584518909454,4.32051144544889,1,4.830850303260593
2325.6641368865967,4.315416960691753,1,4.833725143132904
2325.7557258605957,4.32815317258461,1,4.826538043452119
2325.8345654010773,4.330700414963179,1,4.825100623515963
2325.925325870514,4.323058687827466,1,4.829412883324434
2326.0190403461456,4.32815317258461,1,4.826538043452119
2326.142955303192,4.330700414963179,1,4.825100623515963
2326.220411300659,4.325605930206034,1,4.827975463388277
2326.297206401825,4.32051144544889,1,4.830850303260593
2326.372845888138,4.333247657341754,1,4.8236632035798035
2326.449194908142,4.32815317258461,1,4.826538043452119
2326.5272195339203,4.317964203070321,1,4.832287723196749
2326.6181931495667,4.34853111161318,1,4.815038683962863
2326.6949632167816,4.317964203070321,1,4.832287723196749
2326.7892532348633,4.335794899720323,1,4.822225783643647
2326.866929292679,4.32815317258461,1,4.826538043452119
2326.9461674690247,4.330700414963179,1,4.825100623515963
2327.022929906845,4.330700414963179,1,4.825100623515963
2327.0997219085693,4.32815317258461,1,4.826538043452119
2327.177731990814,4.325605930206034,1,4.827975463388277
2327.253255367279,4.338342142098899,1,4.820788363707488
2327.3303940296173,4.32815317258461,1,4.826538043452119
2327.4079020023346,4.330700414963179,1,4.825100623515963
2327.4837453365326,4.345983869234612,1,4.816476103899018
2327.560864686966,4.32815317258461,1,4.826538043452119
2327.6388132572174,4.335794899720323,1,4.822225783643647
2327.74751162529,4.335794899720323,1,4.822225783643647
2327.825991153717,4.330700414963179,1,4.825100623515963
2327.9203374385834,4.32815317258461,1,4.826538043452119
2327.995328426361,4.325605930206034,1,4.827975463388277
2328.074967622757,4.330700414963179,1,4.825100623515963
2328.1529083251953,4.340889384477467,1,4.819350943771333
2328.2292461395264,4.338342142098899,1,4.820788363707488
2328.308318376541,4.32815317258461,1,4.826538043452119
2328.3858330249786,4.338342142098899,1,4.820788363707488
2328.461615562439,4.323058687827466,1,4.829412883324434
2328.540816307068,4.333247657341754,1,4.8236632035798035
2328.6175351142883,4.335794899720323,1,4.822225783643647
2328.6928884983063,4.325605930206034,1,4.827975463388277
2328.7705488204956,4.34853111161318,1,4.815038683962863
2328.847813129425,4.333247657341754,1,4.8236632035798035
2328.9229674339294,4.335794899720323,1,4.822225783643647
2329.0168356895447,4.340889384477467,1,4.819350943771333
2329.1106305122375,4.3561728387489005,1,4.810726424154388
2329.188583135605,4.333247657341754,1,4.8236632035798035
2329.2645769119263,4.338342142098899,1,4.820788363707488
2329.3724117279053,4.32815317258461,1,4.826538043452119
2329.450356721878,4.353625596370325,1,4.812163844090547
2329.5273785591125,4.335794899720323,1,4.822225783643647
2329.603602170944,4.34853111161318,1,4.815038683962863
2329.6825885772705,4.345983869234612,1,4.816476103899018
2329.7615633010864,4.325605930206034,1,4.827975463388277
2329.8376047611237,4.338342142098899,1,4.820788363707488
2329.916601419449,4.34853111161318,1,4.815038683962863
2329.996229171753,4.343436626856043,1,4.817913523835173
2330.0719051361084,4.345983869234612,1,4.816476103899018
2330.163822412491,4.338342142098899,1,4.820788363707488
2330.257672548294,4.32815317258461,1,4.826538043452119
2330.3349463939667,4.353625596370325,1,4.812163844090547
2330.414167404175,4.3561728387489005,1,4.810726424154388
2330.4916191101074,4.335794899720323,1,4.822225783643647
2330.568567276001,4.3561728387489005,1,4.810726424154388
2330.644899368286,4.351078353991756,1,4.813601264026703
2330.721809387207,4.34853111161318,1,4.815038683962863
2330.796891450882,4.345983869234612,1,4.816476103899018
2330.8749079704285,4.333247657341754,1,4.8236632035798035
2330.997117996216,4.340889384477467,1,4.819350943771333
2331.074103832245,4.34853111161318,1,4.815038683962863
2331.153357028961,4.343436626856043,1,4.817913523835173
2331.2303421497345,4.3561728387489005,1,4.810726424154388
2331.3232674598694,4.343436626856043,1,4.817913523835173
2331.4018416404724,4.358720081127469,1,4.809289004218233
2331.477814912796,4.340889384477467,1,4.819350943771333
2331.556444644928,4.353625596370325,1,4.812163844090547
2331.633727312088,4.340889384477467,1,4.819350943771333
2331.725130558014,4.3561728387489005,1,4.810726424154388
2331.804613828659,4.338342142098899,1,4.820788363707488
2331.882556438446,4.353625596370325,1,4.812163844090547
2331.9601006507874,4.3561728387489005,1,4.810726424154388
2332.038609981537,4.358720081127469,1,4.809289004218233
2332.1165051460266,4.3638145658846135,1,4.806414164345917
2332.1915538311005,4.351078353991756,1,4.813601264026703
2332.269494533539,4.3561728387489005,1,4.810726424154388
2332.3459525108337,4.34853111161318,1,4.815038683962863
2332.4387814998627,4.3561728387489005,1,4.810726424154388
2332.5178484916687,4.345983869234612,1,4.816476103899018
2332.625833749771,4.351078353991756,1,4.813601264026703
2332.7028200626373,4.361267323506045,1,4.807851584282073
2332.778035402298,4.340889384477467,1,4.819350943771333
2332.8554167747498,4.335794899720323,1,4.822225783643647
2332.9315264225006,4.351078353991756,1,4.813601264026703
2333.0102133750916,4.34853111161318,1,4.815038683962863
2333.0880563259125,4.353625596370325,1,4.812163844090547
2333.1651272773743,4.345983869234612,1,4.816476103899018
2333.2439506053925,4.34853111161318,1,4.815038683962863
2333.3219106197357,4.34853111161318,1,4.815038683962863
2333.398127555847,4.358720081127469,1,4.809289004218233
2333.47621178627,4.34853111161318,1,4.815038683962863
2333.554660797119,4.34853111161318,1,4.815038683962863
2333.645836353302,4.361267323506045,1,4.807851584282073
2333.7237713336945,4.3561728387489005,1,4.810726424154388
2333.815598964691,4.368909050641758,1,4.803539324473602
2333.8920605182648,4.351078353991756,1,4.813601264026703
2333.969703435898,4.361267323506045,1,4.807851584282073
2334.0466406345367,4.3561728387489005,1,4.810726424154388
2334.1247737407684,4.358720081127469,1,4.809289004218233
2334.20201587677,4.368909050641758,1,4.803539324473602
2334.3087487220764,4.3561728387489005,1,4.810726424154388
2334.3887283802032,4.3638145658846135,1,4.806414164345917
2334.4663031101227,4.358720081127469,1,4.809289004218233
2334.5421755313873,4.3561728387489005,1,4.810726424154388
2334.620543718338,4.3638145658846135,1,4.806414164345917
2334.6977121829987,4.374003535398902,1,4.8006644846012865
2334.7894587516785,4.368909050641758,1,4.803539324473602
2334.8678953647614,4.371456293020334,1,4.802101904537443
2334.946759223938,4.3638145658846135,1,4.806414164345917
2335.0246143341064,4.366361808263189,1,4.804976744409758
2335.104375600815,4.368909050641758,1,4.803539324473602
2335.182445049286,4.3638145658846135,1,4.806414164345917
2335.2594077587128,4.353625596370325,1,4.812163844090547
2335.3379061222076,4.371456293020334,1,4.802101904537443
2335.4306225776672,4.374003535398902,1,4.8006644846012865
2335.5065157413483,4.3638145658846135,1,4.806414164345917
2335.5990855693817,4.368909050641758,1,4.803539324473602
2335.691311120987,4.3561728387489005,1,4.810726424154388
2335.769488811493,4.366361808263189,1,4.804976744409758
2335.8492333889008,4.376550777777471,1,4.799227064665132
2335.956852197647,4.358720081127469,1,4.809289004218233
2336.034941673279,4.374003535398902,1,4.8006644846012865
2336.1406724452972,4.358720081127469,1,4.809289004218233
2336.2354052066803,4.368909050641758,1,4.803539324473602
2336.3291828632355,4.368909050641758,1,4.803539324473602
2336.4199619293213,4.361267323506045,1,4.807851584282073
2336.497755050659,4.374003535398902,1,4.8006644846012865
2336.5753479003906,4.371456293020334,1,4.802101904537443
2336.651935815811,4.384192504913191,1,4.794914804856656
2336.72883105278,4.3790980201560465,1,4.797789644728972
2336.8062314987183,4.3638145658846135,1,4.806414164345917
2336.8828797340393,4.3790980201560465,1,4.797789644728972
2336.962297677994,4.376550777777471,1,4.799227064665132
2337.0560252666473,4.376550777777471,1,4.799227064665132
2337.130872964859,4.391834232048904,1,4.790602545048186
2337.208398580551,4.368909050641758,1,4.803539324473602
2337.28497171402,4.366361808263189,1,4.804976744409758
2337.3618590831757,4.374003535398902,1,4.8006644846012865
2337.439787864685,4.358720081127469,1,4.809289004218233
2337.5161237716675,4.371456293020334,1,4.802101904537443
2337.6242010593414,4.366361808263189,1,4.804976744409758
2337.701537132263,4.381645262534615,1,4.796352224792816
2337.7802588939667,4.381645262534615,1,4.796352224792816
2337.856935739517,4.371456293020334,1,4.802101904537443
2337.950660943985,4.358720081127469,1,4.809289004218233
2338.045401096344,4.376550777777471,1,4.799227064665132
2338.1230113506317,4.3790980201560465,1,4.797789644728972
2338.2167506217957,4.384192504913191,1,4.794914804856656
2338.3095173835754,4.371456293020334,1,4.802101904537443
2338.4022703170776,4.384192504913191,1,4.794914804856656
2338.4958522319794,4.384192504913191,1,4.794914804856656
2338.589601993561,4.376550777777471,1,4.799227064665132
2338.6853456497192,4.389286989670335,1,4.792039964984342
2338.7780973911285,4.3867397472917595,1,4.793477384920502
2338.8718481063843,4.3790980201560465,1,4.797789644728972
2338.9649419784546,4.399475959184624,1,4.786290285239712
2339.0562286376953,4.381645262534615,1,4.796352224792816
2339.149983882904,4.389286989670335,1,4.792039964984342
2339.241743326187,4.384192504913191,1,4.794914804856656
2339.334145784378,4.39438147442748,1,4.789165125112026
2339.461316347122,4.391834232048904,1,4.790602545048186
2339.552361011505,4.384192504913191,1,4.794914804856656
2339.6482017040253,4.3790980201560465,1,4.797789644728972
2339.7413907051086,4.3867397472917595,1,4.793477384920502
2339.8371398448944,4.381645262534615,1,4.796352224792816
2339.9308903217316,4.402023201563193,1,4.784852865303556
2340.0236434936523,4.381645262534615,1,4.796352224792816
2340.114734172821,4.391834232048904,1,4.790602545048186
2340.1895337104797,4.374003535398902,1,4.8006644846012865
2340.2813205718994,4.391834232048904,1,4.790602545048186
2340.377058506012,4.404570443941761,1,4.7834154453674005
2340.4678170681,4.39438147442748,1,4.789165125112026
2340.574530363083,4.3790980201560465,1,4.797789644728972
2340.6652884483337,4.3867397472917595,1,4.793477384920502
2340.758041381836,4.391834232048904,1,4.790602545048186
2340.8517894744873,4.3867397472917595,1,4.793477384920502
2340.9460575580597,4.389286989670335,1,4.792039964984342
2341.0416362285614,4.376550777777471,1,4.799227064665132
2341.134652853012,4.389286989670335,1,4.792039964984342
2341.2265169620514,4.3867397472917595,1,4.793477384920502
2341.333928346634,4.402023201563193,1,4.784852865303556
2341.4096632003784,4.389286989670335,1,4.792039964984342
2341.500420808792,4.407117686320337,1,4.781978025431242
2341.593804836273,4.391834232048904,1,4.790602545048186
2341.688076019287,4.389286989670335,1,4.792039964984342
2341.781825065613,4.409664928698906,1,4.780540605495085
2341.8900451660156,4.399475959184624,1,4.786290285239712
2341.9837975502014,4.396928716806048,1,4.787727705175872
2342.0785405635834,4.39438147442748,1,4.789165125112026
2342.172203540802,4.396928716806048,1,4.787727705175872
2342.265955209732,4.39438147442748,1,4.789165125112026
2342.3597025871277,4.39438147442748,1,4.789165125112026
2342.453451871872,4.39438147442748,1,4.789165125112026
2342.5314671993256,4.409664928698906,1,4.780540605495085
2342.6232233047485,4.3867397472917595,1,4.793477384920502
2342.7201206684113,4.396928716806048,1,4.787727705175872
2342.8267385959625,4.399475959184624,1,4.786290285239712
2342.9224531650543,4.396928716806048,1,4.787727705175872
2343.0152022838593,4.409664928698906,1,4.780540605495085
2343.1069564819336,4.402023201563193,1,4.784852865303556
2343.2007269859314,4.402023201563193,1,4.784852865303556
2343.3421676158905,4.399475959184624,1,4.786290285239712
2343.4344294071198,4.399475959184624,1,4.786290285239712
2343.5281801223755,4.399475959184624,1,4.786290285239712
2343.6213862895966,4.409664928698906,1,4.780540605495085
2343.7003090381622,4.404570443941761,1,4.7834154453674005
2343.776050567627,4.39438147442748,1,4.789165125112026
2343.871668815613,4.39438147442748,1,4.789165125112026
2343.981374979019,4.404570443941761,1,4.7834154453674005
2344.0771191120148,4.402023201563193,1,4.784852865303556
2344.1708686351776,4.391834232048904,1,4.790602545048186
2344.2772998809814,4.41475941345605,1,4.77766576562277
2344.371556997299,4.404570443941761,1,4.7834154453674005
2344.4643099308014,4.417306655834626,1,4.7762283456866115
2344.573018312454,4.402023201563193,1,4.784852865303556
2344.665770292282,4.409664928698906,1,4.780540605495085
2344.7606332302094,4.412212171077481,1,4.779103185558926
2344.8539175987244,4.417306655834626,1,4.7762283456866115
2344.945700407028,4.412212171077481,1,4.779103185558926
2345.023490667343,4.399475959184624,1,4.786290285239712
2345.1152465343475,4.402023201563193,1,4.784852865303556
2345.2398660182953,4.404570443941761,1,4.7834154453674005
2345.3327713012695,4.404570443941761,1,4.7834154453674005
2345.4225330352783,4.404570443941761,1,4.7834154453674005
2345.5172324180603,4.417306655834626,1,4.7762283456866115
2345.6099848747253,4.41475941345605,1,4.77766576562277
2345.702811717987,4.407117686320337,1,4.781978025431242
2345.7975578308105,4.407117686320337,1,4.781978025431242
2345.875358104706,4.41475941345605,1,4.77766576562277
2345.9527134895325,4.409664928698906,1,4.780540605495085
2346.0320184230804,4.409664928698906,1,4.780540605495085
2346.107850551605,4.39438147442748,1,4.789165125112026
2346.1870074272156,4.391834232048904,1,4.790602545048186
2346.2658071517944,4.407117686320337,1,4.781978025431242
2346.358346939087,4.39438147442748,1,4.789165125112026
2346.43647480011,4.391834232048904,1,4.790602545048186
2346.514282464981,4.41475941345605,1,4.77766576562277
2346.6080317497253,4.389286989670335,1,4.792039964984342
2346.7007887363434,4.407117686320337,1,4.781978025431242
2346.7935495376587,4.402023201563193,1,4.784852865303556
2346.873339176178,4.399475959184624,1,4.786290285239712
2346.997585296631,4.419853898213194,1,4.774790925750455
2347.0899822711945,4.404570443941761,1,4.7834154453674005
2347.1693575382233,4.412212171077481,1,4.779103185558926
2347.2443614006042,4.404570443941761,1,4.7834154453674005
2347.322685241699,4.407117686320337,1,4.781978025431242
2347.4002072811127,4.41475941345605,1,4.77766576562277
2347.4773507118225,4.427495625348914,1,4.770478665941981
2347.556400537491,4.41475941345605,1,4.77766576562277
2347.634642601013,4.412212171077481,1,4.779103185558926
2347.7111372947693,4.41475941345605,1,4.77766576562277
2347.789343357086,4.417306655834626,1,4.7762283456866115
2347.8690350055695,4.419853898213194,1,4.774790925750455
2347.962061882019,4.412212171077481,1,4.779103185558926
2348.039873600006,4.41475941345605,1,4.77766576562277
2348.116881132126,4.417306655834626,1,4.7762283456866115
2348.193389892578,4.419853898213194,1,4.774790925750455
2348.2701625823975,4.42240114059177,1,4.7733535058142955
2348.348125934601,4.427495625348914,1,4.770478665941981
2348.4257032871246,4.417306655834626,1,4.7762283456866115
2348.503668785095,4.404570443941761,1,4.7834154453674005
2348.6106131076813,4.424948382970339,1,4.77191608587814
2348.6896603107452,4.412212171077481,1,4.779103185558926
2348.7686252593994,4.41475941345605,1,4.77766576562277
2348.847907304764,4.424948382970339,1,4.77191608587814
2348.9239156246185,4.409664928698906,1,4.780540605495085
2349.0008296966553,4.419853898213194,1,4.774790925750455
2349.0926265716553,4.412212171077481,1,4.779103185558926
2349.187371969223,4.417306655834626,1,4.7762283456866115
2349.281537294388,4.419853898213194,1,4.774790925750455
2349.3748409748077,4.419853898213194,1,4.774790925750455
2349.4694027900696,4.430042867727483,1,4.769041246005825
2349.563031435013,4.424948382970339,1,4.77191608587814
2349.6577775478363,4.42240114059177,1,4.7733535058142955
2349.751533985138,4.42240114059177,1,4.7733535058142955
2349.8433723449707,4.424948382970339,1,4.77191608587814
2349.9202859401703,4.42240114059177,1,4.7733535058142955
2350.0110659599304,4.435137352484627,1,4.76616640613351
2350.103842020035,4.419853898213194,1,4.774790925750455
2350.1980941295624,4.427495625348914,1,4.770478665941981
2350.2903571128845,4.430042867727483,1,4.769041246005825
2350.4157059192657,4.435137352484627,1,4.76616640613351
2350.509781360626,4.424948382970339,1,4.77191608587814
2350.6047060489655,4.424948382970339,1,4.77191608587814
2350.6984555721283,4.440231837241772,1,4.763291566261195
2350.7932012081146,4.435137352484627,1,4.76616640613351
2350.886955022812,4.435137352484627,1,4.76616640613351
2350.9797456264496,4.42240114059177,1,4.7733535058142955
2351.0565526485443,4.432590110106052,1,4.76760382606967
2351.132647037506,4.435137352484627,1,4.76616640613351
2351.2260937690735,4.424948382970339,1,4.77191608587814
2351.3213307857513,4.424948382970339,1,4.77191608587814
2351.4150800704956,4.447873564377485,1,4.758979306452725
2351.507832288742,4.417306655834626,1,4.7762283456866115
2351.6006088256836,4.437684594863196,1,4.764728986197355
2351.6933648586273,4.44277907962034,1,4.76185414632504
2351.7874932289124,4.42240114059177,1,4.7733535058142955
2351.881246328354,4.45042080675606,1,4.757541886516565
2351.9749958515167,4.435137352484627,1,4.76616640613351
2352.0707397460938,4.437684594863196,1,4.764728986197355
2352.1630806922913,4.440231837241772,1,4.763291566261195
2352.2428452968597,4.440231837241772,1,4.763291566261195
2352.3528640270233,4.447873564377485,1,4.758979306452725
2352.4450011253357,4.437684594863196,1,4.764728986197355
2352.538750886917,4.437684594863196,1,4.764728986197355
2352.6295082569122,4.435137352484627,1,4.76616640613351
2352.723276615143,4.432590110106052,1,4.76760382606967
2352.814034461975,4.45042080675606,1,4.757541886516565
2352.904791355133,4.427495625348914,1,4.770478665941981
2353.000637769699,4.440231837241772,1,4.763291566261195
2353.0945966243744,4.432590110106052,1,4.76760382606967
2353.187348127365,4.427495625348914,1,4.770478665941981
2353.280099630356,4.440231837241772,1,4.763291566261195
2353.37287402153,4.427495625348914,1,4.770478665941981
2353.466601371765,4.445326321998916,1,4.76041672638888
2353.5601563453674,4.445326321998916,1,4.76041672638888
2353.652510404587,4.44277907962034,1,4.76185414632504
2353.7622315883636,4.45042080675606,1,4.757541886516565
2353.8559839725494,4.435137352484627,1,4.76616640613351
2353.9516916275024,4.447873564377485,1,4.758979306452725
2354.0454485416412,4.452968049134629,1,4.7561044665804095
2354.139197587967,4.445326321998916,1,4.76041672638888
2354.264240503311,4.460609776270342,1,4.751792206771938
2354.358986377716,4.445326321998916,1,4.76041672638888
2354.453846693039,4.440231837241772,1,4.763291566261195
2354.545601129532,4.45042080675606,1,4.757541886516565
2354.6248965263367,4.45042080675606,1,4.757541886516565
2354.701714992523,4.447873564377485,1,4.758979306452725
2354.779505968094,4.455515291513205,1,4.75466704664425
2354.87327337265,4.437684594863196,1,4.764728986197355
2354.9650321006775,4.452968049134629,1,4.7561044665804095
2355.057762145996,4.45042080675606,1,4.757541886516565
2355.151511669159,4.458062533891773,1,4.7532296267080945
2355.2741825580597,4.45042080675606,1,4.757541886516565
2355.3677954673767,4.45042080675606,1,4.757541886516565
2355.4615433216095,4.45042080675606,1,4.757541886516565
2355.557286977768,4.458062533891773,1,4.7532296267080945
2355.652659893036,4.447873564377485,1,4.758979306452725
2355.74632024765,4.468251503406062,1,4.747479946963464
2355.825164079666,4.45042080675606,1,4.757541886516565
2355.9029252529144,4.447873564377485,1,4.758979306452725
2355.981758117676,4.4733459881632065,1,4.744605107091149
2356.109386205673,4.463157018648918,1,4.750354786835779
2356.2021594047546,4.460609776270342,1,4.751792206771938
2356.278950214386,4.458062533891773,1,4.7532296267080945
2356.373697042465,4.45042080675606,1,4.757541886516565
2356.4644536972046,4.455515291513205,1,4.75466704664425
2356.559201002121,4.470798745784631,1,4.746042527027308
2356.666135072708,4.455515291513205,1,4.75466704664425
2356.760395050049,4.463157018648918,1,4.750354786835779
2356.8531470298767,4.460609776270342,1,4.751792206771938
2356.944902420044,4.470798745784631,1,4.746042527027308
2357.0384953022003,4.45042080675606,1,4.757541886516565
2357.1155817508698,4.458062533891773,1,4.7532296267080945
2357.194379091263,4.463157018648918,1,4.750354786835779
2357.2901225090027,4.455515291513205,1,4.75466704664425
2357.3828785419464,4.463157018648918,1,4.750354786835779
2357.4756259918213,4.458062533891773,1,4.7532296267080945
2357.568890810013,4.463157018648918,1,4.750354786835779
2357.66463804245,4.4809877152989195,1,4.740292847282678
2357.756392478943,4.458062533891773,1,4.7532296267080945
2357.84693980217,4.470798745784631,1,4.746042527027308
2357.968906879425,4.460609776270342,1,4.751792206771938
2358.060968875885,4.4809877152989195,1,4.740292847282678
2358.1557142734528,4.452968049134629,1,4.7561044665804095
2358.2476935386658,4.4809877152989195,1,4.740292847282678
2358.342407464981,4.478440472920351,1,4.741730267218834
2358.4381523132324,4.468251503406062,1,4.747479946963464
2358.5319023132324,4.470798745784631,1,4.746042527027308
2358.6266479492188,4.470798745784631,1,4.746042527027308
2358.719268321991,4.468251503406062,1,4.747479946963464
2358.8120222091675,4.4733459881632065,1,4.744605107091149
2358.906768798828,4.470798745784631,1,4.746042527027308
2359.0144777297974,4.475893230541775,1,4.743167687154994
2359.1092252731323,4.4809877152989195,1,4.740292847282678
2359.2000041007996,4.478440472920351,1,4.741730267218834
2359.293422460556,4.486082200056064,1,4.737418007410364
2359.3891835212708,4.465704261027486,1,4.748917366899624
2359.4829354286194,4.4733459881632065,1,4.744605107091149
2359.5783472061157,4.48862944243464,1,4.735980587474204
2359.6710991859436,4.475893230541775,1,4.743167687154994
2359.7622394561768,4.460609776270342,1,4.751792206771938
2359.8883216381073,4.470798745784631,1,4.746042527027308
2359.981109380722,4.468251503406062,1,4.747479946963464
2360.074856519699,4.483534957677495,1,4.738855427346519
2360.1671500205994,4.470798745784631,1,4.746042527027308
2360.2458045482635,4.4809877152989195,1,4.740292847282678
2360.3228104114532,4.478440472920351,1,4.741730267218834
2360.4155621528625,4.493723927191777,1,4.733105747601893
2360.5113060474396,4.4809877152989195,1,4.740292847282678
2360.604422569275,4.465704261027486,1,4.748917366899624
2360.698163509369,4.491176684813208,1,4.734543167538048
2360.7939093112946,4.475893230541775,1,4.743167687154994
2360.8876707553864,4.4733459881632065,1,4.744605107091149
2360.9824244976044,4.4809877152989195,1,4.740292847282678
2361.0751769542694,4.465704261027486,1,4.748917366899624
2361.1699273586273,4.475893230541775,1,4.743167687154994
2361.276641845703,4.4733459881632065,1,4.744605107091149
2361.354525566101,4.4733459881632065,1,4.744605107091149
2361.434312582016,4.478440472920351,1,4.741730267218834
2361.512306213379,4.486082200056064,1,4.737418007410364
2361.6045668125153,4.475893230541775,1,4.743167687154994
2361.6983160972595,4.491176684813208,1,4.734543167538048
2361.8544108867645,4.475893230541775,1,4.743167687154994
2361.947161912918,4.48862944243464,1,4.735980587474204
2362.0399181842804,4.470798745784631,1,4.746042527027308
2362.1346604824066,4.4809877152989195,1,4.740292847282678
2362.2294068336487,4.491176684813208,1,4.734543167538048
2362.324159383774,4.475893230541775,1,4.743167687154994
2362.417904138565,4.4809877152989195,1,4.740292847282678
2362.511652469635,4.4962711695703526,1,4.731668327665734
2362.607402086258,4.486082200056064,1,4.737418007410364
2362.70214343071,4.491176684813208,1,4.734543167538048
2362.7937994003296,4.486082200056064,1,4.737418007410364
2362.8874928951263,4.475893230541775,1,4.743167687154994
2362.981241464615,4.506460139084641,1,4.7259186479211035
2363.0770180225372,4.50900738146321,1,4.724481227984947
2363.1711094379425,4.4809877152989195,1,4.740292847282678
2363.264065027237,4.498818411948921,1,4.730230907729577
2363.357813835144,4.491176684813208,1,4.734543167538048
2363.4515635967255,4.478440472920351,1,4.741730267218834
2363.5473115444183,4.493723927191777,1,4.733105747601893
2363.6403913497925,4.493723927191777,1,4.733105747601893
2363.7648661136627,4.498818411948921,1,4.730230907729577
2363.8440759181976,4.50900738146321,1,4.724481227984947
2363.9366879463196,4.493723927191777,1,4.733105747601893
2364.0314416885376,4.4962711695703526,1,4.731668327665734
2364.1246223449707,4.491176684813208,1,4.734543167538048
2364.216377019882,4.506460139084641,1,4.7259186479211035
2364.3121461868286,4.501365654327497,1,4.728793487793418
2364.405869960785,4.491176684813208,1,4.734543167538048
2364.4986231327057,4.4962711695703526,1,4.731668327665734
2364.590376853943,4.491176684813208,1,4.734543167538048
2364.71661400795,4.491176684813208,1,4.734543167538048
2364.8083670139313,4.5039128967060655,1,4.727356067857263
2364.918073654175,4.48862944243464,1,4.735980587474204
2365.0135004520416,4.498818411948921,1,4.730230907729577
2365.1068437099457,4.50900738146321,1,4.724481227984947
2365.2015697956085,4.478440472920351,1,4.741730267218834
2365.310277938843,4.50900738146321,1,4.724481227984947
2365.4020326137543,4.48862944243464,1,4.735980587474204
2365.4947879314423,4.4962711695703526,1,4.731668327665734
2365.604492664337,4.48862944243464,1,4.735980587474204
2365.7600750923157,4.50900738146321,1,4.724481227984947
2365.868898630142,4.493723927191777,1,4.733105747601893
2365.993096113205,4.501365654327497,1,4.728793487793418
2366.0868446826935,4.498818411948921,1,4.730230907729577
2366.179708957672,4.498818411948921,1,4.730230907729577
2366.2894158363342,4.498818411948921,1,4.730230907729577
2366.384203672409,4.4962711695703526,1,4.731668327665734
2366.4769546985626,4.506460139084641,1,4.7259186479211035
2366.570910692215,4.48862944243464,1,4.735980587474204
2366.6638493537903,4.511554623841786,1,4.723043808048788
2366.7715582847595,4.48862944243464,1,4.735980587474204
2366.8665549755096,4.5039128967060655,1,4.727356067857263
2366.974101781845,4.491176684813208,1,4.734543167538048
2367.085320711136,4.4962711695703526,1,4.731668327665734
2367.1775345802307,4.498818411948921,1,4.730230907729577
2367.2692897319794,4.498818411948921,1,4.730230907729577
2367.3756918907166,4.493723927191777,1,4.733105747601893
2367.4692854881287,4.491176684813208,1,4.734543167538048
2367.5788514614105,4.498818411948921,1,4.730230907729577
2367.669580936432,4.501365654327497,1,4.728793487793418
2367.810200691223,4.50900738146321,1,4.724481227984947
2367.9039058685303,4.4962711695703526,1,4.731668327665734
2367.9996478557587,4.498818411948921,1,4.730230907729577
2368.1093537807465,4.506460139084641,1,4.7259186479211035
2368.203113794327,4.4962711695703526,1,4.731668327665734
2368.2958555221558,4.501365654327497,1,4.728793487793418
2368.3874440193176,4.50900738146321,1,4.724481227984947
2368.4821906089783,4.498818411948921,1,4.730230907729577
2368.575187444687,4.501365654327497,1,4.728793487793418
2368.6550323963165,4.498818411948921,1,4.730230907729577
2368.747786998749,4.511554623841786,1,4.723043808048788
2368.8415355682373,4.498818411948921,1,4.730230907729577
2368.9343085289,4.498818411948921,1,4.730230907729577
2369.0267407894135,4.50900738146321,1,4.724481227984947
2369.120669603348,4.498818411948921,1,4.730230907729577
2369.216413497925,4.506460139084641,1,4.7259186479211035
2369.3077528476715,4.501365654327497,1,4.728793487793418
2369.403496980667,4.506460139084641,1,4.7259186479211035
2369.496272802353,4.50900738146321,1,4.724481227984947
2369.5910012722015,4.511554623841786,1,4.723043808048788
2369.716369867325,4.511554623841786,1,4.723043808048788
2369.7940545082092,4.514101866220354,1,4.721606388112633
2369.8717465400696,4.4962711695703526,1,4.731668327665734
2369.9652354717255,4.521743593356067,1,4.717294128304163
2370.0589797496796,4.521743593356067,1,4.717294128304163
2370.152729988098,4.498818411948921,1,4.730230907729577
2370.2454817295074,4.524290835734643,1,4.715856708368003
2370.340227842331,4.51664910859893,1,4.720168968176473
2370.4329800605774,4.526838078113212,1,4.714419288431847
2370.5277264118195,4.524290835734643,1,4.715856708368003
2370.622982978821,4.511554623841786,1,4.723043808048788
2370.7162392139435,4.519196350977499,1,4.718731548240317
2370.809988975525,4.521743593356067,1,4.717294128304163
2370.90473484993,4.5039128967060655,1,4.727356067857263
2370.982785463333,4.511554623841786,1,4.723043808048788
2371.0606813430786,4.526838078113212,1,4.714419288431847
2371.153184890747,4.511554623841786,1,4.723043808048788
2371.24494099617,4.521743593356067,1,4.717294128304163
2371.340845108032,4.514101866220354,1,4.721606388112633
2371.433843612671,4.519196350977499,1,4.718731548240317
2371.5282034873962,4.51664910859893,1,4.720168968176473
2371.6538121700287,4.511554623841786,1,4.723043808048788
2371.746125936508,4.524290835734643,1,4.715856708368003
2371.839411020279,4.534479805248932,1,4.710107028623373
2371.9316153526306,4.51664910859893,1,4.720168968176473
2372.0258717536926,4.514101866220354,1,4.721606388112633
2372.117303609848,4.514101866220354,1,4.721606388112633
2372.195550441742,4.531932562870356,1,4.711544448559533
2372.2736282348633,4.526838078113212,1,4.714419288431847
2372.3661999702454,4.511554623841786,1,4.723043808048788
2372.4618039131165,4.534479805248932,1,4.710107028623373
2372.555541038513,4.531932562870356,1,4.711544448559533
2372.649131298065,4.519196350977499,1,4.718731548240317
2372.7429122924805,4.539574290006076,1,4.707232188751057
2372.8655529022217,4.521743593356067,1,4.717294128304163
2372.960300207138,4.531932562870356,1,4.711544448559533
2373.053557395935,4.51664910859893,1,4.720168968176473
2373.1493027210236,4.51664910859893,1,4.720168968176473
2373.2560172080994,4.531932562870356,1,4.711544448559533
2373.349321603775,4.531932562870356,1,4.711544448559533
2373.4450023174286,4.529385320491787,1,4.712981868495687
2373.585153579712,4.521743593356067,1,4.717294128304163
2373.6808683872223,4.524290835734643,1,4.715856708368003
2373.772807598114,4.539574290006076,1,4.707232188751057
2373.8657331466675,4.521743593356067,1,4.717294128304163
2373.9753677845,4.526838078113212,1,4.714419288431847
2374.0870685577393,4.519196350977499,1,4.718731548240317
2374.180042028427,4.529385320491787,1,4.712981868495687
2374.272793531418,4.529385320491787,1,4.712981868495687
2374.3795082569122,4.531932562870356,1,4.711544448559533
2374.4715831279755,4.534479805248932,1,4.710107028623373
2374.565840959549,4.5370270476275,1,4.708669608687217
2374.656458377838,4.531932562870356,1,4.711544448559533
2374.749235391617,4.542121532384645,1,4.705794768814902
2374.84499669075,4.542121532384645,1,4.705794768814902
2374.9547033309937,4.531932562870356,1,4.711544448559533
2375.048453092575,4.531932562870356,1,4.711544448559533
2375.1561641693115,4.539574290006076,1,4.707232188751057
2375.2495255470276,4.534479805248932,1,4.710107028623373
2375.344346523285,4.557404986656078,1,4.697170249197956
2375.4381051063538,4.552310501898933,1,4.700045089070272
2375.5632338523865,4.54466877476322,1,4.704357348878743
2375.654973268509,4.531932562870356,1,4.711544448559533
2375.7502722740173,4.5370270476275,1,4.708669608687217
2375.8290593624115,4.5370270476275,1,4.708669608687217
2375.921811103821,4.562499471413222,1,4.694295409325642
2376.0155832767487,4.539574290006076,1,4.707232188751057
2376.1079931259155,4.557404986656078,1,4.697170249197956
2376.1992695331573,4.531932562870356,1,4.711544448559533
2376.294014453888,4.542121532384645,1,4.705794768814902
2376.3887622356415,4.531932562870356,1,4.711544448559533
2376.4835212230682,4.534479805248932,1,4.710107028623373
2376.5762627124786,4.549763259520358,1,4.701482509006431
2376.672004699707,4.531932562870356,1,4.711544448559533
2376.7647581100464,4.547216017141789,1,4.7029199289425865
2376.8585064411163,4.547216017141789,1,4.7029199289425865
2376.9492633342743,4.549763259520358,1,4.701482509006431
2377.0430274009705,4.557404986656078,1,4.697170249197956
2377.1367614269257,4.542121532384645,1,4.705794768814902
2377.2305109500885,4.554857744277502,1,4.698607669134116
2377.322372674942,4.549763259520358,1,4.701482509006431
2377.44611120224,4.547216017141789,1,4.7029199289425865
2377.522949695587,4.557404986656078,1,4.697170249197956
2377.600333213806,4.5370270476275,1,4.708669608687217
2377.6788399219513,4.552310501898933,1,4.700045089070272
2377.769730091095,4.552310501898933,1,4.700045089070272
2377.8467824459076,4.547216017141789,1,4.7029199289425865
2377.9242990016937,4.557404986656078,1,4.697170249197956
2377.9994509220123,4.54466877476322,1,4.704357348878743
2378.078911781311,4.549763259520358,1,4.701482509006431
2378.1566524505615,4.557404986656078,1,4.697170249197956
2378.2349779605865,4.557404986656078,1,4.697170249197956
2378.312725543976,4.549763259520358,1,4.701482509006431
2378.389644384384,4.547216017141789,1,4.7029199289425865
2378.467498779297,4.547216017141789,1,4.7029199289425865
2378.561299562454,4.559952229034646,1,4.695732829261801
2378.6373817920685,4.542121532384645,1,4.705794768814902
2378.715962409973,4.542121532384645,1,4.705794768814902
2378.810713529587,4.542121532384645,1,4.705794768814902
2378.8885958194733,4.54466877476322,1,4.704357348878743
2378.968508243561,4.542121532384645,1,4.705794768814902
2379.0777451992035,4.542121532384645,1,4.705794768814902
2379.1549711227417,4.552310501898933,1,4.700045089070272
2379.233835697174,4.54466877476322,1,4.704357348878743
2379.3129427433014,4.547216017141789,1,4.7029199289425865
2379.3887021541595,4.54466877476322,1,4.704357348878743
2379.466010570526,4.5370270476275,1,4.708669608687217
2379.5452196598053,4.5370270476275,1,4.708669608687217
2379.623373746872,4.549763259520358,1,4.701482509006431
2379.7031610012054,4.549763259520358,1,4.701482509006431
2379.7807688713074,4.5370270476275,1,4.708669608687217
2379.858383655548,4.552310501898933,1,4.700045089070272
2379.9362242221832,4.54466877476322,1,4.704357348878743
2380.0145354270935,4.5370270476275,1,4.708669608687217
2380.1202535629272,4.547216017141789,1,4.7029199289425865
2380.2307300567627,4.54466877476322,1,4.704357348878743
2380.3226823806763,4.549763259520358,1,4.701482509006431
2380.4018261432648,4.539574290006076,1,4.707232188751057
2380.4807364940643,4.549763259520358,1,4.701482509006431
2380.5585334300995,4.552310501898933,1,4.700045089070272
2380.6364369392395,4.542121532384645,1,4.705794768814902
2380.716230392456,4.531932562870356,1,4.711544448559533
2380.827391386032,4.552310501898933,1,4.700045089070272
2380.9193291664124,4.547216017141789,1,4.7029199289425865
2380.9970841407776,4.542121532384645,1,4.705794768814902
2381.0742404460907,4.562499471413222,1,4.694295409325642
2381.154296398163,4.547216017141789,1,4.7029199289425865
2381.2318212985992,4.549763259520358,1,4.701482509006431
2381.311069726944,4.575235683306079,1,4.687108309644856
2381.4032683372498,4.547216017141789,1,4.7029199289425865
2381.4802589416504,4.54466877476322,1,4.704357348878743
2381.5563814640045,4.572688440927511,1,4.688545729581012
2381.6336863040924,4.562499471413222,1,4.694295409325642
2381.709675550461,4.572688440927511,1,4.688545729581012
2381.7872824668884,4.557404986656078,1,4.697170249197956
2381.879693508148,4.562499471413222,1,4.694295409325642
2381.9729318618774,4.562499471413222,1,4.694295409325642
2382.0958037376404,4.559952229034646,1,4.695732829261801
2382.204355955124,4.557404986656078,1,4.697170249197956
2382.296179294586,4.562499471413222,1,4.694295409325642
2382.390551805496,4.559952229034646,1,4.695732829261801
2382.483503103256,4.559952229034646,1,4.695732829261801
2382.6074936389923,4.575235683306079,1,4.687108309644856
2382.700887441635,4.554857744277502,1,4.698607669134116
2382.7932357788086,4.562499471413222,1,4.694295409325642
2382.8708856105804,4.562499471413222,1,4.694295409325642
2382.950582265854,4.565046713791791,1,4.692857989389486
2383.045331478119,4.559952229034646,1,4.695732829261801
2383.1390810012817,4.575235683306079,1,4.687108309644856
2383.2488191127777,4.549763259520358,1,4.701482509006431
2383.342535972595,4.562499471413222,1,4.694295409325642
2383.4382812976837,4.572688440927511,1,4.688545729581012
2383.561710834503,4.562499471413222,1,4.694295409325642
2383.6564610004425,4.5675939561703665,1,4.691420569453326
2383.752201318741,4.565046713791791,1,4.692857989389486
2383.843976020813,4.575235683306079,1,4.687108309644856
2383.939723968506,4.565046713791791,1,4.692857989389486
2384.0304770469666,4.562499471413222,1,4.694295409325642
2384.124128341675,4.582877410441792,1,4.682796049836385
2384.219381570816,4.554857744277502,1,4.698607669134116
2384.313131093979,4.5675939561703665,1,4.691420569453326
2384.4065363407135,4.5675939561703665,1,4.691420569453326
2384.531915664673,4.577782925684648,1,4.6856708897087005
2384.624767303467,4.570141198548935,1,4.689983149517171
2384.719515800476,4.575235683306079,1,4.687108309644856
2384.8122849464417,4.582877410441792,1,4.682796049836385
2384.9080295562744,4.585424652820368,1,4.681358629900226
2385.0007824897766,4.562499471413222,1,4.694295409325642
2385.0945460796356,4.572688440927511,1,4.688545729581012
2385.1863005161285,4.570141198548935,1,4.689983149517171
2385.2802929878235,4.577782925684648,1,4.6856708897087005
2385.3581581115723,4.5675939561703665,1,4.691420569453326
2385.4519135951996,4.577782925684648,1,4.6856708897087005
2385.5472095012665,4.580330168063224,1,4.684233469772541
2385.6406376361847,4.582877410441792,1,4.682796049836385
2385.7326333522797,4.575235683306079,1,4.687108309644856
2385.8284180164337,4.577782925684648,1,4.6856708897087005
2385.9211893081665,4.580330168063224,1,4.684233469772541
2386.0146000385284,4.575235683306079,1,4.687108309644856
2386.1075575351715,4.577782925684648,1,4.6856708897087005
2386.201307296753,4.572688440927511,1,4.688545729581012
2386.2969677448273,4.577782925684648,1,4.6856708897087005
2386.4211616516113,4.587971895198937,1,4.67992120996407
2386.5159091949463,4.582877410441792,1,4.682796049836385
2386.624142885208,4.5905191375775125,1,4.678483790027911
2386.7328436374664,4.5905191375775125,1,4.678483790027911
2386.8262252807617,4.5905191375775125,1,4.678483790027911
2386.9179792404175,4.565046713791791,1,4.692857989389486
2387.0125012397766,4.587971895198937,1,4.67992120996407
2387.1062502861023,4.593066379956081,1,4.677046370091755
2387.2009966373444,4.580330168063224,1,4.684233469772541
2387.292248249054,4.593066379956081,1,4.677046370091755
2387.386993408203,4.575235683306079,1,4.687108309644856
2387.480742931366,4.575235683306079,1,4.687108309644856
2387.572563648224,4.585424652820368,1,4.681358629900226
2387.66601228714,4.577782925684648,1,4.6856708897087005
2387.7587637901306,4.587971895198937,1,4.67992120996407
2387.866991519928,4.585424652820368,1,4.681358629900226
2387.9607808589935,4.580330168063224,1,4.684233469772541
2388.053537130356,4.593066379956081,1,4.677046370091755
2388.1492805480957,4.580330168063224,1,4.684233469772541
2388.241044282913,4.593066379956081,1,4.677046370091755
2388.368213415146,4.582877410441792,1,4.682796049836385
2388.4624738693237,4.587971895198937,1,4.67992120996407
2388.5564091205597,4.582877410441792,1,4.682796049836385
2388.6494932174683,4.572688440927511,1,4.688545729581012
2388.7412486076355,4.595613622334657,1,4.6756089501555955
2388.837016582489,4.587971895198937,1,4.67992120996407
2388.9317569732666,4.587971895198937,1,4.67992120996407
2389.0265033245087,4.60325534947037,1,4.671296690347125
2389.120257616043,4.593066379956081,1,4.677046370091755
2389.2279736995697,4.5905191375775125,1,4.678483790027911
2389.339673757553,4.610897076606083,1,4.666984430538655
2389.4319355487823,4.595613622334657,1,4.6756089501555955
2389.5252261161804,4.5981608647132255,1,4.67417153021944
2389.6189477443695,4.593066379956081,1,4.677046370091755
2389.7117035388947,4.5981608647132255,1,4.67417153021944
2389.806449174881,4.5981608647132255,1,4.67417153021944
2389.900229215622,4.593066379956081,1,4.677046370091755
2389.9961009025574,4.600708107091801,1,4.6727341102832805
2390.1023347377777,4.5905191375775125,1,4.678483790027911
2390.1950812339783,4.608349834227514,1,4.66842185047481
2390.3366367816925,4.593066379956081,1,4.677046370091755
2390.446098089218,4.587971895198937,1,4.67992120996407
2390.555794239044,4.6058025918489385,1,4.669859270410969
2390.648546934128,4.593066379956081,1,4.677046370091755
2390.7550206184387,4.613444318984659,1,4.665547010602495
2390.848307132721,4.5981608647132255,1,4.67417153021944
2390.9540243148804,4.613444318984659,1,4.665547010602495
2391.061735391617,4.608349834227514,1,4.66842185047481
2391.1574811935425,4.613444318984659,1,4.665547010602495
2391.2494146823883,4.5905191375775125,1,4.678483790027911
2391.3411676883698,4.608349834227514,1,4.66842185047481
2391.449878692627,4.595613622334657,1,4.6756089501555955
2391.54416680336,4.608349834227514,1,4.66842185047481
2391.636356115341,4.600708107091801,1,4.6727341102832805
2391.7320601940155,4.5981608647132255,1,4.67417153021944
2391.8238167762756,4.618538803741803,1,4.66267217073018
2391.91756439209,4.610897076606083,1,4.666984430538655
2392.010316848755,4.6058025918489385,1,4.669859270410969
2392.1050662994385,4.615991561363227,1,4.664109590666339
2392.199814081192,4.60325534947037,1,4.671296690347125
2392.3249912261963,4.608349834227514,1,4.66842185047481
2392.416873693466,4.608349834227514,1,4.66842185047481
2392.4939198493958,4.615991561363227,1,4.664109590666339
2392.571830034256,4.610897076606083,1,4.666984430538655
2392.6507194042206,4.618538803741803,1,4.66267217073018
2392.727444410324,4.613444318984659,1,4.665547010602495
2392.823190689087,4.615991561363227,1,4.664109590666339
2392.931897878647,4.610897076606083,1,4.666984430538655
2393.040607213974,4.628727773256092,1,4.65692249098555
2393.1353187561035,4.613444318984659,1,4.665547010602495
2393.2111439704895,4.610897076606083,1,4.666984430538655
2393.289155960083,4.615991561363227,1,4.664109590666339
2393.381909132004,4.608349834227514,1,4.66842185047481
2393.492612361908,4.628727773256092,1,4.65692249098555
2393.617796421051,4.633822258013229,1,4.654047651113238
2393.712715625763,4.613444318984659,1,4.665547010602495
2393.7922008037567,4.623633288498947,1,4.659797330857865
2393.8704042434692,4.626180530877516,1,4.658359910921709
2393.9484128952026,4.623633288498947,1,4.659797330857865
2394.027348279953,4.6210860461203715,1,4.661234750794025
2394.1363077163696,4.633822258013229,1,4.654047651113238
2394.2133090496063,4.626180530877516,1,4.658359910921709
2394.2907338142395,4.623633288498947,1,4.659797330857865
2394.367034673691,4.6210860461203715,1,4.661234750794025
2394.443264245987,4.63127501563466,1,4.6554850710493945
2394.522505760193,4.63127501563466,1,4.6554850710493945
2394.6005017757416,4.618538803741803,1,4.66267217073018
2394.6802570819855,4.623633288498947,1,4.659797330857865
2394.7601387500763,4.633822258013229,1,4.654047651113238
2394.8363683223724,4.636369500391805,1,4.6526102311770785
2394.9130873680115,4.628727773256092,1,4.65692249098555
2394.9929411411285,4.63127501563466,1,4.6554850710493945
2395.0685176849365,4.633822258013229,1,4.654047651113238
2395.147620201111,4.613444318984659,1,4.665547010602495
2395.2269971370697,4.628727773256092,1,4.65692249098555
2395.303118467331,4.6210860461203715,1,4.661234750794025
2395.37948179245,4.63127501563466,1,4.6554850710493945
2395.4584696292877,4.628727773256092,1,4.65692249098555
2395.5500326156616,4.628727773256092,1,4.65692249098555
2395.629588365555,4.626180530877516,1,4.658359910921709
2395.7393198013306,4.646558469906093,1,4.646860551432448
2395.8175575733185,4.644011227527518,1,4.648297971368608
2395.910640001297,4.626180530877516,1,4.658359910921709
2396.0035331249237,4.63127501563466,1,4.6554850710493945
2396.095450401306,4.633822258013229,1,4.654047651113238
2396.189649581909,4.633822258013229,1,4.654047651113238
2396.297847032547,4.633822258013229,1,4.654047651113238
2396.4065556526184,4.638916742770373,1,4.651172811240924
2396.5004460811615,4.633822258013229,1,4.654047651113238
2396.578782558441,4.63127501563466,1,4.6554850710493945
2396.6558005809784,4.628727773256092,1,4.65692249098555
2396.7330832481384,4.626180530877516,1,4.658359910921709
2396.8109471797943,4.636369500391805,1,4.6526102311770785
2396.9029603004456,4.644011227527518,1,4.648297971368608
2396.9816830158234,4.638916742770373,1,4.651172811240924
2397.0589258670807,4.63127501563466,1,4.6554850710493945
2397.137111902237,4.644011227527518,1,4.648297971368608
2397.2156748771667,4.63127501563466,1,4.6554850710493945
2397.2946627140045,4.623633288498947,1,4.659797330857865
2397.3720347881317,4.649105712284662,1,4.645423131496294
2397.481274366379,4.649105712284662,1,4.645423131496294
2397.55926656723,4.638916742770373,1,4.651172811240924
2397.6520295143127,4.638916742770373,1,4.651172811240924
2397.7447814941406,4.638916742770373,1,4.651172811240924
2397.838532447815,4.644011227527518,1,4.648297971368608
2397.949234485626,4.638916742770373,1,4.651172811240924
2398.0459764003754,4.633822258013229,1,4.654047651113238
2398.153562307358,4.654200197041806,1,4.642548291623978
2398.249311685562,4.644011227527518,1,4.648297971368608
2398.342901945114,4.628727773256092,1,4.65692249098555
2398.4367253780365,4.654200197041806,1,4.642548291623978
2398.516574382782,4.638916742770373,1,4.651172811240924
2398.594439268112,4.651652954663238,1,4.643985711560134
2398.688183069229,4.654200197041806,1,4.642548291623978
2398.7819335460663,4.628727773256092,1,4.65692249098555
2398.8756823539734,4.638916742770373,1,4.651172811240924
2398.9694316387177,4.646558469906093,1,4.646860551432448
2399.063180923462,4.633822258013229,1,4.654047651113238
2399.156930208206,4.654200197041806,1,4.642548291623978
2399.249681711197,4.641463985148949,1,4.649735391304764
2399.391816139221,4.651652954663238,1,4.643985711560134
2399.48357629776,4.644011227527518,1,4.648297971368608
2399.578323841095,4.649105712284662,1,4.645423131496294
2399.6724801063538,4.654200197041806,1,4.642548291623978
2399.7803585529327,4.651652954663238,1,4.643985711560134
2399.889068841934,4.649105712284662,1,4.645423131496294
2399.9973664283752,4.641463985148949,1,4.649735391304764
2400.0915744304657,4.654200197041806,1,4.642548291623978
2400.1843326091766,4.649105712284662,1,4.645423131496294
2400.293039083481,4.656747439420382,1,4.641110871687818
2400.387138366699,4.661841924177519,1,4.638236031815508
2400.4635984897614,4.641463985148949,1,4.649735391304764
2400.540590763092,4.664389166556095,1,4.636798611879348
2400.6186327934265,4.669483651313239,1,4.633923772007034
2400.712334871292,4.661841924177519,1,4.638236031815508
2400.789719581604,4.661841924177519,1,4.638236031815508
2400.8679192066193,4.654200197041806,1,4.642548291623978
2400.9467644691467,4.649105712284662,1,4.645423131496294
2401.025542974472,4.659294681798951,1,4.639673451751664
2401.1024954319,4.666936408934664,1,4.6353611919431925
2401.211923599243,4.654200197041806,1,4.642548291623978
2401.3076968193054,4.646558469906093,1,4.646860551432448
2401.417783975601,4.661841924177519,1,4.638236031815508
2401.545441865921,4.664389166556095,1,4.636798611879348
2401.654997587204,4.666936408934664,1,4.6353611919431925
2401.7472491264343,4.664389166556095,1,4.636798611879348
2401.823386192322,4.664389166556095,1,4.636798611879348
2401.903115749359,4.672030893691808,1,4.6324863520708774
2401.9978580474854,4.641463985148949,1,4.649735391304764
2402.1055715084076,4.666936408934664,1,4.6353611919431925
2402.214340209961,4.654200197041806,1,4.642548291623978
2402.3240489959717,4.669483651313239,1,4.633923772007034
2402.43275642395,4.654200197041806,1,4.642548291623978
2402.5408143997192,4.656747439420382,1,4.641110871687818
2402.6196727752686,4.700050559856098,1,4.616674732773147
2402.697432756424,4.661841924177519,1,4.638236031815508
2402.774703979492,4.669483651313239,1,4.633923772007034
2402.850679397583,4.669483651313239,1,4.633923772007034
2402.9279096126556,4.651652954663238,1,4.643985711560134
2403.0039331912994,4.664389166556095,1,4.636798611879348
2403.1128208637238,4.661841924177519,1,4.638236031815508
2403.205459833145,4.682219863206097,1,4.626736672326247
2403.297213792801,4.674578136070384,1,4.631048932134718
2403.389820575714,4.672030893691808,1,4.6324863520708774
2403.485563993454,4.677125378448952,1,4.629611512198563
2403.5814411640167,4.656747439420382,1,4.641110871687818
2403.672862291336,4.664389166556095,1,4.636798611879348
2403.766452074051,4.669483651313239,1,4.633923772007034
2403.858206510544,4.672030893691808,1,4.6324863520708774
2403.95388007164,4.664389166556095,1,4.636798611879348
2404.031658411026,4.664389166556095,1,4.636798611879348
2404.123412847519,4.674578136070384,1,4.631048932134718
2404.219156265259,4.674578136070384,1,4.631048932134718
2404.310836315155,4.666936408934664,1,4.6353611919431925
2404.4050052165985,4.664389166556095,1,4.636798611879348
2404.498763561249,4.656747439420382,1,4.641110871687818
2404.5925126075745,4.666936408934664,1,4.6353611919431925
2404.688147544861,4.672030893691808,1,4.6324863520708774
2404.8098430633545,4.664389166556095,1,4.636798611879348
2404.9035878181458,4.687314347963241,1,4.623861832453933
2405.0292558670044,4.664389166556095,1,4.636798611879348
2405.124999523163,4.677125378448952,1,4.629611512198563
2405.2048099040985,4.666936408934664,1,4.6353611919431925
2405.2817130088806,4.666936408934664,1,4.6353611919431925
2405.375463247299,4.674578136070384,1,4.631048932134718
2405.4682326316833,4.6847671055846725,1,4.6252992523900875
2405.5602786540985,4.6847671055846725,1,4.6252992523900875
2405.6547482013702,4.682219863206097,1,4.626736672326247
2405.764455318451,4.672030893691808,1,4.6324863520708774
2405.857631921768,4.677125378448952,1,4.629611512198563
2405.9506425857544,4.6847671055846725,1,4.6252992523900875
2406.0444049835205,4.664389166556095,1,4.636798611879348
2406.1369273662567,4.6847671055846725,1,4.6252992523900875
2406.246835708618,4.674578136070384,1,4.631048932134718
2406.341875553131,4.682219863206097,1,4.626736672326247
2406.4207334518433,4.68986159034181,1,4.622424412517777
2406.4995465278625,4.6847671055846725,1,4.6252992523900875
2406.5952908992767,4.677125378448952,1,4.629611512198563
2406.686534166336,4.68986159034181,1,4.622424412517777
2406.778297662735,4.6847671055846725,1,4.6252992523900875
2406.902988433838,4.679672620827528,1,4.6281740922624035
2406.9957480430603,4.6847671055846725,1,4.6252992523900875
2407.0915026664734,4.677125378448952,1,4.629611512198563
2407.183273792267,4.687314347963241,1,4.623861832453933
2407.2770414352417,4.679672620827528,1,4.6281740922624035
2407.3688349723816,4.679672620827528,1,4.6281740922624035
2407.463423013687,4.677125378448952,1,4.629611512198563
2407.55762386322,4.682219863206097,1,4.626736672326247
2407.6337349414825,4.677125378448952,1,4.629611512198563
2407.7122070789337,4.682219863206097,1,4.626736672326247
2407.8059554100037,4.700050559856098,1,4.616674732773147
2407.898708343506,4.68986159034181,1,4.622424412517777
2407.990462779999,4.6924088327203854,1,4.620986992581617
2408.082839012146,4.6847671055846725,1,4.6252992523900875
2408.1745970249176,4.6847671055846725,1,4.6252992523900875
2408.266348361969,4.6924088327203854,1,4.620986992581617
2408.3598098754883,4.687314347963241,1,4.623861832453933
2408.4529373645782,4.702597802234674,1,4.615237312836987
2408.560844182968,4.677125378448952,1,4.629611512198563
2408.6537499427795,4.705145044613243,1,4.613799892900832
2408.7774748802185,4.677125378448952,1,4.629611512198563
2408.855233192444,4.69750331747753,1,4.618112152709303
2408.933026075363,4.705145044613243,1,4.613799892900832
2409.024045228958,4.705145044613243,1,4.613799892900832
2409.1197900772095,4.705145044613243,1,4.613799892900832
2409.2151923179626,4.6847671055846725,1,4.6252992523900875
2409.30690073967,4.694956075098954,1,4.619549572645462
2409.4002628326416,4.705145044613243,1,4.613799892900832
2409.493010044098,4.694956075098954,1,4.619549572645462
2409.588755130768,4.6847671055846725,1,4.6252992523900875
2409.6825037002563,4.694956075098954,1,4.619549572645462
2409.7752344608307,4.69750331747753,1,4.618112152709303
2409.868983268738,4.705145044613243,1,4.613799892900832
2409.963057041168,4.6924088327203854,1,4.620986992581617
2410.0421833992004,4.69750331747753,1,4.618112152709303
2410.11997961998,4.694956075098954,1,4.619549572645462
2410.2127273082733,4.694956075098954,1,4.619549572645462
2410.307473897934,4.6847671055846725,1,4.6252992523900875
2410.399228811264,4.702597802234674,1,4.615237312836987
2410.493420124054,4.694956075098954,1,4.619549572645462
2410.602256298065,4.6924088327203854,1,4.620986992581617
2410.6800372600555,4.694956075098954,1,4.619549572645462
2410.759479045868,4.69750331747753,1,4.618112152709303
2410.8384189605713,4.694956075098954,1,4.619549572645462
2410.9307057857513,4.69750331747753,1,4.618112152709303
2411.0082066059113,4.705145044613243,1,4.613799892900832
2411.0867841243744,4.705145044613243,1,4.613799892900832
2411.1630754470825,4.694956075098954,1,4.619549572645462
2411.2404050827026,4.702597802234674,1,4.615237312836987
2411.3194963932037,4.710239529370387,1,4.610925053028517
2411.3959517478943,4.68986159034181,1,4.622424412517777
2411.4751296043396,4.705145044613243,1,4.613799892900832
2411.5529737472534,4.712786771748963,1,4.609487633092357
2411.6279323101044,4.694956075098954,1,4.619549572645462
2411.7058997154236,4.700050559856098,1,4.616674732773147
2411.7838065624237,4.705145044613243,1,4.613799892900832
2411.866580247879,4.710239529370387,1,4.610925053028517
2411.9544060230255,4.7178812565061,1,4.606612793220046
2412.031858921051,4.702597802234674,1,4.615237312836987
2412.125614643097,4.69750331747753,1,4.618112152709303
2412.233017206192,4.710239529370387,1,4.610925053028517
2412.310965538025,4.7076922869918185,1,4.612362472964673
2412.4032773971558,4.710239529370387,1,4.610925053028517
2412.49759721756,4.710239529370387,1,4.610925053028517
2412.592315196991,4.700050559856098,1,4.616674732773147
2412.688079357147,4.710239529370387,1,4.610925053028517
2412.7788619995117,4.700050559856098,1,4.616674732773147
2412.873755455017,4.700050559856098,1,4.616674732773147
2412.967574119568,4.7153340141275315,1,4.608050213156202
2413.060822248459,4.7076922869918185,1,4.612362472964673
2413.1546211242676,4.72552298364182,1,4.602300533411571
2413.2474179267883,4.705145044613243,1,4.613799892900832
2413.326462984085,4.712786771748963,1,4.609487633092357
2413.405339241028,4.7153340141275315,1,4.608050213156202
2413.4828419685364,4.72552298364182,1,4.602300533411571
2413.560639858246,4.705145044613243,1,4.613799892900832
2413.6384377479553,4.7153340141275315,1,4.608050213156202
2413.7321813106537,4.705145044613243,1,4.613799892900832
2413.8279247283936,4.702597802234674,1,4.615237312836987
2413.921875476837,4.720428498884676,1,4.6051753732838865
2414.0470480918884,4.702597802234674,1,4.615237312836987
2414.1398005485535,4.712786771748963,1,4.609487633092357
2414.232348918915,4.728070226020389,1,4.600863113475416
2414.32612156868,4.7153340141275315,1,4.608050213156202
2414.419820547104,4.7178812565061,1,4.606612793220046
2414.498867034912,4.7178812565061,1,4.606612793220046
2414.5760605335236,4.7153340141275315,1,4.608050213156202
2414.6698257923126,4.7178812565061,1,4.606612793220046
2414.7635781764984,4.7178812565061,1,4.606612793220046
2414.8573276996613,4.710239529370387,1,4.610925053028517
2414.9530687332153,4.7153340141275315,1,4.608050213156202
2415.0478439331055,4.710239529370387,1,4.610925053028517
2415.14031124115,4.720428498884676,1,4.6051753732838865
2415.2340598106384,4.72552298364182,1,4.602300533411571
2415.328277349472,4.7153340141275315,1,4.608050213156202
2415.4212486743927,4.72552298364182,1,4.602300533411571
2415.5144894123077,4.7178812565061,1,4.606612793220046
2415.6082122325897,4.7076922869918185,1,4.612362472964673
2415.7008509635925,4.7153340141275315,1,4.608050213156202
2415.7797095775604,4.720428498884676,1,4.6051753732838865
2415.906387090683,4.7178812565061,1,4.606612793220046
2416.001040458679,4.7153340141275315,1,4.608050213156202
2416.0937962532043,4.72552298364182,1,4.602300533411571
2416.188542842865,4.7153340141275315,1,4.608050213156202
2416.281021595001,4.730617468398965,1,4.599425693539256
2416.375302553177,4.7153340141275315,1,4.608050213156202
2416.470050096512,4.730617468398965,1,4.599425693539256
2416.5637986660004,4.728070226020389,1,4.600863113475416
2416.655601978302,4.735711953156109,1,4.596550853666941
2416.749866247177,4.740806437913253,1,4.593676013794626
2416.843569755554,4.728070226020389,1,4.600863113475416
2416.921907186508,4.735711953156109,1,4.596550853666941
2417.0146226882935,4.743353680291822,1,4.592238593858471
2417.1090519428253,4.712786771748963,1,4.609487633092357
2417.2167553901672,4.730617468398965,1,4.599425693539256
2417.3105053901672,4.7229757412632445,1,4.603737953347731
2417.4060361385345,4.733164710777533,1,4.597988273603101
2417.498787879944,4.728070226020389,1,4.600863113475416
2417.5926642417908,4.72552298364182,1,4.602300533411571
2417.6864156723022,4.743353680291822,1,4.592238593858471
2417.81206035614,4.7178812565061,1,4.606612793220046
2417.904848098755,4.748448165048966,1,4.589363753986156
2417.99960231781,4.733164710777533,1,4.597988273603101
2418.0923471450806,4.7229757412632445,1,4.603737953347731
2418.1841106414795,4.730617468398965,1,4.599425693539256
2418.2798459529877,4.728070226020389,1,4.600863113475416
2418.387560606003,4.740806437913253,1,4.593676013794626
2418.4806563854218,4.72552298364182,1,4.602300533411571
2418.5745706558228,4.728070226020389,1,4.600863113475416
2418.682231903076,4.740806437913253,1,4.593676013794626
2418.7762792110443,4.735711953156109,1,4.596550853666941
2418.868750333786,4.733164710777533,1,4.597988273603101
2418.962830066681,4.7229757412632445,1,4.603737953347731
2419.0555827617645,4.740806437913253,1,4.593676013794626
2419.149921655655,4.735711953156109,1,4.596550853666941
2419.2616395950317,4.730617468398965,1,4.599425693539256
2419.3698489665985,4.740806437913253,1,4.593676013794626
2419.464122056961,4.733164710777533,1,4.597988273603101
2419.5568726062775,4.7459009226703905,1,4.590801173922316
2419.6506214141846,4.735711953156109,1,4.596550853666941
2419.8082003593445,4.7229757412632445,1,4.603737953347731
2419.9039459228516,4.735711953156109,1,4.596550853666941
2419.9977135658264,4.743353680291822,1,4.592238593858471
2420.0914657115936,4.743353680291822,1,4.592238593858471
2420.1712517738342,4.756089892184679,1,4.585051494177685
2420.265022277832,4.7459009226703905,1,4.590801173922316
2420.3448102474213,4.735711953156109,1,4.596550853666941
2420.438600540161,4.748448165048966,1,4.589363753986156
2420.5161542892456,4.740806437913253,1,4.593676013794626
2420.595285654068,4.738259195534678,1,4.595113433730786
2420.68802690506,4.743353680291822,1,4.592238593858471
2420.781252145767,4.7459009226703905,1,4.590801173922316
2420.8765115737915,4.750995407427535,1,4.58792633405
2420.9692590236664,4.753542649806111,1,4.586488914113841
2421.063008785248,4.738259195534678,1,4.595113433730786
2421.1577553749084,4.738259195534678,1,4.595113433730786
2421.2505066394806,4.756089892184679,1,4.585051494177685
2421.3442571163177,4.733164710777533,1,4.597988273603101
2421.438006401062,4.758637134563255,1,4.583614074241526
2421.533449649811,4.753542649806111,1,4.586488914113841
2421.6551480293274,4.738259195534678,1,4.595113433730786
2421.7328259944916,4.753542649806111,1,4.586488914113841
2421.812189102173,4.7459009226703905,1,4.590801173922316
2421.90496134758,4.758637134563255,1,4.583614074241526
2421.997751712799,4.743353680291822,1,4.592238593858471
2422.0920095443726,4.743353680291822,1,4.592238593858471
2422.184186935425,4.756089892184679,1,4.585051494177685
2422.2789330482483,4.740806437913253,1,4.593676013794626
2422.3732511997223,4.748448165048966,1,4.589363753986156
2422.468806028366,4.756089892184679,1,4.585051494177685
2422.5636043548584,4.748448165048966,1,4.589363753986156
2422.6561410427094,4.748448165048966,1,4.589363753986156
2422.7498922348022,4.761184376941824,1,4.5821766543053695
2422.843680381775,4.750995407427535,1,4.58792633405
2422.9216754436493,4.758637134563255,1,4.583614074241526
2423.0009121894836,4.763731619320399,1,4.580739234369211
2423.0946221351624,4.7459009226703905,1,4.590801173922316
2423.1883709430695,4.761184376941824,1,4.5821766543053695
2423.2811300754547,4.7459009226703905,1,4.590801173922316
2423.3758776187897,4.750995407427535,1,4.58792633405
2423.50057554245,4.768826104077544,1,4.5778643944968955
2423.5923607349396,4.763731619320399,1,4.580739234369211
2423.6861276626587,4.748448165048966,1,4.589363753986156
2423.779905796051,4.756089892184679,1,4.585051494177685
2423.8736946582794,4.763731619320399,1,4.580739234369211
2423.9673941135406,4.758637134563255,1,4.583614074241526
2424.0588734149933,4.750995407427535,1,4.58792633405
2424.1380355358124,4.750995407427535,1,4.58792633405
2424.2166905403137,4.756089892184679,1,4.585051494177685
2424.295480966568,4.753542649806111,1,4.586488914113841
2424.39080953598,4.7459009226703905,1,4.590801173922316
2424.4842064380646,4.756089892184679,1,4.585051494177685
2424.5769588947296,4.756089892184679,1,4.585051494177685
2424.6717035770416,4.766278861698968,1,4.579301814433055
2424.762923717499,4.758637134563255,1,4.583614074241526
2424.857035636902,4.761184376941824,1,4.5821766543053695
2424.9500436782837,4.771373346456112,1,4.576426974560739
2425.0437927246094,4.748448165048966,1,4.589363753986156
2425.137546300888,4.768826104077544,1,4.5778643944968955
2425.2305560112,4.766278861698968,1,4.579301814433055
2425.3392748832703,4.761184376941824,1,4.5821766543053695
2425.4161727428436,4.756089892184679,1,4.585051494177685
2425.5119371414185,4.7459009226703905,1,4.590801173922316
2425.605705499649,4.763731619320399,1,4.580739234369211
2425.697459459305,4.756089892184679,1,4.585051494177685
2425.8080513477325,4.756089892184679,1,4.585051494177685
2425.9018013477325,4.761184376941824,1,4.5821766543053695
2425.995065689087,4.753542649806111,1,4.586488914113841
2426.089823246002,4.761184376941824,1,4.5821766543053695
2426.1842839717865,4.763731619320399,1,4.580739234369211
2426.2788825035095,4.761184376941824,1,4.5821766543053695
2426.3708069324493,4.78410955834897,1,4.569239874879955
2426.462902545929,4.766278861698968,1,4.579301814433055
2426.542004108429,4.761184376941824,1,4.5821766543053695
2426.619814634323,4.773920588834681,1,4.574989554624585
2426.714411020279,4.768826104077544,1,4.5778643944968955
2426.809168815613,4.761184376941824,1,4.5821766543053695
2426.902809381485,4.773920588834681,1,4.574989554624585
2426.9985489845276,4.768826104077544,1,4.5778643944968955
2427.0920464992523,4.753542649806111,1,4.586488914113841
2427.2170345783234,4.768826104077544,1,4.5778643944968955
2427.30907869339,4.766278861698968,1,4.579301814433055
2427.4006836414337,4.781562315970401,1,4.570677294816109
2427.4936335086823,4.776467831213257,1,4.573552134688425
2427.5883791446686,4.789204043106114,1,4.566365035007639
2427.681652069092,4.776467831213257,1,4.573552134688425
2427.757653951645,4.776467831213257,1,4.573552134688425
2427.851946115494,4.779015073591825,1,4.572114714752269
2427.9460015296936,4.781562315970401,1,4.570677294816109
2428.0397510528564,4.789204043106114,1,4.566365035007639
2428.135494709015,4.789204043106114,1,4.566365035007639
2428.229243993759,4.763731619320399,1,4.580739234369211
2428.3246150016785,4.766278861698968,1,4.579301814433055
2428.417604446411,4.773920588834681,1,4.574989554624585
2428.5103566646576,4.773920588834681,1,4.574989554624585
2428.6061124801636,4.781562315970401,1,4.570677294816109
2428.699878692627,4.776467831213257,1,4.573552134688425
2428.795605659485,4.766278861698968,1,4.579301814433055
2428.8908352851868,4.789204043106114,1,4.566365035007639
2428.968094110489,4.779015073591825,1,4.572114714752269
2429.092762708664,4.771373346456112,1,4.576426974560739
2429.2004330158234,4.78410955834897,1,4.569239874879955
2429.2951834201813,4.771373346456112,1,4.576426974560739
2429.3889605998993,4.781562315970401,1,4.570677294816109
2429.4842405319214,4.78410955834897,1,4.569239874879955
2429.59295463562,4.771373346456112,1,4.576426974560739
2429.6850266456604,4.79175128548469,1,4.564927615071479
2429.7778029441833,4.773920588834681,1,4.574989554624585
2429.8700029850006,4.79175128548469,1,4.564927615071479
2429.9647929668427,4.771373346456112,1,4.576426974560739
2430.0566120147705,4.789204043106114,1,4.566365035007639
2430.1344079971313,4.796845770241834,1,4.562052775199165
2430.2142102718353,4.786656800727545,1,4.567802454943795
2430.307960987091,4.781562315970401,1,4.570677294816109
2430.402767419815,4.799393012620403,1,4.560615355263009
2430.497819662094,4.779015073591825,1,4.572114714752269
2430.5908176898956,4.796845770241834,1,4.562052775199165
2430.685559988022,4.781562315970401,1,4.570677294816109
2430.7787771224976,4.78410955834897,1,4.569239874879955
2430.870805501938,4.794298527863258,1,4.563490195135325
2430.9973242282867,4.79175128548469,1,4.564927615071479
2431.0909588336945,4.773920588834681,1,4.574989554624585
2431.184762954712,4.789204043106114,1,4.566365035007639
2431.275914669037,4.794298527863258,1,4.563490195135325
2431.3546044826508,4.799393012620403,1,4.560615355263009
2431.448137521744,4.78410955834897,1,4.569239874879955
2431.5401566028595,4.78410955834897,1,4.569239874879955
2431.634157896042,4.786656800727545,1,4.567802454943795
2431.725421667099,4.781562315970401,1,4.570677294816109
2431.820126056671,4.794298527863258,1,4.563490195135325
2431.9154143333435,4.786656800727545,1,4.567802454943795
2432.008689403534,4.789204043106114,1,4.566365035007639
2432.100629091263,4.796845770241834,1,4.562052775199165
2432.191477060318,4.79175128548469,1,4.564927615071479
2432.2837438583374,4.796845770241834,1,4.562052775199165
2432.3769521713257,4.79175128548469,1,4.564927615071479
2432.46963763237,4.79175128548469,1,4.564927615071479
2432.5476303100586,4.796845770241834,1,4.562052775199165
2432.6417331695557,4.789204043106114,1,4.566365035007639
2432.734909057617,4.796845770241834,1,4.562052775199165
2432.8585982322693,4.794298527863258,1,4.563490195135325
2432.9505729675293,4.799393012620403,1,4.560615355263009
2433.0457928180695,4.79175128548469,1,4.564927615071479
2433.1394534111023,4.799393012620403,1,4.560615355263009
2433.2334609031677,4.8095819821346915,1,4.5548656755183785
2433.3272302150726,4.796845770241834,1,4.562052775199165
2433.420022726059,4.794298527863258,1,4.563490195135325
2433.5157701969147,4.804487497377547,1,4.5577405153906945
2433.608540534973,4.807034739756116,1,4.556303095454538
2433.7013232707977,4.796845770241834,1,4.562052775199165
2433.79704618454,4.796845770241834,1,4.562052775199165
2433.9047565460205,4.81212922451326,1,4.553428255582223
2433.9975085258484,4.789204043106114,1,4.566365035007639
2434.1039941310883,4.817223709270404,1,4.550553415709908
2434.1982505321503,4.79175128548469,1,4.564927615071479
2434.291999101639,4.804487497377547,1,4.5577405153906945
2434.3867530822754,4.807034739756116,1,4.556303095454538
2434.4807000160217,4.799393012620403,1,4.560615355263009
2434.574557542801,4.8095819821346915,1,4.5548656755183785
2434.668126821518,4.8095819821346915,1,4.5548656755183785
2434.8077535629272,4.817223709270404,1,4.550553415709908
2434.903496980667,4.804487497377547,1,4.5577405153906945
2435.0114595890045,4.804487497377547,1,4.5577405153906945
2435.1053993701935,4.817223709270404,1,4.550553415709908
2435.1993815898895,4.81212922451326,1,4.553428255582223
2435.291342973709,4.799393012620403,1,4.560615355263009
2435.386773586273,4.827412678784693,1,4.544803735965278
2435.478528738022,4.807034739756116,1,4.556303095454538
2435.588025331497,4.822318194027549,1,4.547678575837593
2435.6958253383636,4.79175128548469,1,4.564927615071479
2435.79057097435,4.81977095164898,1,4.549115995773748
2435.88631606102,4.817223709270404,1,4.550553415709908
2435.980065345764,4.81212922451326,1,4.553428255582223
2436.08864068985,4.81212922451326,1,4.553428255582223
2436.1793971061707,4.8095819821346915,1,4.5548656755183785
2436.2731692790985,4.804487497377547,1,4.5577405153906945
2436.3668270111084,4.81212922451326,1,4.553428255582223
2436.4605765342712,4.8095819821346915,1,4.5548656755183785
2436.5543258190155,4.807034739756116,1,4.556303095454538
2436.648076057434,4.801940254998971,1,4.559177935326853
2436.789701938629,4.817223709270404,1,4.550553415709908
2436.899430513382,4.8248654364061245,1,4.546241155901434
2436.9945452213287,4.8095819821346915,1,4.5548656755183785
2437.0863308906555,4.814676466891836,1,4.551990835646064
2437.194370985031,4.814676466891836,1,4.551990835646064
2437.2869617938995,4.822318194027549,1,4.547678575837593
2437.3796038627625,4.817223709270404,1,4.550553415709908
2437.4745633602142,4.814676466891836,1,4.551990835646064
2437.5683484077454,4.81977095164898,1,4.549115995773748
2437.659136533737,4.81977095164898,1,4.549115995773748
2437.75488114357,4.81977095164898,1,4.549115995773748
2437.8485991954803,4.8325071635418375,1,4.541928896092963
2437.9543170928955,4.822318194027549,1,4.547678575837593
2438.048100233078,4.8095819821346915,1,4.5548656755183785
2438.1420800685883,4.814676466891836,1,4.551990835646064
2438.234832048416,4.829959921163262,1,4.543366316029123
2438.326638698578,4.814676466891836,1,4.551990835646064
2438.4208948612213,4.827412678784693,1,4.544803735965278
2438.529609441757,4.814676466891836,1,4.551990835646064
2438.6216173171997,4.8248654364061245,1,4.546241155901434
2438.7632505893707,4.814676466891836,1,4.551990835646064
2438.8572828769684,4.817223709270404,1,4.550553415709908
2438.953042984009,4.822318194027549,1,4.547678575837593
2439.046306371689,4.814676466891836,1,4.551990835646064
2439.140038728714,4.8248654364061245,1,4.546241155901434
2439.2477514743805,4.814676466891836,1,4.551990835646064
2439.3415071964264,4.8325071635418375,1,4.541928896092963
2439.4342589378357,4.827412678784693,1,4.544803735965278
2439.5270116329193,4.827412678784693,1,4.544803735965278
2439.620445251465,4.8325071635418375,1,4.541928896092963
2439.7143003940582,4.8248654364061245,1,4.546241155901434
2439.8072350025177,4.8248654364061245,1,4.546241155901434
2439.898989200592,4.8248654364061245,1,4.546241155901434
2439.99174118042,4.8248654364061245,1,4.546241155901434
2440.0854816436768,4.8401488906775505,1,4.5376166362844925
2440.1782264709473,4.822318194027549,1,4.547678575837593
2440.28688955307,4.847790617813271,1,4.533304376476018
2440.3942811489105,4.829959921163262,1,4.543366316029123
2440.489024877548,4.837601648298982,1,4.539054056220648
2440.582210302353,4.835054405920406,1,4.540491476156808
2440.7230615615845,4.837601648298982,1,4.539054056220648
2440.816865682602,4.822318194027549,1,4.547678575837593
2440.9086544513702,4.8248654364061245,1,4.546241155901434
2441.002396583557,4.835054405920406,1,4.540491476156808
2441.094149827957,4.829959921163262,1,4.543366316029123
2441.1879000663757,4.835054405920406,1,4.540491476156808
2441.2816729545593,4.842696133056126,1,4.536179216348334
2441.375422477722,4.845243375434695,1,4.5347417964121775
2441.4701702594757,4.837601648298982,1,4.539054056220648
2441.561925172806,4.822318194027549,1,4.547678575837593
2441.6546897888184,4.847790617813271,1,4.533304376476018
2441.749436855316,4.829959921163262,1,4.543366316029123
2441.8431856632233,4.8248654364061245,1,4.546241155901434
2441.9682445526123,4.8325071635418375,1,4.541928896092963
2442.061259031296,4.8248654364061245,1,4.546241155901434
2442.1708548069,4.847790617813271,1,4.533304376476018
2442.280566930771,4.845243375434695,1,4.5347417964121775
2442.3902730941772,4.845243375434695,1,4.5347417964121775
2442.4840264320374,4.8401488906775505,1,4.5376166362844925
2442.578281402588,4.835054405920406,1,4.540491476156808
2442.7164211273193,4.847790617813271,1,4.533304376476018
2442.8107459545135,4.837601648298982,1,4.539054056220648
2442.903340816498,4.835054405920406,1,4.540491476156808
2442.996880531311,4.81977095164898,1,4.549115995773748
2443.0926237106323,4.835054405920406,1,4.540491476156808
2443.201333761215,4.8401488906775505,1,4.5376166362844925
2443.29408454895,4.8325071635418375,1,4.541928896092963
2443.3876519203186,4.845243375434695,1,4.5347417964121775
2443.4803187847137,4.822318194027549,1,4.547678575837593
2443.5740506649017,4.8401488906775505,1,4.5376166362844925
2443.6658053398132,4.842696133056126,1,4.536179216348334
2443.7595541477203,4.8401488906775505,1,4.5376166362844925
2443.853303194046,4.842696133056126,1,4.536179216348334
2443.9468293190002,4.837601648298982,1,4.539054056220648
2444.0259051322937,4.835054405920406,1,4.540491476156808
2444.10422873497,4.857979587327552,1,4.527554696731392
2444.19797873497,4.837601648298982,1,4.539054056220648
2444.277764081955,4.8325071635418375,1,4.541928896092963
2444.371514558792,4.847790617813271,1,4.533304376476018
2444.4642696380615,4.850337860191839,1,4.531866956539862
2444.5869421958923,4.845243375434695,1,4.5347417964121775
2444.6816284656525,4.845243375434695,1,4.5347417964121775
2444.775628089905,4.845243375434695,1,4.5347417964121775
2444.8684380054474,4.868168556841841,1,4.521805016986762
2444.963000059128,4.842696133056126,1,4.536179216348334
2445.0569512844086,4.855432344948984,1,4.528992116667547
2445.150699853897,4.857979587327552,1,4.527554696731392
2445.243991136551,4.837601648298982,1,4.539054056220648
2445.3372519016266,4.852885102570415,1,4.5304295366037035
2445.4140503406525,4.847790617813271,1,4.533304376476018
2445.4929139614105,4.847790617813271,1,4.533304376476018
2445.56915640831,4.855432344948984,1,4.528992116667547
2445.663791179657,4.842696133056126,1,4.536179216348334
2445.7705047130585,4.852885102570415,1,4.5304295366037035
2445.8822073936462,4.852885102570415,1,4.5304295366037035
2445.9909160137177,4.845243375434695,1,4.5347417964121775
2446.1006224155426,4.855432344948984,1,4.528992116667547
2446.2252945899963,4.850337860191839,1,4.531866956539862
2446.3369901180267,4.860526829706128,1,4.526117276795232
2446.4287440776825,4.847790617813271,1,4.533304376476018
2446.599661588669,4.860526829706128,1,4.526117276795232
2446.7089076042175,4.857979587327552,1,4.527554696731392
2446.8186185359955,4.868168556841841,1,4.521805016986762
2446.9093754291534,4.845243375434695,1,4.5347417964121775
2447.016231775284,4.8630740720846966,1,4.524679856859077
2447.096033334732,4.8401488906775505,1,4.5376166362844925
2447.201751232147,4.855432344948984,1,4.528992116667547
2447.3124356269836,4.855432344948984,1,4.528992116667547
2447.422214984894,4.865621314463272,1,4.523242436922917
2447.4996840953827,4.873263041598985,1,4.518930177114447
2447.5816094875336,4.8630740720846966,1,4.524679856859077
2447.670634508133,4.868168556841841,1,4.521805016986762
2447.7484889030457,4.850337860191839,1,4.531866956539862
2447.827395915985,4.850337860191839,1,4.531866956539862
2447.90354847908,4.860526829706128,1,4.526117276795232
2447.982581615448,4.868168556841841,1,4.521805016986762
2448.0596017837524,4.855432344948984,1,4.528992116667547
2448.151642560959,4.8630740720846966,1,4.524679856859077
2448.2274825572968,4.857979587327552,1,4.527554696731392
2448.320267677307,4.868168556841841,1,4.521805016986762
2448.4319775104523,4.857979587327552,1,4.527554696731392
2448.5271966457367,4.855432344948984,1,4.528992116667547
2448.6046211719513,4.865621314463272,1,4.523242436922917
2448.684326648712,4.860526829706128,1,4.526117276795232
2448.7788665294647,4.857979587327552,1,4.527554696731392
2448.887950897217,4.865621314463272,1,4.523242436922917
2448.996660709381,4.852885102570415,1,4.5304295366037035
2449.106365919113,4.873263041598985,1,4.518930177114447
2449.218066930771,4.873263041598985,1,4.518930177114447
2449.3109259605408,4.8630740720846966,1,4.524679856859077
2449.389853000641,4.87835752635613,1,4.516055337242132
2449.4689683914185,4.8630740720846966,1,4.524679856859077
2449.5462548732758,4.868168556841841,1,4.521805016986762
2449.639575481415,4.87835752635613,1,4.516055337242132
2449.7154133319855,4.860526829706128,1,4.526117276795232
2449.793054819107,4.860526829706128,1,4.526117276795232
2449.871966123581,4.87835752635613,1,4.516055337242132
2449.949271440506,4.875810283977561,1,4.517492757178287
2450.0268070697784,4.875810283977561,1,4.517492757178287
2450.1049966812134,4.87835752635613,1,4.516055337242132
2450.212074995041,4.852885102570415,1,4.5304295366037035
2450.289264202118,4.868168556841841,1,4.521805016986762
2450.367290019989,4.87835752635613,1,4.516055337242132
2450.4449474811554,4.880904768734705,1,4.514617917305972
2450.5229728221893,4.883452011113274,1,4.513180497369817
2450.601458311081,4.880904768734705,1,4.514617917305972
2450.6774818897247,4.87835752635613,1,4.516055337242132
2450.757330417633,4.873263041598985,1,4.518930177114447
2450.8340516090393,4.870715799220417,1,4.520367597050602
2450.9114632606506,4.873263041598985,1,4.518930177114447
2450.9906845092773,4.875810283977561,1,4.517492757178287
2451.0704884529114,4.87835752635613,1,4.516055337242132
2451.163507938385,4.870715799220417,1,4.520367597050602
2451.242612361908,4.875810283977561,1,4.517492757178287
2451.3212282657623,4.87835752635613,1,4.516055337242132
2451.397617340088,4.857979587327552,1,4.527554696731392
2451.4754083156586,4.870715799220417,1,4.520367597050602
2451.552883863449,4.880904768734705,1,4.514617917305972
2451.6448793411255,4.873263041598985,1,4.518930177114447
2451.7227790355682,4.885999253491843,1,4.51174307743366
2451.830837249756,4.8630740720846966,1,4.524679856859077
2451.9084062576294,4.865621314463272,1,4.523242436922917
2451.9856486320496,4.888546495870418,1,4.510305657497502
2452.0613758563995,4.87835752635613,1,4.516055337242132
2452.1397852897644,4.885999253491843,1,4.51174307743366
2452.2167122364044,4.880904768734705,1,4.514617917305972
2452.294793367386,4.873263041598985,1,4.518930177114447
2452.374758720398,4.87835752635613,1,4.516055337242132
2452.453582048416,4.888546495870418,1,4.510305657497502
2452.5452756881714,4.87835752635613,1,4.516055337242132
2452.623744249344,4.87835752635613,1,4.516055337242132
2452.7166039943695,4.893640980627563,1,4.5074308176251865
2452.7937965393066,4.883452011113274,1,4.513180497369817
2452.8726150989532,4.883452011113274,1,4.513180497369817
2452.95068192482,4.896188223006131,1,4.50599339768903
2453.027391433716,4.868168556841841,1,4.521805016986762
2453.106349468231,4.891093738248987,1,4.508868237561346
2453.1832790374756,4.896188223006131,1,4.50599339768903
2453.258550643921,4.885999253491843,1,4.51174307743366
2453.3373141288757,4.885999253491843,1,4.51174307743366
2453.4457499980927,4.870715799220417,1,4.520367597050602
2453.5246946811676,4.891093738248987,1,4.508868237561346
2453.6030921936035,4.893640980627563,1,4.5074308176251865
2453.6814086437225,4.875810283977561,1,4.517492757178287
2453.7605109214783,4.885999253491843,1,4.51174307743366
2453.8373985290527,4.898735465384707,1,4.504555977752871
2453.9150137901306,4.873263041598985,1,4.518930177114447
2453.993784427643,4.885999253491843,1,4.51174307743366
2454.0718355178833,4.896188223006131,1,4.50599339768903
2454.148480653763,4.896188223006131,1,4.50599339768903
2454.2418279647827,4.885999253491843,1,4.51174307743366
2454.3362667560577,4.883452011113274,1,4.513180497369817
2454.4449746608734,4.880904768734705,1,4.514617917305972
2454.540778160095,4.896188223006131,1,4.50599339768903
2454.635792016983,4.896188223006131,1,4.50599339768903
2454.713812351227,4.898735465384707,1,4.504555977752871
2454.790982723236,4.896188223006131,1,4.50599339768903
2454.868161201477,4.896188223006131,1,4.50599339768903
2454.961918115616,4.87835752635613,1,4.516055337242132
2455.07177400589,4.901282707763276,1,4.503118557816716
2455.225382566452,4.893640980627563,1,4.5074308176251865
2455.3029057979584,4.891093738248987,1,4.508868237561346
2455.3782320022583,4.893640980627563,1,4.5074308176251865
2455.455049753189,4.911471677277564,1,4.497368878072086
2455.5471229553223,4.888546495870418,1,4.510305657497502
2455.6243855953217,4.888546495870418,1,4.510305657497502
2455.7182047367096,4.898735465384707,1,4.504555977752871
2455.810217142105,4.885999253491843,1,4.51174307743366
2455.8898689746857,4.896188223006131,1,4.50599339768903
2455.967329263687,4.893640980627563,1,4.5074308176251865
2456.0436861515045,4.888546495870418,1,4.510305657497502
2456.121544122696,4.896188223006131,1,4.50599339768903
2456.2172911167145,4.896188223006131,1,4.50599339768903
2456.3252835273743,4.896188223006131,1,4.50599339768903
2456.4349477291107,4.896188223006131,1,4.50599339768903
2456.526127099991,4.880904768734705,1,4.514617917305972
2456.604461669922,4.898735465384707,1,4.504555977752871
2456.6832132339478,4.903829950141851,1,4.501681137880556
2456.7602179050446,4.896188223006131,1,4.50599339768903
2456.8553342819214,4.916566162034709,1,4.49449403819977
2456.9641098976135,4.896188223006131,1,4.50599339768903
2457.0408520698547,4.901282707763276,1,4.503118557816716
2457.1508328914642,4.898735465384707,1,4.504555977752871
2457.2603075504303,4.901282707763276,1,4.503118557816716
2457.3710148334503,4.908924434898996,1,4.498806298008241
2457.4628603458405,4.888546495870418,1,4.510305657497502
2457.5407433509827,4.891093738248987,1,4.508868237561346
2457.6205480098724,4.90637719252042,1,4.5002437179444
2457.7272639274597,4.898735465384707,1,4.504555977752871
2457.8379669189453,4.903829950141851,1,4.501681137880556
2457.9486796855927,4.908924434898996,1,4.498806298008241
2458.0723402500153,4.911471677277564,1,4.497368878072086
2458.1656017303467,4.898735465384707,1,4.504555977752871
2458.2416446208954,4.903829950141851,1,4.501681137880556
2458.3344655036926,4.90637719252042,1,4.5002437179444
2458.40975189209,4.903829950141851,1,4.501681137880556
2458.488622903824,4.903829950141851,1,4.501681137880556
2458.565226793289,4.898735465384707,1,4.504555977752871
2458.6408290863037,4.893640980627563,1,4.5074308176251865
2458.7196583747864,4.916566162034709,1,4.49449403819977
2458.8276555538177,4.896188223006131,1,4.50599339768903
2458.919504404068,4.919113404413277,1,4.493056618263616
2459.0152490139008,4.898735465384707,1,4.504555977752871
2459.1239562034607,4.921660646791853,1,4.491619198327456
2459.218826532364,4.908924434898996,1,4.498806298008241
2459.296671152115,4.908924434898996,1,4.498806298008241
2459.41983795166,4.898735465384707,1,4.504555977752871
2459.528225183487,4.898735465384707,1,4.504555977752871
2459.621998310089,4.914018919656133,1,4.49593145813593
2459.701048851013,4.916566162034709,1,4.49449403819977
2459.7792825698853,4.903829950141851,1,4.501681137880556
2459.873271226883,4.908924434898996,1,4.498806298008241
2459.9507546424866,4.911471677277564,1,4.497368878072086
2460.0288796424866,4.898735465384707,1,4.504555977752871
2460.1082124710083,4.908924434898996,1,4.498806298008241
2460.1852321624756,4.914018919656133,1,4.49593145813593
2460.2778086662292,4.898735465384707,1,4.504555977752871
2460.37073469162,4.90637719252042,1,4.5002437179444
2460.4477610588074,4.911471677277564,1,4.497368878072086
2460.524603366852,4.908924434898996,1,4.498806298008241
2460.6354541778564,4.914018919656133,1,4.49593145813593
2460.7139019966125,4.903829950141851,1,4.501681137880556
2460.8054308891296,4.931849616306142,1,4.485869518582826
2460.8832190036774,4.924207889170422,1,4.4901817783913
2460.960841655731,4.90637719252042,1,4.5002437179444
2461.038084745407,4.921660646791853,1,4.491619198327456
2461.1160061359406,4.903829950141851,1,4.501681137880556
2461.193972826004,4.90637719252042,1,4.5002437179444
2461.2725789546967,4.908924434898996,1,4.498806298008241
2461.3508112430573,4.924207889170422,1,4.4901817783913
2461.442530155182,4.901282707763276,1,4.503118557816716
2461.5338385105133,4.916566162034709,1,4.49449403819977
2461.624835252762,4.924207889170422,1,4.4901817783913
2461.702704668045,4.929302373927566,1,4.487306938518985
2461.7808096408844,4.911471677277564,1,4.497368878072086
2461.860160589218,4.914018919656133,1,4.49593145813593
2461.9512004852295,4.929302373927566,1,4.487306938518985
2462.027301311493,4.924207889170422,1,4.4901817783913
2462.107118368149,4.929302373927566,1,4.487306938518985
2462.184142112732,4.921660646791853,1,4.491619198327456
2462.2909927368164,4.921660646791853,1,4.491619198327456
2462.3838794231415,4.911471677277564,1,4.497368878072086
2462.4736325740814,4.916566162034709,1,4.49449403819977
2462.5670561790466,4.9267551315489975,1,4.48874435845514
2462.6448192596436,4.916566162034709,1,4.49449403819977
2462.722846508026,4.9267551315489975,1,4.48874435845514
2462.7994813919067,4.9267551315489975,1,4.48874435845514
2462.8761401176453,4.916566162034709,1,4.49449403819977
2462.9528980255127,4.929302373927566,1,4.487306938518985
2463.031571865082,4.9267551315489975,1,4.48874435845514
2463.108820915222,4.916566162034709,1,4.49449403819977
2463.188179731369,4.916566162034709,1,4.49449403819977
2463.2670347690582,4.924207889170422,1,4.4901817783913
2463.343893289566,4.924207889170422,1,4.4901817783913
2463.437651872635,4.929302373927566,1,4.487306938518985
2463.5304715633392,4.908924434898996,1,4.498806298008241
2463.607038259506,4.9267551315489975,1,4.48874435845514
2463.701847553253,4.919113404413277,1,4.493056618263616
2463.794570207596,4.911471677277564,1,4.497368878072086
2463.8873217105865,4.9343968586847105,1,4.4844320986466695
2463.9960310459137,4.914018919656133,1,4.49593145813593
2464.0907802581787,4.929302373927566,1,4.487306938518985
2464.1696877479553,4.939491343441855,1,4.481557258774355
2464.246519804001,4.924207889170422,1,4.4901817783913
2464.3255546092987,4.929302373927566,1,4.487306938518985
2464.402480840683,4.9343968586847105,1,4.4844320986466695
2464.4961082935333,4.936944101063286,1,4.48299467871051
2464.5912613868713,4.919113404413277,1,4.493056618263616
2464.6690814495087,4.942038585820423,1,4.480119838838199
2464.744175672531,4.911471677277564,1,4.497368878072086
2464.838969230652,4.924207889170422,1,4.4901817783913
2464.9321632385254,4.9343968586847105,1,4.4844320986466695
2465.010896921158,4.931849616306142,1,4.485869518582826
2465.08877825737,4.929302373927566,1,4.487306938518985
2465.18363404274,4.931849616306142,1,4.485869518582826
2465.2629401683807,4.919113404413277,1,4.493056618263616
2465.3407468795776,4.924207889170422,1,4.4901817783913
2465.4185593128204,4.931849616306142,1,4.485869518582826
2465.4970667362213,4.916566162034709,1,4.49449403819977
2465.574462890625,4.936944101063286,1,4.48299467871051
2465.6824159622192,4.942038585820423,1,4.480119838838199
2465.7611532211304,4.921660646791853,1,4.491619198327456
2465.837559223175,4.924207889170422,1,4.4901817783913
2465.930598974228,4.942038585820423,1,4.480119838838199
2466.024841785431,4.9343968586847105,1,4.4844320986466695
2466.1018857955933,4.936944101063286,1,4.48299467871051
2466.178168296814,4.936944101063286,1,4.48299467871051
2466.2562737464905,4.9343968586847105,1,4.4844320986466695
2466.335508823395,4.939491343441855,1,4.481557258774355
2466.4148330688477,4.9267551315489975,1,4.48874435845514
2466.4932219982147,4.9267551315489975,1,4.48874435845514
2466.5711216926575,4.942038585820423,1,4.480119838838199
2466.650046348572,4.942038585820423,1,4.480119838838199
2466.7296979427338,4.9343968586847105,1,4.4844320986466695
2466.806227207184,4.936944101063286,1,4.48299467871051
2466.9149453639984,4.947133070577568,1,4.477244998965884
2467.0396025180817,4.929302373927566,1,4.487306938518985
2467.118392467499,4.942038585820423,1,4.480119838838199
2467.212144136429,4.936944101063286,1,4.48299467871051
2467.3059055805206,4.944585828198999,1,4.478682418902039
2467.463483810425,4.939491343441855,1,4.481557258774355
2467.5731961727142,4.929302373927566,1,4.487306938518985
2467.6836698055267,4.939491343441855,1,4.481557258774355
2467.791108608246,4.942038585820423,1,4.480119838838199
2467.8831040859222,4.947133070577568,1,4.477244998965884
2467.962653160095,4.9267551315489975,1,4.48874435845514
2468.039050579071,4.9496803129561435,1,4.475807579029725
2468.1311435699463,4.929302373927566,1,4.487306938518985
2468.209047794342,4.929302373927566,1,4.487306938518985
2468.2996938228607,4.9496803129561435,1,4.475807579029725
2468.3783457279205,4.931849616306142,1,4.485869518582826
2468.454302072525,4.962416524849001,1,4.468620479348939
2468.5312893390656,4.944585828198999,1,4.478682418902039
2468.607909679413,4.947133070577568,1,4.477244998965884
2468.6872816085815,4.944585828198999,1,4.478682418902039
2468.7649314403534,4.942038585820423,1,4.480119838838199
2468.84290599823,4.942038585820423,1,4.480119838838199
2468.9210481643677,4.944585828198999,1,4.478682418902039
2468.9978206157684,4.939491343441855,1,4.481557258774355
2469.0773231983185,4.9343968586847105,1,4.4844320986466695
2469.185574531555,4.952227555334712,1,4.474370159093569
2469.265485048294,4.944585828198999,1,4.478682418902039
2469.344290971756,4.929302373927566,1,4.487306938518985
2469.4350955486298,4.944585828198999,1,4.478682418902039
2469.514897584915,4.9573220400918565,1,4.471495319221254
2469.593716621399,4.939491343441855,1,4.481557258774355
2469.67063498497,4.942038585820423,1,4.480119838838199
2469.7504239082336,4.947133070577568,1,4.477244998965884
2469.8296434879303,4.931849616306142,1,4.485869518582826
2469.9066319465637,4.952227555334712,1,4.474370159093569
2469.985470056534,4.954774797713288,1,4.472932739157409
2470.065100669861,4.939491343441855,1,4.481557258774355
2470.1427705287933,4.942038585820423,1,4.480119838838199
2470.2226791381836,4.944585828198999,1,4.478682418902039
2470.300372838974,4.952227555334712,1,4.474370159093569
2470.3784313201904,4.952227555334712,1,4.474370159093569
2470.458255290985,4.936944101063286,1,4.48299467871051
2470.5540618896484,4.944585828198999,1,4.478682418902039
2470.631187438965,4.959869282470432,1,4.470057899285095
2470.7078948020935,4.9496803129561435,1,4.475807579029725
2470.817909002304,4.947133070577568,1,4.477244998965884
2470.8959300518036,4.952227555334712,1,4.474370159093569
2470.9731216430664,4.944585828198999,1,4.478682418902039
2471.050815343857,4.952227555334712,1,4.474370159093569
2471.1425743103027,4.954774797713288,1,4.472932739157409
2471.235280275345,4.952227555334712,1,4.474370159093569
2471.3270983695984,4.9343968586847105,1,4.4844320986466695
2471.421095609665,4.959869282470432,1,4.470057899285095
2471.514072418213,4.9496803129561435,1,4.475807579029725
2471.6068291664124,4.947133070577568,1,4.477244998965884
2471.7025756835938,4.952227555334712,1,4.474370159093569
2471.7951266765594,4.952227555334712,1,4.474370159093569
2471.8736629486084,4.959869282470432,1,4.470057899285095
2471.9532883167267,4.97260549436329,1,4.462870799604309
2472.043849468231,4.947133070577568,1,4.477244998965884
2472.121698141098,4.954774797713288,1,4.472932739157409
2472.2158613204956,4.9573220400918565,1,4.471495319221254
2472.3064382076263,4.944585828198999,1,4.478682418902039
2472.4001355171204,4.959869282470432,1,4.470057899285095
2472.4758841991425,4.9573220400918565,1,4.471495319221254
2472.5848836898804,4.954774797713288,1,4.472932739157409
2472.664671897888,4.967511009606145,1,4.465745639476624
2472.7554273605347,4.954774797713288,1,4.472932739157409
2472.847502708435,4.970058251984721,1,4.464308219540465
2472.937262535095,4.959869282470432,1,4.470057899285095
2473.0310118198395,4.962416524849001,1,4.468620479348939
2473.124783039093,4.959869282470432,1,4.470057899285095
2473.2170429229736,4.97260549436329,1,4.462870799604309
2473.3096187114716,4.964963767227577,1,4.467183059412779
2473.387818813324,4.967511009606145,1,4.465745639476624
2473.4657819271088,4.967511009606145,1,4.465745639476624
2473.5596754550934,4.952227555334712,1,4.474370159093569
2473.6378104686737,4.970058251984721,1,4.464308219540465
2473.71573638916,4.964963767227577,1,4.467183059412779
2473.7936384677887,4.954774797713288,1,4.472932739157409
2473.869444847107,4.959869282470432,1,4.470057899285095
2473.9474742412567,4.967511009606145,1,4.465745639476624
2474.0422270298004,4.9573220400918565,1,4.471495319221254
2474.1190688610077,4.977699979120434,1,4.459995959731994
2474.196936607361,4.982794463877578,1,4.4571211198596785
2474.3065826892853,4.9573220400918565,1,4.471495319221254
2474.3834371566772,4.970058251984721,1,4.464308219540465
2474.461470603943,4.970058251984721,1,4.464308219540465
2474.540650844574,4.959869282470432,1,4.470057899285095
2474.6171844005585,4.967511009606145,1,4.465745639476624
2474.6971695423126,4.967511009606145,1,4.465745639476624
2474.7770018577576,4.959869282470432,1,4.470057899285095
2474.853835582733,4.977699979120434,1,4.459995959731994
2474.9310870170593,4.959869282470432,1,4.470057899285095
2475.0248403549194,4.977699979120434,1,4.459995959731994
2475.1181905269623,4.970058251984721,1,4.464308219540465
2475.2129361629486,4.977699979120434,1,4.459995959731994
2475.3046905994415,4.980247221499003,1,4.458558539795838
2475.399440765381,4.977699979120434,1,4.459995959731994
2475.49369764328,4.962416524849001,1,4.468620479348939
2475.584454059601,4.985341706256147,1,4.455683699923523
2475.6782438755035,4.962416524849001,1,4.468620479348939
2475.7554297447205,4.964963767227577,1,4.467183059412779
2475.8485419750214,4.97260549436329,1,4.462870799604309
2475.925933122635,4.970058251984721,1,4.464308219540465
2476.0315561294556,4.975152736741858,1,4.461433379668153
2476.1093244552612,4.970058251984721,1,4.464308219540465
2476.187172651291,4.97260549436329,1,4.462870799604309
2476.2669734954834,4.967511009606145,1,4.465745639476624
2476.357813358307,4.967511009606145,1,4.465745639476624
2476.435663461685,4.987888948634723,1,4.454246279987363
2476.5128750801086,4.985341706256147,1,4.455683699923523
2476.592904806137,4.970058251984721,1,4.464308219540465
2476.6697738170624,4.980247221499003,1,4.458558539795838
2476.748471021652,4.987888948634723,1,4.454246279987363
2476.82700920105,4.970058251984721,1,4.464308219540465
2476.9029603004456,4.980247221499003,1,4.458558539795838
2476.980679512024,4.980247221499003,1,4.458558539795838
2477.059199333191,4.977699979120434,1,4.459995959731994
2477.137185573578,4.982794463877578,1,4.4571211198596785
2477.2166101932526,4.975152736741858,1,4.461433379668153
2477.296061038971,4.977699979120434,1,4.459995959731994
2477.38711977005,4.982794463877578,1,4.4571211198596785
2477.465297937393,4.985341706256147,1,4.455683699923523
2477.5435485839844,4.970058251984721,1,4.464308219540465
2477.650887966156,4.982794463877578,1,4.4571211198596785
2477.72984623909,4.980247221499003,1,4.458558539795838
2477.8077352046967,4.985341706256147,1,4.455683699923523
2477.8832511901855,4.982794463877578,1,4.4571211198596785
2477.963057279587,4.990436191013291,1,4.452808860051208
2478.0417659282684,4.967511009606145,1,4.465745639476624
2478.1176488399506,4.995530675770436,1,4.449934020178893
2478.1946115493774,4.975152736741858,1,4.461433379668153
2478.2715356349945,4.985341706256147,1,4.455683699923523
2478.347615480423,4.990436191013291,1,4.452808860051208
2478.4265098571777,4.982794463877578,1,4.4571211198596785
2478.5060782432556,4.985341706256147,1,4.455683699923523
2478.5978627204895,4.990436191013291,1,4.452808860051208
2478.674825668335,4.980247221499003,1,4.458558539795838
2478.752716064453,4.995530675770436,1,4.449934020178893
2478.8294336795807,4.987888948634723,1,4.454246279987363
2478.907371520996,4.977699979120434,1,4.459995959731994
2478.9848704338074,4.990436191013291,1,4.452808860051208
2479.061226606369,4.980247221499003,1,4.458558539795838
2479.139594078064,4.990436191013291,1,4.452808860051208
2479.247194290161,4.995530675770436,1,4.449934020178893
2479.3257958889008,4.967511009606145,1,4.465745639476624
2479.404767513275,4.970058251984721,1,4.464308219540465
2479.4815051555634,4.995530675770436,1,4.449934020178893
2479.5585012435913,4.980247221499003,1,4.458558539795838
2479.637275457382,4.982794463877578,1,4.4571211198596785
2479.7290422916412,4.990436191013291,1,4.452808860051208
2479.8073267936707,4.977699979120434,1,4.459995959731994
2479.886264562607,4.998077918149011,1,4.448496600242733
2479.9629118442535,4.987888948634723,1,4.454246279987363
2480.0389397144318,4.992983433391867,1,4.451371440115048
2480.1188600063324,4.995530675770436,1,4.449934020178893
2480.193938732147,4.995530675770436,1,4.449934020178893
2480.2717790603638,4.977699979120434,1,4.459995959731994
2480.3508462905884,4.982794463877578,1,4.4571211198596785
2480.4266862869263,4.977699979120434,1,4.459995959731994
2480.519582271576,4.985341706256147,1,4.455683699923523
2480.599496603012,4.992983433391867,1,4.451371440115048
2480.6758975982666,4.977699979120434,1,4.459995959731994
2480.7544481754303,4.987888948634723,1,4.454246279987363
2480.8633415699005,4.998077918149011,1,4.448496600242733
2480.9583501815796,4.987888948634723,1,4.454246279987363
2481.037145137787,4.992983433391867,1,4.451371440115048
2481.1126458644867,4.998077918149011,1,4.448496600242733
2481.204862356186,4.985341706256147,1,4.455683699923523
2481.281767845154,4.985341706256147,1,4.455683699923523
2481.357617378235,4.982794463877578,1,4.4571211198596785
2481.4373984336853,4.995530675770436,1,4.449934020178893
2481.516231775284,4.995530675770436,1,4.449934020178893
2481.592889547348,4.990436191013291,1,4.452808860051208
2481.6697602272034,4.998077918149011,1,4.448496600242733
2481.7487573623657,4.992983433391867,1,4.451371440115048
2481.8397777080536,4.975152736741858,1,4.461433379668153
2481.917843580246,5.005719645284724,1,4.444184340434263
2481.9970474243164,4.995530675770436,1,4.449934020178893
2482.0881583690643,4.990436191013291,1,4.452808860051208
2482.1680483818054,4.995530675770436,1,4.449934020178893
2482.245889186859,5.003172402906149,1,4.445621760370423
2482.323308467865,4.987888948634723,1,4.454246279987363
2482.4030663967133,4.998077918149011,1,4.448496600242733
2482.511547803879,4.998077918149011,1,4.448496600242733
2482.589908361435,5.00062516052758,1,4.447059180306578
2482.668167114258,5.003172402906149,1,4.445621760370423
2482.74489068985,5.00062516052758,1,4.447059180306578
2482.82283949852,4.995530675770436,1,4.449934020178893
2482.9027004241943,4.995530675770436,1,4.449934020178893
2482.9807393550873,5.008266887663293,1,4.442746920498108
2483.0586636066437,4.995530675770436,1,4.449934020178893
2483.137460708618,4.998077918149011,1,4.448496600242733
2483.2308869361877,4.998077918149011,1,4.448496600242733
2483.309388399124,5.00062516052758,1,4.447059180306578
2483.4018199443817,5.005719645284724,1,4.444184340434263
2483.4786579608917,5.015908614799013,1,4.438434660689633
2483.5586750507355,4.992983433391867,1,4.451371440115048
2483.6355335712433,5.008266887663293,1,4.442746920498108
2483.711590051651,5.008266887663293,1,4.442746920498108
2483.7894933223724,5.003172402906149,1,4.445621760370423
2483.869314432144,5.021003099556157,1,4.435559820817318
2483.946659564972,5.018455857177582,1,4.4369972407534775
2484.0234608650208,5.00062516052758,1,4.447059180306578
2484.132805109024,5.010814130041869,1,4.441309500561948
2484.2404522895813,4.992983433391867,1,4.451371440115048
2484.333595275879,5.005719645284724,1,4.444184340434263
2484.42538356781,4.998077918149011,1,4.448496600242733
2484.516934156418,5.023550341934726,1,4.434122400881162
2484.609799146652,5.003172402906149,1,4.445621760370423
2484.7030923366547,5.00062516052758,1,4.447059180306578
2484.7965955734253,5.010814130041869,1,4.441309500561948
2484.888066291809,5.008266887663293,1,4.442746920498108
2484.9674863815308,5.005719645284724,1,4.444184340434263
2485.047440290451,5.010814130041869,1,4.441309500561948
2485.1392526626587,4.995530675770436,1,4.449934020178893
2485.2190499305725,5.018455857177582,1,4.4369972407534775
2485.295884370804,5.003172402906149,1,4.445621760370423
2485.372515439987,5.005719645284724,1,4.444184340434263
2485.4652302265167,5.010814130041869,1,4.441309500561948
2485.556983232498,4.995530675770436,1,4.449934020178893
2485.6487381458282,5.008266887663293,1,4.442746920498108
2485.74386882782,5.008266887663293,1,4.442746920498108
2485.8493988513947,5.005719645284724,1,4.444184340434263
2486.0180995464325,5.015908614799013,1,4.438434660689633
2486.109857082367,5.005719645284724,1,4.444184340434263
2486.203603744507,4.995530675770436,1,4.449934020178893
2486.3098332881927,5.00062516052758,1,4.447059180306578
2486.4205436706543,5.015908614799013,1,4.438434660689633
2486.527255296707,5.015908614799013,1,4.438434660689633
2486.6214592456818,5.008266887663293,1,4.442746920498108
2486.727714061737,5.013361372420437,1,4.4398720806257925
2486.8370563983917,5.013361372420437,1,4.4398720806257925
2486.915095090866,5.021003099556157,1,4.435559820817318
2486.99068236351,5.013361372420437,1,4.4398720806257925
2487.069655418396,5.021003099556157,1,4.435559820817318
2487.147539615631,5.008266887663293,1,4.442746920498108
2487.2381348609924,5.00062516052758,1,4.447059180306578
2487.344850540161,5.018455857177582,1,4.4369972407534775
2487.4515669345856,5.005719645284724,1,4.444184340434263
2487.5315554142,5.021003099556157,1,4.435559820817318
2487.611184835434,5.015908614799013,1,4.438434660689633
2487.7178983688354,5.02864482669187,1,4.431247561008847
2487.844560623169,5.031192069070439,1,4.429810141072691
2487.965496301651,5.018455857177582,1,4.4369972407534775
2488.0427644252777,5.031192069070439,1,4.429810141072691
2488.13538312912,5.018455857177582,1,4.4369972407534775
2488.2298521995544,5.023550341934726,1,4.434122400881162
2488.3255982398987,5.015908614799013,1,4.438434660689633
2488.432313680649,5.02864482669187,1,4.431247561008847
2488.54301571846,5.038833796206159,1,4.425497881264217
2488.6492409706116,5.015908614799013,1,4.438434660689633
2488.7579884529114,5.010814130041869,1,4.441309500561948
2488.849642753601,5.021003099556157,1,4.435559820817318
2488.959317445755,5.02864482669187,1,4.431247561008847
2489.0507628917694,5.021003099556157,1,4.435559820817318
2489.126786708832,5.031192069070439,1,4.429810141072691
2489.2048807144165,5.015908614799013,1,4.438434660689633
2489.2811760902405,5.018455857177582,1,4.4369972407534775
2489.35866689682,5.021003099556157,1,4.435559820817318
2489.4356586933136,5.021003099556157,1,4.435559820817318
2489.5126206874847,5.033739311449015,1,4.428372721136532
2489.5909259319305,5.026097584313302,1,4.432684980945003
2489.670453310013,5.023550341934726,1,4.434122400881162
2489.7789311408997,5.02864482669187,1,4.431247561008847
2489.858890771866,5.023550341934726,1,4.434122400881162
2489.9364714622498,5.031192069070439,1,4.429810141072691
2490.011964082718,5.023550341934726,1,4.434122400881162
2490.0914883613586,5.031192069070439,1,4.429810141072691
2490.214143037796,5.0439282809633035,1,4.422623041391902
2490.307892560959,5.026097584313302,1,4.432684980945003
2490.4017815589905,5.02864482669187,1,4.431247561008847
2490.4774582386017,5.02864482669187,1,4.431247561008847
2490.5542352199554,5.008266887663293,1,4.442746920498108
2490.63321185112,5.0439282809633035,1,4.422623041391902
2490.7085814476013,5.02864482669187,1,4.431247561008847
2490.788542985916,5.026097584313302,1,4.432684980945003
2490.868284702301,5.023550341934726,1,4.434122400881162
2490.974001646042,5.021003099556157,1,4.435559820817318
2491.081718683243,5.046475523341872,1,4.421185621455747
2491.171647787094,5.015908614799013,1,4.438434660689633
2491.2654032707214,5.041381038584728,1,4.424060461328061
2491.374111890793,5.033739311449015,1,4.428372721136532
2491.481543779373,5.026097584313302,1,4.432684980945003
2491.6206917762756,5.026097584313302,1,4.432684980945003
2491.6984519958496,5.036286553827583,1,4.426935301200377
2491.7765514850616,5.038833796206159,1,4.425497881264217
2491.8693351745605,5.033739311449015,1,4.428372721136532
2491.9480876922607,5.038833796206159,1,4.425497881264217
2492.0418372154236,5.031192069070439,1,4.429810141072691
2492.1335968971252,5.026097584313302,1,4.432684980945003
2492.226343154907,5.0439282809633035,1,4.422623041391902
2492.320104598999,5.026097584313302,1,4.432684980945003
2492.4121701717377,5.041381038584728,1,4.424060461328061
2492.503739833832,5.02864482669187,1,4.431247561008847
2492.579842567444,5.041381038584728,1,4.424060461328061
2492.657692193985,5.026097584313302,1,4.432684980945003
2492.7369923591614,5.023550341934726,1,4.434122400881162
2492.828580379486,5.041381038584728,1,4.424060461328061
2492.9060406684875,5.041381038584728,1,4.424060461328061
2492.982953310013,5.041381038584728,1,4.424060461328061
2493.073892354965,5.041381038584728,1,4.424060461328061
2493.1527874469757,5.038833796206159,1,4.425497881264217
2493.2314977645874,5.041381038584728,1,4.424060461328061
2493.338472366333,5.023550341934726,1,4.434122400881162
2493.417785167694,5.038833796206159,1,4.425497881264217
2493.4954783916473,5.041381038584728,1,4.424060461328061
2493.5734963417053,5.0439282809633035,1,4.422623041391902
2493.664397954941,5.041381038584728,1,4.424060461328061
2493.741537094116,5.049022765720448,1,4.419748201519587
2493.8207988739014,5.041381038584728,1,4.424060461328061
2493.897987127304,5.0515700080990165,1,4.418310781583431
2493.988904953003,5.036286553827583,1,4.426935301200377
2494.065906047821,5.054117250477592,1,4.416873361647272
2494.142975330353,5.038833796206159,1,4.425497881264217
2494.2193233966827,5.041381038584728,1,4.424060461328061
2494.2976422309875,5.056664492856161,1,4.415435941711117
2494.3753366470337,5.049022765720448,1,4.419748201519587
2494.451321363449,5.038833796206159,1,4.425497881264217
2494.5312225818634,5.0592117352347294,1,4.41399852177496
2494.6250388622284,5.0439282809633035,1,4.422623041391902
2494.73272562027,5.0515700080990165,1,4.418310781583431
2494.8248629570007,5.036286553827583,1,4.426935301200377
2494.9006531238556,5.049022765720448,1,4.419748201519587
2495.009759426117,5.038833796206159,1,4.425497881264217
2495.0889999866486,5.033739311449015,1,4.428372721136532
2495.1661264896393,5.0439282809633035,1,4.422623041391902
2495.244113922119,5.046475523341872,1,4.421185621455747
2495.322914123535,5.0439282809633035,1,4.422623041391902
2495.3990354537964,5.046475523341872,1,4.421185621455747
2495.478356361389,5.049022765720448,1,4.419748201519587
2495.556905269623,5.038833796206159,1,4.425497881264217
2495.6328382492065,5.046475523341872,1,4.421185621455747
2495.7112715244293,5.054117250477592,1,4.416873361647272
2495.7895493507385,5.049022765720448,1,4.419748201519587
2495.880687236786,5.049022765720448,1,4.419748201519587
2495.974557876587,5.046475523341872,1,4.421185621455747
2496.0535542964935,5.046475523341872,1,4.421185621455747
2496.1296248435974,5.0592117352347294,1,4.41399852177496
2496.20747756958,5.046475523341872,1,4.421185621455747
2496.2825288772583,5.038833796206159,1,4.425497881264217
2496.3603098392487,5.064306219991874,1,4.411123681902646
2496.4381861686707,5.049022765720448,1,4.419748201519587
2496.516419649124,5.049022765720448,1,4.419748201519587
2496.6242249011993,5.036286553827583,1,4.426935301200377
2496.719806909561,5.038833796206159,1,4.425497881264217
2496.797847032547,5.0515700080990165,1,4.418310781583431
2496.8751680850983,5.049022765720448,1,4.419748201519587
2496.9539518356323,5.0439282809633035,1,4.422623041391902
2497.0626385211945,5.056664492856161,1,4.415435941711117
2497.171858549118,5.0439282809633035,1,4.422623041391902
2497.265179157257,5.056664492856161,1,4.415435941711117
2497.3429930210114,5.049022765720448,1,4.419748201519587
2497.4376831054688,5.056664492856161,1,4.415435941711117
2497.5453991889954,5.0592117352347294,1,4.41399852177496
2497.6567227840424,5.056664492856161,1,4.415435941711117
2497.7335324287415,5.069400704749018,1,4.40824884203033
2497.84118103981,5.061758977613305,1,4.412561101838801
2497.9513971805573,5.054117250477592,1,4.416873361647272
2498.030506372452,5.061758977613305,1,4.412561101838801
2498.1235132217407,5.056664492856161,1,4.415435941711117
2498.2322204113007,5.049022765720448,1,4.419748201519587
2498.341926574707,5.061758977613305,1,4.412561101838801
2498.4182386398315,5.046475523341872,1,4.421185621455747
2498.560720205307,5.0515700080990165,1,4.418310781583431
2498.655466556549,5.0439282809633035,1,4.422623041391902
2498.7492752075195,5.069400704749018,1,4.40824884203033
2498.8253066539764,5.0592117352347294,1,4.41399852177496
2498.9180772304535,5.049022765720448,1,4.419748201519587
2499.043758392334,5.061758977613305,1,4.412561101838801
2499.137647151947,5.0592117352347294,1,4.41399852177496
2499.2160127162933,5.0515700080990165,1,4.418310781583431
2499.2951073646545,5.056664492856161,1,4.415435941711117
2499.37291932106,5.061758977613305,1,4.412561101838801
2499.451956510544,5.0515700080990165,1,4.418310781583431
2499.5308158397675,5.0744951895061625,1,4.405374002158016
2499.6068465709686,5.054117250477592,1,4.416873361647272
2499.6833667755127,5.056664492856161,1,4.415435941711117
2499.763153553009,5.071947947127594,1,4.4068114220941705
2499.84081363678,5.0668534623704495,1,4.4096862619664865
2499.9201624393463,5.061758977613305,1,4.412561101838801
2500.0307524204254,5.071947947127594,1,4.4068114220941705
2500.140458345413,5.069400704749018,1,4.40824884203033
2500.249815225601,5.061758977613305,1,4.412561101838801
2500.359786748886,5.069400704749018,1,4.40824884203033
2500.43905210495,5.0592117352347294,1,4.41399852177496
2500.530925989151,5.064306219991874,1,4.411123681902646
2500.6078176498413,5.0592117352347294,1,4.41399852177496
2500.6855182647705,5.069400704749018,1,4.40824884203033
2500.7636511325836,5.077042431884738,1,4.403936582221856
2500.8418295383453,5.069400704749018,1,4.40824884203033
2500.9186849594116,5.049022765720448,1,4.419748201519587
2500.9976348876953,5.0668534623704495,1,4.4096862619664865
2501.0747838020325,5.0668534623704495,1,4.4096862619664865
2501.1538457870483,5.061758977613305,1,4.412561101838801
2501.2318727970123,5.0592117352347294,1,4.41399852177496
2501.3103947639465,5.064306219991874,1,4.411123681902646
2501.3883929252625,5.061758977613305,1,4.412561101838801
2501.467432498932,5.064306219991874,1,4.411123681902646
2501.545961380005,5.0744951895061625,1,4.405374002158016
2501.624335050583,5.0744951895061625,1,4.405374002158016
2501.7171471118927,5.077042431884738,1,4.403936582221856
2501.7962942123413,5.077042431884738,1,4.403936582221856
2501.8754246234894,5.071947947127594,1,4.4068114220941705
2501.984828710556,5.061758977613305,1,4.412561101838801
2502.062730073929,5.0744951895061625,1,4.405374002158016
2502.1553633213043,5.061758977613305,1,4.412561101838801
2502.2307262420654,5.08723140139902,1,4.39818690247723
2502.3097972869873,5.079589674263307,1,4.4024991622857
2502.388174533844,5.064306219991874,1,4.411123681902646
2502.481949567795,5.056664492856161,1,4.415435941711117
2502.5607075691223,5.079589674263307,1,4.4024991622857
2502.637505531311,5.071947947127594,1,4.4068114220941705
2502.714411497116,5.082136916641883,1,4.40106174234954
2502.7936911582947,5.071947947127594,1,4.4068114220941705
2502.8724868297577,5.056664492856161,1,4.415435941711117
2502.9514336586,5.082136916641883,1,4.40106174234954
2503.031209230423,5.089778643777596,1,4.39674948254107
2503.108809232712,5.097420370913309,1,4.3924372227326
2503.185968875885,5.064306219991874,1,4.411123681902646
2503.280603647232,5.077042431884738,1,4.403936582221856
2503.3741598129272,5.089778643777596,1,4.39674948254107
2503.4986526966095,5.0744951895061625,1,4.405374002158016
2503.605992794037,5.0744951895061625,1,4.405374002158016
2503.7635712623596,5.08723140139902,1,4.39818690247723
2503.871638774872,5.071947947127594,1,4.4068114220941705
2503.9664261341095,5.077042431884738,1,4.403936582221856
2504.0741381645203,5.08723140139902,1,4.39818690247723
2504.1658914089203,5.082136916641883,1,4.40106174234954
2504.2577002048492,5.08723140139902,1,4.39818690247723
2504.3340668678284,5.079589674263307,1,4.4024991622857
2504.413227081299,5.08723140139902,1,4.39818690247723
2504.492402791977,5.082136916641883,1,4.40106174234954
2504.5694489479065,5.071947947127594,1,4.4068114220941705
2504.645545244217,5.079589674263307,1,4.4024991622857
2504.7224559783936,5.064306219991874,1,4.411123681902646
2504.7983577251434,5.079589674263307,1,4.4024991622857
2504.889288187027,5.071947947127594,1,4.4068114220941705
2504.9681079387665,5.061758977613305,1,4.412561101838801
2505.0765039920807,5.0744951895061625,1,4.405374002158016
2505.185797691345,5.071947947127594,1,4.4068114220941705
2505.278251171112,5.09487312853474,1,4.393874642668756
2505.3549597263336,5.084684159020451,1,4.399624322413386
2505.4348142147064,5.0744951895061625,1,4.405374002158016
2505.575439453125,5.079589674263307,1,4.4024991622857
2505.684148788452,5.0744951895061625,1,4.405374002158016
2505.79519033432,5.08723140139902,1,4.39818690247723
2505.8751487731934,5.082136916641883,1,4.40106174234954
2505.9689135551453,5.0668534623704495,1,4.4096862619664865
2506.0806365013123,5.079589674263307,1,4.4024991622857
2506.1883578300476,5.077042431884738,1,4.403936582221856
2506.297093153,5.079589674263307,1,4.4024991622857
2506.374103784561,5.077042431884738,1,4.403936582221856
2506.450023174286,5.071947947127594,1,4.4068114220941705
2506.5428783893585,5.089778643777596,1,4.39674948254107
2506.620815038681,5.08723140139902,1,4.39818690247723
2506.714584827423,5.082136916641883,1,4.40106174234954
2506.809994697571,5.092325886156164,1,4.395312062604915
2506.918949365616,5.079589674263307,1,4.4024991622857
2507.011709690094,5.08723140139902,1,4.39818690247723
2507.0876290798187,5.08723140139902,1,4.39818690247723
2507.164789915085,5.089778643777596,1,4.39674948254107
2507.2744975090027,5.099967613291884,1,4.39099980279644
2507.384203195572,5.077042431884738,1,4.403936582221856
2507.525568008423,5.089778643777596,1,4.39674948254107
2507.6342730522156,5.09487312853474,1,4.393874642668756
2507.7444896698,5.09487312853474,1,4.393874642668756
2507.8361971378326,5.092325886156164,1,4.395312062604915
2507.9149544239044,5.092325886156164,1,4.395312062604915
2507.9949021339417,5.09487312853474,1,4.393874642668756
2508.0717358589172,5.082136916641883,1,4.40106174234954
2508.1495594978333,5.082136916641883,1,4.40106174234954
2508.227761745453,5.092325886156164,1,4.395312062604915
2508.319281578064,5.099967613291884,1,4.39099980279644
2508.396110057831,5.09487312853474,1,4.393874642668756
2508.4752213954926,5.099967613291884,1,4.39099980279644
2508.5534183979034,5.089778643777596,1,4.39674948254107
2508.647305250168,5.107609340427597,1,4.3866875429879695
2508.726029396057,5.09487312853474,1,4.393874642668756
2508.803122997284,5.092325886156164,1,4.395312062604915
2508.8788101673126,5.099967613291884,1,4.39099980279644
2508.954892396927,5.079589674263307,1,4.4024991622857
2509.0320720672607,5.084684159020451,1,4.399624322413386
2509.109815120697,5.105062098049029,1,4.388124962924126
2509.232638835907,5.097420370913309,1,4.3924372227326
2509.3097007274628,5.097420370913309,1,4.3924372227326
2509.387510538101,5.092325886156164,1,4.395312062604915
2509.4798753261566,5.102514855670453,1,4.3895623828602846
2509.558816432953,5.107609340427597,1,4.3866875429879695
2509.6382133960724,5.092325886156164,1,4.395312062604915
2509.7298448085785,5.102514855670453,1,4.3895623828602846
2509.823652744293,5.08723140139902,1,4.39818690247723
2509.9005188941956,5.099967613291884,1,4.39099980279644
2509.979893922806,5.09487312853474,1,4.393874642668756
2510.0578927993774,5.105062098049029,1,4.388124962924126
2510.1368610858917,5.089778643777596,1,4.39674948254107
2510.214919090271,5.105062098049029,1,4.388124962924126
2510.293926715851,5.105062098049029,1,4.388124962924126
2510.370647907257,5.08723140139902,1,4.39818690247723
2510.4493038654327,5.099967613291884,1,4.39099980279644
2510.527100086212,5.105062098049029,1,4.388124962924126
2510.6056864261627,5.099967613291884,1,4.39099980279644
2510.6830859184265,5.099967613291884,1,4.39099980279644
2510.7628512382507,5.092325886156164,1,4.395312062604915
2510.871420145035,5.112703825184742,1,4.383812703115654
2510.950214624405,5.09487312853474,1,4.393874642668756
2511.0272254943848,5.112703825184742,1,4.383812703115654
2511.102877855301,5.089778643777596,1,4.39674948254107
2511.181598186493,5.099967613291884,1,4.39099980279644
2511.260545730591,5.105062098049029,1,4.388124962924126
2511.3372523784637,5.105062098049029,1,4.388124962924126
2511.4135229587555,5.102514855670453,1,4.3895623828602846
2511.491725921631,5.105062098049029,1,4.388124962924126
2511.5683240890503,5.089778643777596,1,4.39674948254107
2511.646294593811,5.110156582806173,1,4.38525012305181
2511.7249035835266,5.099967613291884,1,4.39099980279644
2511.8009560108185,5.09487312853474,1,4.393874642668756
2511.879067182541,5.102514855670453,1,4.3895623828602846
2511.9582438468933,5.11525106756331,1,4.382375283179499
2512.035842180252,5.102514855670453,1,4.3895623828602846
2512.1149854660034,5.09487312853474,1,4.393874642668756
2512.191333055496,5.099967613291884,1,4.39099980279644
2512.2687423229218,5.105062098049029,1,4.388124962924126
2512.347851753235,5.099967613291884,1,4.39099980279644
2512.45526266098,5.112703825184742,1,4.383812703115654
2512.5320520401,5.105062098049029,1,4.388124962924126
2512.609822034836,5.107609340427597,1,4.3866875429879695
2512.6890337467194,5.107609340427597,1,4.3866875429879695
2512.767206430435,5.09487312853474,1,4.393874642668756
2512.8448808193207,5.107609340427597,1,4.3866875429879695
2512.921884536743,5.107609340427597,1,4.3866875429879695
2513.0007865428925,5.099967613291884,1,4.39099980279644
2513.0787773132324,5.11525106756331,1,4.382375283179499
2513.1854717731476,5.102514855670453,1,4.3895623828602846
2513.265766143799,5.092325886156164,1,4.395312062604915
2513.345178604126,5.105062098049029,1,4.388124962924126
2513.420583963394,5.11525106756331,1,4.382375283179499
2513.513403892517,5.11525106756331,1,4.382375283179499
2513.5899543762207,5.11525106756331,1,4.382375283179499
2513.6665003299713,5.112703825184742,1,4.383812703115654
2513.743911743164,5.117798309941886,1,4.380937863243339
2513.8235931396484,5.133081764213319,1,4.372313343626394
2513.8987498283386,5.110156582806173,1,4.38525012305181
2513.9766840934753,5.110156582806173,1,4.38525012305181
2514.0865108966827,5.120345552320455,1,4.379500443307184
2514.1649017333984,5.099967613291884,1,4.39099980279644
2514.243615627289,5.110156582806173,1,4.38525012305181
2514.3369359970093,5.102514855670453,1,4.3895623828602846
2514.4146111011505,5.099967613291884,1,4.39099980279644
2514.506771326065,5.117798309941886,1,4.380937863243339
2514.584650993347,5.102514855670453,1,4.3895623828602846
2514.6645278930664,5.11525106756331,1,4.382375283179499
2514.7436933517456,5.117798309941886,1,4.380937863243339
2514.835501432419,5.105062098049029,1,4.388124962924126
2514.9127476215363,5.110156582806173,1,4.38525012305181
2514.990890979767,5.117798309941886,1,4.380937863243339
2515.0678465366364,5.11525106756331,1,4.382375283179499
2515.1451160907745,5.112703825184742,1,4.383812703115654
2515.2234077453613,5.120345552320455,1,4.379500443307184
2515.2990317344666,5.105062098049029,1,4.388124962924126
2515.392027616501,5.12289279469903,1,4.378063023371024
2515.5017352104187,5.11525106756331,1,4.382375283179499
2515.5959935188293,5.102514855670453,1,4.3895623828602846
2515.690151453018,5.110156582806173,1,4.38525012305181
2515.799090862274,5.112703825184742,1,4.383812703115654
2515.8906948566437,5.107609340427597,1,4.3866875429879695
2515.9838333129883,5.105062098049029,1,4.388124962924126
2516.0626854896545,5.112703825184742,1,4.383812703115654
2516.1416323184967,5.127987279456175,1,4.375188183498709
2516.217534303665,5.110156582806173,1,4.38525012305181
2516.2964408397675,5.120345552320455,1,4.379500443307184
2516.374970436096,5.11525106756331,1,4.382375283179499
2516.452481031418,5.102514855670453,1,4.3895623828602846
2516.5591995716095,5.125440037077599,1,4.376625603434869
2516.6836018562317,5.12289279469903,1,4.378063023371024
2516.7933106422424,5.12289279469903,1,4.378063023371024
2516.871395111084,5.112703825184742,1,4.383812703115654
2516.9496195316315,5.112703825184742,1,4.383812703115654
2517.0283982753754,5.133081764213319,1,4.372313343626394
2517.106335401535,5.12289279469903,1,4.378063023371024
2517.1816725730896,5.112703825184742,1,4.383812703115654
2517.2610030174255,5.127987279456175,1,4.375188183498709
2517.3381066322327,5.127987279456175,1,4.375188183498709
2517.4145448207855,5.11525106756331,1,4.382375283179499
2517.524834394455,5.138176248970463,1,4.369438503754079
2517.600645303726,5.120345552320455,1,4.379500443307184
2517.6786971092224,5.117798309941886,1,4.380937863243339
2517.7705204486847,5.120345552320455,1,4.379500443307184
2517.8483941555023,5.12289279469903,1,4.378063023371024
2517.9273347854614,5.133081764213319,1,4.372313343626394
2518.002914428711,5.120345552320455,1,4.379500443307184
2518.079045534134,5.130534521834743,1,4.373750763562554
2518.1576433181763,5.127987279456175,1,4.375188183498709
2518.2350397109985,5.112703825184742,1,4.383812703115654
2518.311668395996,5.120345552320455,1,4.379500443307184
2518.3898668289185,5.120345552320455,1,4.379500443307184
2518.469335794449,5.133081764213319,1,4.372313343626394
2518.5473988056183,5.11525106756331,1,4.382375283179499
2518.6254959106445,5.133081764213319,1,4.372313343626394
2518.703798055649,5.135629006591888,1,4.370875923690239
2518.7816755771637,5.11525106756331,1,4.382375283179499
2518.8674745559692,5.12289279469903,1,4.378063023371024
2518.9687678813934,5.110156582806173,1,4.38525012305181
2519.046543598175,5.120345552320455,1,4.379500443307184
2519.1558768749237,5.130534521834743,1,4.373750763562554
2519.2335855960846,5.12289279469903,1,4.378063023371024
2519.3100736141205,5.130534521834743,1,4.373750763562554
2519.3867552280426,5.12289279469903,1,4.378063023371024
2519.463075399399,5.117798309941886,1,4.380937863243339
2519.539619922638,5.130534521834743,1,4.373750763562554
2519.616575241089,5.130534521834743,1,4.373750763562554
2519.6953303813934,5.130534521834743,1,4.373750763562554
2519.788087129593,5.143270733727601,1,4.366563663881768
2519.8977937698364,5.12289279469903,1,4.378063023371024
2519.99054646492,5.140723491349032,1,4.368001083817924
2520.115212202072,5.130534521834743,1,4.373750763562554
2520.2209310531616,5.125440037077599,1,4.376625603434869
2520.314679145813,5.12289279469903,1,4.378063023371024
2520.4071497917175,5.140723491349032,1,4.368001083817924
2520.498904466629,5.12289279469903,1,4.378063023371024
2520.5926761627197,5.143270733727601,1,4.366563663881768
2520.7012147903442,5.130534521834743,1,4.373750763562554
2520.796581506729,5.140723491349032,1,4.368001083817924
2520.8903303146362,5.127987279456175,1,4.375188183498709
2521.0299565792084,5.127987279456175,1,4.375188183498709
2521.124599456787,5.130534521834743,1,4.373750763562554
2521.218918800354,5.135629006591888,1,4.370875923690239
2521.314661502838,5.125440037077599,1,4.376625603434869
2521.4064235687256,5.138176248970463,1,4.369438503754079
2521.5001726150513,5.127987279456175,1,4.375188183498709
2521.594918489456,5.12289279469903,1,4.378063023371024
2521.6876707077026,5.138176248970463,1,4.369438503754079
2521.7814202308655,5.127987279456175,1,4.375188183498709
2521.875168800354,5.127987279456175,1,4.375188183498709
2521.968919992447,5.127987279456175,1,4.375188183498709
2522.0626690387726,5.127987279456175,1,4.375188183498709
2522.1554205417633,5.138176248970463,1,4.369438503754079
2522.250166654587,5.125440037077599,1,4.376625603434869
2522.343917131424,5.143270733727601,1,4.366563663881768
2522.438665866852,5.143270733727601,1,4.366563663881768
2522.530465364456,5.133081764213319,1,4.372313343626394
2522.6241846084595,5.145817976106176,1,4.365126243945609
2522.717444419861,5.127987279456175,1,4.375188183498709
2522.8112003803253,5.143270733727601,1,4.366563663881768
2522.937858104706,5.145817976106176,1,4.365126243945609
2523.0316038131714,5.133081764213319,1,4.372313343626394
2523.1263539791107,5.138176248970463,1,4.369438503754079
2523.21910738945,5.140723491349032,1,4.368001083817924
2523.3098635673523,5.127987279456175,1,4.375188183498709
2523.404611349106,5.156006945620465,1,4.3593765642009785
2523.4983603954315,5.140723491349032,1,4.368001083817924
2523.624023914337,5.133081764213319,1,4.372313343626394
2523.71578001976,5.130534521834743,1,4.373750763562554
2523.8261563777924,5.145817976106176,1,4.365126243945609
2523.9197990894318,5.143270733727601,1,4.366563663881768
2524.011558532715,5.135629006591888,1,4.370875923690239
2524.1073019504547,5.145817976106176,1,4.365126243945609
2524.1990928649902,5.143270733727601,1,4.366563663881768
2524.294440507889,5.138176248970463,1,4.369438503754079
2524.3901851177216,5.138176248970463,1,4.369438503754079
2524.482974052429,5.133081764213319,1,4.372313343626394
2524.578717947006,5.145817976106176,1,4.365126243945609
2524.6844475269318,5.140723491349032,1,4.368001083817924
2524.780186891556,5.138176248970463,1,4.369438503754079
2524.918699026108,5.1611014303776095,1,4.3565017243286634
2525.013409137726,5.140723491349032,1,4.368001083817924
2525.1081500053406,5.148365218484745,1,4.3636888240094525
2525.2158608436584,5.125440037077599,1,4.376625603434869
2525.310123682022,5.145817976106176,1,4.365126243945609
2525.4028420448303,5.145817976106176,1,4.365126243945609
2525.4828686714172,5.135629006591888,1,4.370875923690239
2525.5616543293,5.143270733727601,1,4.366563663881768
2525.6544291973114,5.156006945620465,1,4.3593765642009785
2525.749176979065,5.133081764213319,1,4.372313343626394
2525.839763402939,5.156006945620465,1,4.3593765642009785
2525.9469978809357,5.153459703241889,1,4.360813984137138
2526.04074382782,5.158554187999034,1,4.357939144264822
2526.135490179062,5.166195915134754,1,4.353626884456348
2526.2312467098236,5.140723491349032,1,4.368001083817924
2526.3239674568176,5.163648672756178,1,4.355064304392508
2526.419729948044,5.163648672756178,1,4.355064304392508
2526.5144584178925,5.145817976106176,1,4.365126243945609
2526.608207464218,5.148365218484745,1,4.3636888240094525
2526.701630115509,5.153459703241889,1,4.360813984137138
2526.8426489830017,5.138176248970463,1,4.369438503754079
2526.937213897705,5.158554187999034,1,4.357939144264822
2527.0469584465027,5.145817976106176,1,4.365126243945609
2527.1551401615143,5.158554187999034,1,4.357939144264822
2527.2482028007507,5.143270733727601,1,4.366563663881768
2527.356128692627,5.163648672756178,1,4.355064304392508
2527.4492037296295,5.156006945620465,1,4.3593765642009785
2527.5436766147614,5.145817976106176,1,4.365126243945609
2527.6380257606506,5.163648672756178,1,4.355064304392508
2527.7307794094086,5.143270733727601,1,4.366563663881768
2527.8245317935944,5.153459703241889,1,4.360813984137138
2527.9166474342346,5.1611014303776095,1,4.3565017243286634
2528.0116834640503,5.145817976106176,1,4.365126243945609
2528.1062257289886,5.1611014303776095,1,4.3565017243286634
2528.2164776325226,5.1687431575133225,1,4.352189464520192
2528.3256323337555,5.153459703241889,1,4.360813984137138
2528.432853937149,5.156006945620465,1,4.3593765642009785
2528.5266029834747,5.1687431575133225,1,4.352189464520192
2528.621349811554,5.163648672756178,1,4.355064304392508
2528.7138175964355,5.1611014303776095,1,4.3565017243286634
2528.8561856746674,5.163648672756178,1,4.355064304392508
2528.9509329795837,5.166195915134754,1,4.353626884456348
2529.043688774109,5.163648672756178,1,4.355064304392508
2529.1354389190674,5.156006945620465,1,4.3593765642009785
2529.2301852703094,5.156006945620465,1,4.3593765642009785
2529.323935031891,5.1611014303776095,1,4.3565017243286634
2529.4178256988525,5.1687431575133225,1,4.352189464520192
2529.5105884075165,5.163648672756178,1,4.355064304392508
2529.603401660919,5.178932127027611,1,4.346439784775563
2529.712634086609,5.156006945620465,1,4.3593765642009785
2529.8193492889404,5.1763848846490355,1,4.347877204711722
2529.9125361442566,5.158554187999034,1,4.357939144264822
2530.02037358284,5.163648672756178,1,4.355064304392508
2530.11189866066,5.158554187999034,1,4.357939144264822
2530.2046508789062,5.163648672756178,1,4.355064304392508
2530.2969737052917,5.148365218484745,1,4.3636888240094525
2530.3887283802032,5.173837642270467,1,4.349314624647878
2530.484472513199,5.166195915134754,1,4.353626884456348
2530.5762264728546,5.156006945620465,1,4.3593765642009785
2530.6699755191803,5.166195915134754,1,4.353626884456348
2530.8115973472595,5.171290399891891,1,4.350752044584038
2530.9073419570923,5.1687431575133225,1,4.352189464520192
2530.999095916748,5.166195915134754,1,4.353626884456348
2531.0938425064087,5.156006945620465,1,4.3593765642009785
2531.1880996227264,5.173837642270467,1,4.349314624647878
2531.2968106269836,5.166195915134754,1,4.353626884456348
2531.388642311096,5.173837642270467,1,4.349314624647878
2531.4814109802246,5.156006945620465,1,4.3593765642009785
2531.5765013694763,5.163648672756178,1,4.355064304392508
2531.702163696289,5.171290399891891,1,4.350752044584038
2531.795914173126,5.163648672756178,1,4.355064304392508
2531.8906614780426,5.1611014303776095,1,4.3565017243286634
2531.9845275878906,5.1840266117847555,1,4.343564944903248
2532.078277826309,5.158554187999034,1,4.357939144264822
2532.1879844665527,5.173837642270467,1,4.349314624647878
2532.282733440399,5.171290399891891,1,4.350752044584038
2532.389444589615,5.178932127027611,1,4.346439784775563
2532.484192609787,5.173837642270467,1,4.349314624647878
2532.57706284523,5.1611014303776095,1,4.3565017243286634
2532.669814348221,5.163648672756178,1,4.355064304392508
2532.795478105545,5.163648672756178,1,4.355064304392508
2532.9031925201416,5.1763848846490355,1,4.347877204711722
2532.9971039295197,5.1763848846490355,1,4.347877204711722
2533.1047797203064,5.173837642270467,1,4.349314624647878
2533.1994984149933,5.178932127027611,1,4.346439784775563
2533.2922489643097,5.1687431575133225,1,4.352189464520192
2533.3857498168945,5.1840266117847555,1,4.343564944903248
2533.4802923202515,5.153459703241889,1,4.360813984137138
2533.572046995163,5.173837642270467,1,4.349314624647878
2533.6675024032593,5.1891210965419,1,4.340690105030933
2533.762481689453,5.1611014303776095,1,4.3565017243286634
2533.853453397751,5.1763848846490355,1,4.347877204711722
2533.9472041130066,5.166195915134754,1,4.353626884456348
2534.055818796158,5.1891210965419,1,4.340690105030933
2534.16552567482,5.173837642270467,1,4.349314624647878
2534.2612705230713,5.163648672756178,1,4.355064304392508
2534.3679842948914,5.1763848846490355,1,4.347877204711722
2534.47868847847,5.166195915134754,1,4.353626884456348
2534.5724375247955,5.186573854163324,1,4.342127524967092
2534.665190219879,5.1763848846490355,1,4.347877204711722
2534.7918519973755,5.1687431575133225,1,4.352189464520192
2534.8841173648834,5.178932127027611,1,4.346439784775563
2534.9769644737244,5.1611014303776095,1,4.3565017243286634
2535.070708990097,5.178932127027611,1,4.346439784775563
2535.1664600372314,5.186573854163324,1,4.342127524967092
2535.2622039318085,5.1611014303776095,1,4.3565017243286634
2535.3559572696686,5.1763848846490355,1,4.347877204711722
2535.4497265815735,5.18147936940618,1,4.345002364839408
2535.5434749126434,5.163648672756178,1,4.355064304392508
2535.6362273693085,5.186573854163324,1,4.342127524967092
2535.7300584316254,5.163648672756178,1,4.355064304392508
2535.8367652893066,5.1916683389204685,1,4.3392526850947775
2535.9295177459717,5.173837642270467,1,4.349314624647878
2536.0222692489624,5.18147936940618,1,4.345002364839408
2536.1178855895996,5.206951793191902,1,4.330628165477831
2536.2104563713074,5.173837642270467,1,4.349314624647878
2536.302369117737,5.186573854163324,1,4.342127524967092
2536.397389650345,5.171290399891891,1,4.350752044584038
2536.489278316498,5.1840266117847555,1,4.343564944903248
2536.5827734470367,5.201857308434757,1,4.333503005350147
2536.721351146698,5.186573854163324,1,4.342127524967092
2536.8271272182465,5.1840266117847555,1,4.343564944903248
2536.9208767414093,5.1840266117847555,1,4.343564944903248
2537.012294769287,5.1840266117847555,1,4.343564944903248
2537.1058542728424,5.1763848846490355,1,4.347877204711722
2537.1989431381226,5.186573854163324,1,4.342127524967092
2537.293822288513,5.1763848846490355,1,4.347877204711722
2537.388083457947,5.173837642270467,1,4.349314624647878
2537.4806866645813,5.173837642270467,1,4.349314624647878
2537.5586466789246,5.1840266117847555,1,4.343564944903248
2537.651911497116,5.1916683389204685,1,4.3392526850947775
2537.7476506233215,5.1840266117847555,1,4.343564944903248
2537.8411016464233,5.1763848846490355,1,4.347877204711722
2537.933853626251,5.1993100660561815,1,4.334940425286307
2538.027602672577,5.186573854163324,1,4.342127524967092
2538.1213521957397,5.1916683389204685,1,4.3392526850947775
2538.2151074409485,5.1916683389204685,1,4.3392526850947775
2538.3108456134796,5.18147936940618,1,4.345002364839408
2538.4026067256927,5.1916683389204685,1,4.3392526850947775
2538.4963552951813,5.18147936940618,1,4.345002364839408
2538.6210219860077,5.196762823677613,1,4.3363778452224615
2538.6979246139526,5.1840266117847555,1,4.343564944903248
2538.7776877880096,5.1763848846490355,1,4.347877204711722
2538.8874278068542,5.196762823677613,1,4.3363778452224615
2538.980146884918,5.1891210965419,1,4.340690105030933
2539.0888574123383,5.201857308434757,1,4.333503005350147
2539.1833651065826,5.186573854163324,1,4.342127524967092
2539.2773957252502,5.1763848846490355,1,4.347877204711722
2539.3688101768494,5.194215581299044,1,4.337815265158618
2539.464210510254,5.1891210965419,1,4.340690105030933
2539.572430372238,5.178932127027611,1,4.346439784775563
2539.668175458908,5.194215581299044,1,4.337815265158618
2539.765911579132,5.194215581299044,1,4.337815265158618
2539.8566694259644,5.1891210965419,1,4.340690105030933
2539.950420856476,5.196762823677613,1,4.3363778452224615
2540.058638572693,5.1916683389204685,1,4.3392526850947775
2540.1543822288513,5.204404550813326,1,4.332065585413991
2540.2461364269257,5.178932127027611,1,4.346439784775563
2540.35484623909,5.196762823677613,1,4.3363778452224615
2540.4615654945374,5.186573854163324,1,4.342127524967092
2540.6031868457794,5.20949903557047,1,4.329190745541677
2540.695943593979,5.186573854163324,1,4.342127524967092
2540.7906908988953,5.1916683389204685,1,4.3392526850947775
2540.8824441432953,5.194215581299044,1,4.337815265158618
2540.9906187057495,5.1916683389204685,1,4.3392526850947775
2541.0694994926453,5.194215581299044,1,4.337815265158618
2541.1486308574677,5.196762823677613,1,4.3363778452224615
2541.241377353668,5.1916683389204685,1,4.3392526850947775
2541.333148956299,5.194215581299044,1,4.337815265158618
2541.4258844852448,5.194215581299044,1,4.337815265158618
2541.516662120819,5.204404550813326,1,4.332065585413991
2541.6104106903076,5.1840266117847555,1,4.343564944903248
2541.7041597366333,5.206951793191902,1,4.330628165477831
2541.797908782959,5.206951793191902,1,4.330628165477831
2541.8896634578705,5.204404550813326,1,4.332065585413991
2541.9819247722626,5.194215581299044,1,4.337815265158618
2542.089217185974,5.1891210965419,1,4.340690105030933
2542.1828463077545,5.1891210965419,1,4.340690105030933
2542.261655807495,5.1840266117847555,1,4.343564944903248
2542.3391094207764,5.194215581299044,1,4.337815265158618
2542.4637043476105,5.196762823677613,1,4.3363778452224615
2542.5564579963684,5.196762823677613,1,4.3363778452224615
2542.651777982712,5.204404550813326,1,4.332065585413991
2542.745964050293,5.214593520327615,1,4.326315905669361
2542.8395776748657,5.196762823677613,1,4.3363778452224615
2542.9326479434967,5.214593520327615,1,4.326315905669361
2543.04034280777,5.204404550813326,1,4.332065585413991
2543.136087179184,5.20949903557047,1,4.329190745541677
2543.2308354377747,5.1993100660561815,1,4.334940425286307
2543.3215913772583,5.201857308434757,1,4.333503005350147
2543.415371656418,5.206951793191902,1,4.330628165477831
2543.4922335147858,5.201857308434757,1,4.333503005350147
2543.5696012973785,5.224782489841903,1,4.320566225924731
2543.663352251053,5.206951793191902,1,4.330628165477831
2543.7571001052856,5.206951793191902,1,4.330628165477831
2543.8507175445557,5.201857308434757,1,4.333503005350147
2543.946155309677,5.206951793191902,1,4.330628165477831
2544.0379111766815,5.204404550813326,1,4.332065585413991
2544.132243871689,5.206951793191902,1,4.330628165477831
2544.2249958515167,5.204404550813326,1,4.332065585413991
2544.352653503418,5.204404550813326,1,4.332065585413991
2544.4585099220276,5.206951793191902,1,4.330628165477831
2544.5502643585205,5.224782489841903,1,4.320566225924731
2544.6428401470184,5.1993100660561815,1,4.334940425286307
2544.720659017563,5.21714076270619,1,4.324878485733201
2544.8144273757935,5.214593520327615,1,4.326315905669361
2544.9071905612946,5.1993100660561815,1,4.334940425286307
2545.000943660736,5.214593520327615,1,4.326315905669361
2545.095705986023,5.20949903557047,1,4.329190745541677
2545.202419757843,5.204404550813326,1,4.332065585413991
2545.295682668686,5.222235247463335,1,4.322003645860887
2545.3894469738007,5.206951793191902,1,4.330628165477831
2545.4839894771576,5.219688005084759,1,4.323441065797047
2545.5942344665527,5.201857308434757,1,4.333503005350147
2545.6846556663513,5.222235247463335,1,4.322003645860887
2545.779641389847,5.21714076270619,1,4.324878485733201
2545.8705174922943,5.204404550813326,1,4.332065585413991
2545.949411392212,5.222235247463335,1,4.322003645860887
2546.045049905777,5.204404550813326,1,4.332065585413991
2546.1378066539764,5.222235247463335,1,4.322003645860887
2546.267815589905,5.222235247463335,1,4.322003645860887
2546.37153673172,5.212046277949046,1,4.327753325605517
2546.4672820568085,5.224782489841903,1,4.320566225924731
2546.560057401657,5.206951793191902,1,4.330628165477831
2546.6547968387604,5.21714076270619,1,4.324878485733201
2546.750541448593,5.224782489841903,1,4.320566225924731
2546.8442907333374,5.20949903557047,1,4.329190745541677
2546.9390375614166,5.224782489841903,1,4.320566225924731
2547.0307965278625,5.20949903557047,1,4.329190745541677
2547.1241195201874,5.214593520327615,1,4.326315905669361
2547.2156007289886,5.212046277949046,1,4.327753325605517
2547.3073554039,5.204404550813326,1,4.332065585413991
2547.4001080989838,5.21714076270619,1,4.324878485733201
2547.4941885471344,5.212046277949046,1,4.327753325605517
2547.58793759346,5.201857308434757,1,4.333503005350147
2547.682684659958,5.229876974599048,1,4.317691386052417
2547.775436401367,5.21714076270619,1,4.324878485733201
2547.90110039711,5.222235247463335,1,4.322003645860887
2547.993851661682,5.21714076270619,1,4.324878485733201
2548.0888056755066,5.20949903557047,1,4.329190745541677
2548.21347284317,5.232424216977616,1,4.31625396611626
2548.307442188263,5.20949903557047,1,4.329190745541677
2548.4022216796875,5.224782489841903,1,4.320566225924731
2548.495972633362,5.224782489841903,1,4.320566225924731
2548.590399980545,5.224782489841903,1,4.320566225924731
2548.699057340622,5.222235247463335,1,4.322003645860887
2548.794801235199,5.214593520327615,1,4.326315905669361
2548.889548063278,5.219688005084759,1,4.323441065797047
2548.9842948913574,5.234971459356192,1,4.314816546180101
2549.078043460846,5.20949903557047,1,4.329190745541677
2549.171810865402,5.214593520327615,1,4.326315905669361
2549.267537355423,5.222235247463335,1,4.322003645860887
2549.3598148822784,5.20949903557047,1,4.329190745541677
2549.4535658359528,5.222235247463335,1,4.322003645860887
2549.5478229522705,5.229876974599048,1,4.317691386052417
2549.641587972641,5.219688005084759,1,4.323441065797047
2549.7343406677246,5.232424216977616,1,4.31625396611626
2549.8281049728394,5.237518701734761,1,4.313379126243945
2549.922836780548,5.214593520327615,1,4.326315905669361
2550.0166211128235,5.222235247463335,1,4.322003645860887
2550.1552171707153,5.234971459356192,1,4.314816546180101
2550.2479667663574,5.227329732220472,1,4.3191288059885755
2550.341718196869,5.212046277949046,1,4.327753325605517
2550.451423406601,5.222235247463335,1,4.322003645860887
2550.5600910186768,5.219688005084759,1,4.323441065797047
2550.671793937683,5.227329732220472,1,4.3191288059885755
2550.7815029621124,5.234971459356192,1,4.314816546180101
2550.874780654907,5.227329732220472,1,4.3191288059885755
2550.9690754413605,5.234971459356192,1,4.314816546180101
2551.062177181244,5.234971459356192,1,4.314816546180101
2551.1569278240204,5.212046277949046,1,4.327753325605517
2551.250673055649,5.229876974599048,1,4.317691386052417
2551.3600149154663,5.229876974599048,1,4.317691386052417
2551.453767299652,5.224782489841903,1,4.320566225924731
2551.547513961792,5.232424216977616,1,4.31625396611626
2551.640273809433,5.227329732220472,1,4.3191288059885755
2551.748867750168,5.240065944113336,1,4.3119417063077865
2551.859629392624,5.224782489841903,1,4.320566225924731
2551.9526426792145,5.232424216977616,1,4.31625396611626
2552.048404932022,5.234971459356192,1,4.314816546180101
2552.1850397586823,5.240065944113336,1,4.3119417063077865
2552.278825044632,5.242613186491905,1,4.31050428637163
2552.371581554413,5.222235247463335,1,4.322003645860887
2552.4643409252167,5.219688005084759,1,4.323441065797047
2552.574611902237,5.237518701734761,1,4.313379126243945
2552.668290615082,5.224782489841903,1,4.320566225924731
2552.762652158737,5.234971459356192,1,4.314816546180101
2552.8579075336456,5.222235247463335,1,4.322003645860887
2552.9511692523956,5.224782489841903,1,4.320566225924731
2553.044917345047,5.232424216977616,1,4.31625396611626
2553.121962070465,5.232424216977616,1,4.31625396611626
2553.2147669792175,5.237518701734761,1,4.313379126243945
2553.3095655441284,5.224782489841903,1,4.320566225924731
2553.4012706279755,5.240065944113336,1,4.3119417063077865
2553.509982585907,5.229876974599048,1,4.317691386052417
2553.6356716156006,5.229876974599048,1,4.317691386052417
2553.7314279079437,5.237518701734761,1,4.313379126243945
2553.8236265182495,5.237518701734761,1,4.313379126243945
2553.9193704128265,5.234971459356192,1,4.314816546180101
2554.0111491680145,5.242613186491905,1,4.31050428637163
2554.152770280838,5.242613186491905,1,4.31050428637163
2554.248513698578,5.250254913627625,1,4.306192026563156
2554.341731786728,5.242613186491905,1,4.31050428637163
2554.436700105667,5.222235247463335,1,4.322003645860887
2554.529452085495,5.232424216977616,1,4.31625396611626
2554.6402640342712,5.245160428870481,1,4.3090668664354705
2554.73601102829,5.245160428870481,1,4.3090668664354705
2554.845009326935,5.247707671249049,1,4.307629446499315
2554.9390091896057,5.222235247463335,1,4.322003645860887
2555.032758951187,5.255349398384762,1,4.303317186690845
2555.1265063285828,5.240065944113336,1,4.3119417063077865
2555.218270778656,5.250254913627625,1,4.306192026563156
2555.311026096344,5.247707671249049,1,4.307629446499315
2555.405867099762,5.245160428870481,1,4.3090668664354705
2555.4837789535522,5.252802156006194,1,4.304754606627
2555.5610818862915,5.242613186491905,1,4.31050428637163
2555.6558287143707,5.242613186491905,1,4.31050428637163
2555.747601032257,5.252802156006194,1,4.304754606627
2555.8573038578033,5.229876974599048,1,4.317691386052417
2555.95005607605,5.237518701734761,1,4.313379126243945
2556.075902223587,5.250254913627625,1,4.306192026563156
2556.1681337356567,5.255349398384762,1,4.303317186690845
2556.2638804912567,5.252802156006194,1,4.304754606627
2556.3556344509125,5.245160428870481,1,4.3090668664354705
2556.4495046138763,5.245160428870481,1,4.3090668664354705
2556.5444560050964,5.257896640763338,1,4.301879766754685
2556.637626647949,5.227329732220472,1,4.3191288059885755
2556.717443704605,5.240065944113336,1,4.3119417063077865
2556.8094067573547,5.257896640763338,1,4.301879766754685
2556.9031562805176,5.232424216977616,1,4.31625396611626
2556.995801448822,5.257896640763338,1,4.301879766754685
2557.0887734889984,5.237518701734761,1,4.313379126243945
2557.1811995506287,5.255349398384762,1,4.303317186690845
2557.2769434452057,5.242613186491905,1,4.31050428637163
2557.370040178299,5.240065944113336,1,4.3119417063077865
2557.4629805088043,5.242613186491905,1,4.31050428637163
2557.5567297935486,5.234971459356192,1,4.314816546180101
2557.649164915085,5.250254913627625,1,4.306192026563156
2557.7449090480804,5.242613186491905,1,4.31050428637163
2557.8509528636932,5.247707671249049,1,4.307629446499315
2557.959043741226,5.237518701734761,1,4.313379126243945
2558.0513553619385,5.250254913627625,1,4.306192026563156
2558.1610679626465,5.247707671249049,1,4.307629446499315
2558.2667787075043,5.260443883141907,1,4.30044234681853
2558.360045194626,5.252802156006194,1,4.304754606627
2558.454792737961,5.240065944113336,1,4.3119417063077865
2558.5615091323853,5.255349398384762,1,4.303317186690845
2558.6532645225525,5.240065944113336,1,4.3119417063077865
2558.745764732361,5.252802156006194,1,4.304754606627
2558.83851647377,5.252802156006194,1,4.304754606627
2558.9343852996826,5.252802156006194,1,4.304754606627
2559.02791595459,5.255349398384762,1,4.303317186690845
2559.105280160904,5.257896640763338,1,4.301879766754685
2559.198601961136,5.247707671249049,1,4.307629446499315
2559.2943472862244,5.262991125520482,1,4.29900492688237
2559.4210205078125,5.262991125520482,1,4.29900492688237
2559.5307149887085,5.262991125520482,1,4.29900492688237
2559.639424085617,5.257896640763338,1,4.301879766754685
2559.732197523117,5.262991125520482,1,4.29900492688237
2559.827926158905,5.255349398384762,1,4.303317186690845
2559.95361328125,5.252802156006194,1,4.304754606627
2560.04834151268,5.260443883141907,1,4.30044234681853
2560.1400003433228,5.245160428870481,1,4.3090668664354705
2560.2357761859894,5.252802156006194,1,4.304754606627
2560.327536582947,5.247707671249049,1,4.307629446499315
2560.4213144779205,5.245160428870481,1,4.3090668664354705
2560.514925956726,5.268085610277627,1,4.296130087010055
2560.6226387023926,5.260443883141907,1,4.30044234681853
2560.717591524124,5.255349398384762,1,4.303317186690845
2560.811360359192,5.265538367899051,1,4.297567506946215
2560.9041295051575,5.262991125520482,1,4.29900492688237
2560.996440887451,5.262991125520482,1,4.29900492688237
2561.0895874500275,5.252802156006194,1,4.304754606627
2561.199292898178,5.257896640763338,1,4.301879766754685
2561.2940440177917,5.265538367899051,1,4.297567506946215
2561.3888099193573,5.265538367899051,1,4.297567506946215
2561.4667320251465,5.268085610277627,1,4.296130087010055
2561.5426449775696,5.260443883141907,1,4.30044234681853
2561.6373887062073,5.260443883141907,1,4.30044234681853
2561.747098684311,5.27572733741334,1,4.291817827201585
2561.8860828876495,5.265538367899051,1,4.297567506946215
2561.9808411598206,5.270632852656195,1,4.2946926670739
2562.073098421097,5.250254913627625,1,4.306192026563156
2562.1668643951416,5.270632852656195,1,4.2946926670739
2562.2606332302094,5.27572733741334,1,4.291817827201585
2562.3564162254333,5.257896640763338,1,4.301879766754685
2562.4517393112183,5.260443883141907,1,4.30044234681853
2562.5434992313385,5.262991125520482,1,4.29900492688237
2562.638245820999,5.260443883141907,1,4.30044234681853
2562.7449593544006,5.262991125520482,1,4.29900492688237
2562.86962723732,5.260443883141907,1,4.30044234681853
2562.9793331623077,5.268085610277627,1,4.296130087010055
2563.073086977005,5.257896640763338,1,4.301879766754685
2563.166881799698,5.270632852656195,1,4.2946926670739
2563.274594068527,5.268085610277627,1,4.296130087010055
2563.368880033493,5.268085610277627,1,4.296130087010055
2563.4626297950745,5.260443883141907,1,4.30044234681853
2563.5578842163086,5.273180095034771,1,4.29325524713774
2563.666102409363,5.270632852656195,1,4.2946926670739
2563.761846780777,5.270632852656195,1,4.2946926670739
2563.8860030174255,5.262991125520482,1,4.29900492688237
2563.9807500839233,5.27572733741334,1,4.291817827201585
2564.08842253685,5.252802156006194,1,4.304754606627
2564.1955757141113,5.280821822170484,1,4.2889429873292695
2564.2893261909485,5.265538367899051,1,4.297567506946215
2564.381839990616,5.257896640763338,1,4.301879766754685
2564.4925439357758,5.27572733741334,1,4.291817827201585
2564.58629488945,5.265538367899051,1,4.297567506946215
2564.6810393333435,5.27572733741334,1,4.291817827201585
2564.775789499283,5.270632852656195,1,4.2946926670739
2564.8695533275604,5.270632852656195,1,4.2946926670739
2564.963140487671,5.270632852656195,1,4.2946926670739
2565.0548946857452,5.262991125520482,1,4.29900492688237
2565.164813041687,5.280821822170484,1,4.2889429873292695
2565.257565498352,5.27572733741334,1,4.291817827201585
2565.366444826126,5.265538367899051,1,4.297567506946215
2565.4621930122375,5.27572733741334,1,4.291817827201585
2565.5549364089966,5.252802156006194,1,4.304754606627
2565.6482784748077,5.265538367899051,1,4.297567506946215
2565.7408368587494,5.270632852656195,1,4.2946926670739
2565.881462574005,5.265538367899051,1,4.297567506946215
2565.9768216609955,5.280821822170484,1,4.2889429873292695
2566.0695984363556,5.252802156006194,1,4.304754606627
2566.161372423172,5.2859163069276285,1,4.286068147456954
2566.251156806946,5.265538367899051,1,4.297567506946215
2566.3891978263855,5.270632852656195,1,4.2946926670739
2566.511365175247,5.2859163069276285,1,4.286068147456954
2566.591202735901,5.27572733741334,1,4.291817827201585
2566.6839394569397,5.268085610277627,1,4.296130087010055
2566.7610642910004,5.283369064549053,1,4.287505567393113
2566.839625597,5.268085610277627,1,4.296130087010055
2566.918341398239,5.257896640763338,1,4.301879766754685
2566.9953870773315,5.273180095034771,1,4.29325524713774
2567.073234796524,5.270632852656195,1,4.2946926670739
2567.153098344803,5.280821822170484,1,4.2889429873292695
2567.244764328003,5.280821822170484,1,4.2889429873292695
2567.3376746177673,5.27572733741334,1,4.291817827201585
2567.428739786148,5.291010791684773,1,4.283193307584639
2567.521478652954,5.27572733741334,1,4.291817827201585
2567.597728252411,5.280821822170484,1,4.2889429873292695
2567.7035670280457,5.262991125520482,1,4.29900492688237
2567.7976031303406,5.2782745797919155,1,4.290380407265425
2567.8891446590424,5.27572733741334,1,4.291817827201585
2567.997355699539,5.2782745797919155,1,4.290380407265425
2568.105813026428,5.27572733741334,1,4.291817827201585
2568.2148921489716,5.2859163069276285,1,4.286068147456954
2568.324261903763,5.2859163069276285,1,4.286068147456954
2568.4316413402557,5.296105276441917,1,4.280318467712324
2568.5092589855194,5.283369064549053,1,4.287505567393113
2568.600475549698,5.268085610277627,1,4.296130087010055
2568.695025920868,5.2859163069276285,1,4.286068147456954
2568.7728633880615,5.288463549306197,1,4.284630727520799
2568.8659262657166,5.283369064549053,1,4.287505567393113
2568.943875312805,5.283369064549053,1,4.287505567393113
2569.051346540451,5.270632852656195,1,4.2946926670739
2569.1593906879425,5.296105276441917,1,4.280318467712324
2569.268217086792,5.273180095034771,1,4.29325524713774
2569.3771212100983,5.288463549306197,1,4.284630727520799
2569.485735654831,5.280821822170484,1,4.2889429873292695
2569.5630145072937,5.296105276441917,1,4.280318467712324
2569.671161174774,5.2782745797919155,1,4.290380407265425
2569.7649059295654,5.2859163069276285,1,4.286068147456954
2569.844273328781,5.280821822170484,1,4.2889429873292695
2569.922102212906,5.268085610277627,1,4.296130087010055
2569.99915933609,5.283369064549053,1,4.287505567393113
2570.0917205810547,5.288463549306197,1,4.284630727520799
2570.170872449875,5.273180095034771,1,4.29325524713774
2570.2475397586823,5.296105276441917,1,4.280318467712324
2570.340871334076,5.2935580340633415,1,4.281755887648483
2570.42023897171,5.2859163069276285,1,4.286068147456954
2570.4980890750885,5.283369064549053,1,4.287505567393113
2570.5758748054504,5.280821822170484,1,4.2889429873292695
2570.654071331024,5.265538367899051,1,4.297567506946215
2570.730706214905,5.296105276441917,1,4.280318467712324
2570.8095138072968,5.288463549306197,1,4.284630727520799
2570.888372898102,5.291010791684773,1,4.283193307584639
2570.9812195301056,5.291010791684773,1,4.283193307584639
2571.0585494041443,5.27572733741334,1,4.291817827201585
2571.152906894684,5.2782745797919155,1,4.290380407265425
2571.23069357872,5.2935580340633415,1,4.281755887648483
2571.3374469280243,5.273180095034771,1,4.29325524713774
2571.4145936965942,5.298652518820486,1,4.278881047776169
2571.4925525188446,5.283369064549053,1,4.287505567393113
2571.5724844932556,5.2782745797919155,1,4.290380407265425
2571.650309562683,5.2935580340633415,1,4.281755887648483
2571.7301228046417,5.288463549306197,1,4.284630727520799
2571.822583913803,5.27572733741334,1,4.291817827201585
2571.8987872600555,5.283369064549053,1,4.287505567393113
2571.977423429489,5.291010791684773,1,4.283193307584639
2572.072121858597,5.298652518820486,1,4.278881047776169
2572.165747642517,5.296105276441917,1,4.280318467712324
2572.2433581352234,5.288463549306197,1,4.284630727520799
2572.3217430114746,5.280821822170484,1,4.2889429873292695
2572.3996500968933,5.288463549306197,1,4.284630727520799
2572.47914147377,5.296105276441917,1,4.280318467712324
2572.556329727173,5.296105276441917,1,4.280318467712324
2572.633640527725,5.2782745797919155,1,4.290380407265425
2572.7124836444855,5.2935580340633415,1,4.281755887648483
2572.802823781967,5.288463549306197,1,4.284630727520799
2572.881744623184,5.291010791684773,1,4.283193307584639
2572.9906458854675,5.283369064549053,1,4.287505567393113
2573.066630601883,5.291010791684773,1,4.283193307584639
2573.1454157829285,5.2859163069276285,1,4.286068147456954
2573.239627122879,5.291010791684773,1,4.283193307584639
2573.331300973892,5.291010791684773,1,4.283193307584639
2573.423844575882,5.296105276441917,1,4.280318467712324
2573.500654935837,5.288463549306197,1,4.284630727520799
2573.5784413814545,5.30374700357763,1,4.276006207903853
2573.6693103313446,5.260443883141907,1,4.30044234681853
2573.744695186615,5.3011997611990616,1,4.277443627840009
2573.8246138095856,5.283369064549053,1,4.287505567393113
2573.9029400348663,5.2935580340633415,1,4.281755887648483
2573.993920326233,5.311388730713343,1,4.271693948095383
2574.0736842155457,5.30374700357763,1,4.276006207903853
2574.153678894043,5.273180095034771,1,4.29325524713774
2574.230653524399,5.3011997611990616,1,4.277443627840009
2574.322435617447,5.298652518820486,1,4.278881047776169
2574.4162108898163,5.291010791684773,1,4.283193307584639
2574.5109906196594,5.296105276441917,1,4.280318467712324
2574.5907864570618,5.30374700357763,1,4.276006207903853
2574.700242996216,5.306294245956206,1,4.274568787967694
2574.7802217006683,5.3088414883347745,1,4.273131368031539
2574.8590462207794,5.3011997611990616,1,4.277443627840009
2574.9506483078003,5.296105276441917,1,4.280318467712324
2575.0277202129364,5.3011997611990616,1,4.277443627840009
2575.1038637161255,5.2859163069276285,1,4.286068147456954
2575.195168733597,5.30374700357763,1,4.276006207903853
2575.2749514579773,5.3011997611990616,1,4.277443627840009
2575.3538360595703,5.288463549306197,1,4.284630727520799
2575.4308700561523,5.2859163069276285,1,4.286068147456954
2575.5253190994263,5.306294245956206,1,4.274568787967694
2575.6017875671387,5.30374700357763,1,4.276006207903853
2575.680043697357,5.306294245956206,1,4.274568787967694
2575.7599704265594,5.311388730713343,1,4.271693948095383
2575.8370628356934,5.298652518820486,1,4.278881047776169
2575.9154658317566,5.306294245956206,1,4.274568787967694
2575.9939239025116,5.306294245956206,1,4.274568787967694
2576.0712032318115,5.3011997611990616,1,4.277443627840009
2576.1482207775116,5.30374700357763,1,4.276006207903853
2576.2260842323303,5.298652518820486,1,4.278881047776169
2576.3359994888306,5.296105276441917,1,4.280318467712324
2576.4158194065094,5.3088414883347745,1,4.273131368031539
2576.5087890625,5.30374700357763,1,4.276006207903853
2576.585613489151,5.30374700357763,1,4.276006207903853
2576.664614677429,5.3011997611990616,1,4.277443627840009
2576.7434446811676,5.311388730713343,1,4.271693948095383
2576.8193702697754,5.2935580340633415,1,4.281755887648483
2576.896300792694,5.3088414883347745,1,4.273131368031539
2576.9748151302338,5.3088414883347745,1,4.273131368031539
2577.0515582561493,5.298652518820486,1,4.278881047776169
2577.1284177303314,5.306294245956206,1,4.274568787967694
2577.2057118415833,5.296105276441917,1,4.280318467712324
2577.2828879356384,5.3088414883347745,1,4.273131368031539
2577.3605263233185,5.30374700357763,1,4.276006207903853
2577.438371896744,5.296105276441917,1,4.280318467712324
2577.5144095420837,5.324124942606208,1,4.264506848414593
2577.5932006835938,5.3011997611990616,1,4.277443627840009
2577.6722984313965,5.306294245956206,1,4.274568787967694
2577.7504580020905,5.296105276441917,1,4.280318467712324
2577.8437337875366,5.30374700357763,1,4.276006207903853
2577.9514927864075,5.3088414883347745,1,4.273131368031539
2578.031038045883,5.3088414883347745,1,4.273131368031539
2578.109794139862,5.3088414883347745,1,4.273131368031539
2578.18562912941,5.296105276441917,1,4.280318467712324
2578.2652554512024,5.3164832154704875,1,4.268819108223068
2578.3437464237213,5.3088414883347745,1,4.273131368031539
2578.4197142124176,5.296105276441917,1,4.280318467712324
2578.49666929245,5.321577700227632,1,4.2659442683507525
2578.5738883018494,5.306294245956206,1,4.274568787967694
2578.6520819664,5.30374700357763,1,4.276006207903853
2578.7315340042114,5.306294245956206,1,4.274568787967694
2578.8096191883087,5.3164832154704875,1,4.268819108223068
2578.9032933712006,5.306294245956206,1,4.274568787967694
2578.9940536022186,5.3088414883347745,1,4.273131368031539
2579.085788965225,5.3011997611990616,1,4.277443627840009
2579.163650035858,5.319030457849063,1,4.267381688286909
2579.257110595703,5.3088414883347745,1,4.273131368031539
2579.349897623062,5.3088414883347745,1,4.273131368031539
2579.4445221424103,5.3164832154704875,1,4.268819108223068
2579.536281347275,5.3011997611990616,1,4.277443627840009
2579.66059422493,5.30374700357763,1,4.276006207903853
2579.751853466034,5.3011997611990616,1,4.277443627840009
2579.860528230667,5.313935973091919,1,4.270256528159223
2579.9692697525024,5.3164832154704875,1,4.268819108223068
2580.0610206127167,5.3164832154704875,1,4.268819108223068
2580.1557676792145,5.30374700357763,1,4.276006207903853
2580.265692949295,5.3164832154704875,1,4.268819108223068
2580.3741891384125,5.306294245956206,1,4.274568787967694
2580.4838943481445,5.311388730713343,1,4.271693948095383
2580.5937662124634,5.326672184984776,1,4.263069428478438
2580.704047203064,5.311388730713343,1,4.271693948095383
2580.7803435325623,5.3088414883347745,1,4.273131368031539
2580.858217716217,5.319030457849063,1,4.267381688286909
2580.934906721115,5.3164832154704875,1,4.268819108223068
2581.024880886078,5.311388730713343,1,4.271693948095383
2581.102257013321,5.3088414883347745,1,4.273131368031539
2581.195585012436,5.326672184984776,1,4.263069428478438
2581.272582054138,5.3011997611990616,1,4.277443627840009
2581.350654602051,5.319030457849063,1,4.267381688286909
2581.429418325424,5.324124942606208,1,4.264506848414593
2581.536946296692,5.306294245956206,1,4.274568787967694
2581.6143028736115,5.3088414883347745,1,4.273131368031539
2581.691595554352,5.3164832154704875,1,4.268819108223068
2581.768350839615,5.3088414883347745,1,4.273131368031539
2581.844869375229,5.329219427363352,1,4.2616320085422785
2581.921838283539,5.30374700357763,1,4.276006207903853
2582.000654220581,5.326672184984776,1,4.263069428478438
2582.078643321991,5.324124942606208,1,4.264506848414593
2582.15526676178,5.30374700357763,1,4.276006207903853
2582.2338626384735,5.30374700357763,1,4.276006207903853
2582.3296790122986,5.319030457849063,1,4.267381688286909
2582.4229035377502,5.319030457849063,1,4.267381688286909
2582.5008285045624,5.313935973091919,1,4.270256528159223
2582.5793528556824,5.321577700227632,1,4.2659442683507525
2582.6708528995514,5.3164832154704875,1,4.268819108223068
2582.7497482299805,5.306294245956206,1,4.274568787967694
2582.827874660492,5.324124942606208,1,4.264506848414593
2582.9041187763214,5.306294245956206,1,4.274568787967694
2582.9829149246216,5.324124942606208,1,4.264506848414593
2583.0621762275696,5.321577700227632,1,4.2659442683507525
2583.168900489807,5.319030457849063,1,4.267381688286909
2583.2461960315704,5.324124942606208,1,4.264506848414593
2583.323311805725,5.311388730713343,1,4.271693948095383
2583.4006068706512,5.321577700227632,1,4.2659442683507525
2583.480530500412,5.326672184984776,1,4.263069428478438
2583.5574090480804,5.324124942606208,1,4.264506848414593
2583.635056734085,5.3164832154704875,1,4.268819108223068
2583.713499546051,5.324124942606208,1,4.264506848414593
2583.791747570038,5.334313912120496,1,4.258757168669963
2583.870657682419,5.329219427363352,1,4.2616320085422785
2583.9505047798157,5.313935973091919,1,4.270256528159223
2584.0284340381622,5.329219427363352,1,4.2616320085422785
2584.106439590454,5.311388730713343,1,4.271693948095383
2584.18509888649,5.3164832154704875,1,4.268819108223068
2584.2640957832336,5.331766669741921,1,4.260194588606122
2584.340998649597,5.324124942606208,1,4.264506848414593
2584.420974969864,5.3164832154704875,1,4.268819108223068
2584.498093366623,5.331766669741921,1,4.260194588606122
2584.5908513069153,5.329219427363352,1,4.2616320085422785
2584.7005577087402,5.321577700227632,1,4.2659442683507525
2584.855145931244,5.319030457849063,1,4.267381688286909
2584.9658913612366,5.336861154499065,1,4.257319748733808
2585.044959306717,5.341955639256209,1,4.254444908861492
2585.12277841568,5.319030457849063,1,4.267381688286909
2585.198618888855,5.329219427363352,1,4.2616320085422785
2585.2907996177673,5.3164832154704875,1,4.268819108223068
2585.369049310684,5.324124942606208,1,4.264506848414593
2585.446235179901,5.331766669741921,1,4.260194588606122
2585.5249598026276,5.324124942606208,1,4.264506848414593
2585.6029064655304,5.321577700227632,1,4.2659442683507525
2585.697284221649,5.331766669741921,1,4.260194588606122
2585.8204505443573,5.329219427363352,1,4.2616320085422785
2585.912837743759,5.329219427363352,1,4.2616320085422785
2586.0225472450256,5.324124942606208,1,4.264506848414593
2586.1023609638214,5.321577700227632,1,4.2659442683507525
2586.180276155472,5.344502881634778,1,4.253007488925338
2586.2573108673096,5.339408396877634,1,4.255882328797652
2586.335970401764,5.331766669741921,1,4.260194588606122
2586.4287128448486,5.347050124013354,1,4.251570068989178
2586.508377313614,5.341955639256209,1,4.254444908861492
2586.6138937473297,5.339408396877634,1,4.255882328797652
2586.691468000412,5.336861154499065,1,4.257319748733808
2586.7675020694733,5.331766669741921,1,4.260194588606122
2586.8587441444397,5.347050124013354,1,4.251570068989178
2586.9383738040924,5.329219427363352,1,4.2616320085422785
2587.0315504074097,5.341955639256209,1,4.254444908861492
2587.1086027622223,5.329219427363352,1,4.2616320085422785
2587.1869044303894,5.329219427363352,1,4.2616320085422785
2587.295613050461,5.329219427363352,1,4.2616320085422785
2587.405322790146,5.336861154499065,1,4.257319748733808
2587.5150253772736,5.336861154499065,1,4.257319748733808
2587.6068823337555,5.321577700227632,1,4.2659442683507525
2587.685750722885,5.319030457849063,1,4.267381688286909
2587.762368917465,5.344502881634778,1,4.253007488925338
2587.8711771965027,5.326672184984776,1,4.263069428478438
2587.98139834404,5.341955639256209,1,4.254444908861492
2588.0910992622375,5.341955639256209,1,4.254444908861492
2588.1868979930878,5.331766669741921,1,4.260194588606122
2588.2628951072693,5.331766669741921,1,4.260194588606122
2588.3414731025696,5.334313912120496,1,4.258757168669963
2588.4516592025757,5.341955639256209,1,4.254444908861492
2588.5283920764923,5.349597366391922,1,4.250132649053022
2588.607127428055,5.331766669741921,1,4.260194588606122
2588.685742378235,5.329219427363352,1,4.2616320085422785
2588.7630643844604,5.352144608770498,1,4.248695229116862
2588.8416390419006,5.334313912120496,1,4.258757168669963
2588.9332468509674,5.344502881634778,1,4.253007488925338
2589.0111334323883,5.341955639256209,1,4.254444908861492
2589.0899641513824,5.341955639256209,1,4.254444908861492
2589.170455932617,5.331766669741921,1,4.260194588606122
2589.262728691101,5.357239093527642,1,4.245820389244548
2589.356697320938,5.334313912120496,1,4.258757168669963
2589.434876680374,5.341955639256209,1,4.254444908861492
2589.512969017029,5.341955639256209,1,4.254444908861492
2589.5890452861786,5.326672184984776,1,4.263069428478438
2589.664922952652,5.341955639256209,1,4.254444908861492
2589.755934238434,5.321577700227632,1,4.2659442683507525
2589.8339149951935,5.347050124013354,1,4.251570068989178
2589.912537097931,5.349597366391922,1,4.250132649053022
2589.9906895160675,5.326672184984776,1,4.263069428478438
2590.0993039608,5.349597366391922,1,4.250132649053022
2590.177045583725,5.359786335906211,1,4.244382969308392
2590.256003141403,5.339408396877634,1,4.255882328797652
2590.3339800834656,5.341955639256209,1,4.254444908861492
2590.4406938552856,5.347050124013354,1,4.251570068989178
2590.53195810318,5.336861154499065,1,4.257319748733808
2590.6237137317657,5.339408396877634,1,4.255882328797652
2590.718460083008,5.341955639256209,1,4.254444908861492
2590.810214281082,5.352144608770498,1,4.248695229116862
2590.9039635658264,5.341955639256209,1,4.254444908861492
2590.995718717575,5.336861154499065,1,4.257319748733808
2591.0894672870636,5.331766669741921,1,4.260194588606122
2591.182465314865,5.349597366391922,1,4.250132649053022
2591.2593698501587,5.354691851149067,1,4.247257809180708
2591.3510365486145,5.341955639256209,1,4.254444908861492
2591.4447865486145,5.354691851149067,1,4.247257809180708
2591.5395333766937,5.336861154499065,1,4.257319748733808
2591.632791519165,5.352144608770498,1,4.248695229116862
2591.7260689735413,5.336861154499065,1,4.257319748733808
2591.819803714752,5.347050124013354,1,4.251570068989178
2591.947164297104,5.357239093527642,1,4.245820389244548
2592.038617372513,5.347050124013354,1,4.251570068989178
2592.131369113922,5.352144608770498,1,4.248695229116862
2592.2261900901794,5.352144608770498,1,4.248695229116862
2592.3195996284485,5.352144608770498,1,4.248695229116862
2592.3994348049164,5.344502881634778,1,4.253007488925338
2592.478467941284,5.349597366391922,1,4.250132649053022
2592.572215795517,5.352144608770498,1,4.248695229116862
2592.6674695014954,5.352144608770498,1,4.248695229116862
2592.7602214813232,5.357239093527642,1,4.245820389244548
2592.852973461151,5.334313912120496,1,4.258757168669963
2592.947721004486,5.347050124013354,1,4.251570068989178
2593.0404720306396,5.347050124013354,1,4.251570068989178
2593.1362166404724,5.336861154499065,1,4.257319748733808
2593.228969335556,5.354691851149067,1,4.247257809180708
2593.323714733124,5.352144608770498,1,4.248695229116862
2593.417501449585,5.347050124013354,1,4.251570068989178
2593.5102682113647,5.352144608770498,1,4.248695229116862
2593.588182449341,5.341955639256209,1,4.254444908861492
2593.680028438568,5.359786335906211,1,4.244382969308392
2593.8086841106415,5.359786335906211,1,4.244382969308392
2593.9004390239716,5.354691851149067,1,4.247257809180708
2593.996183156967,5.352144608770498,1,4.248695229116862
2594.0919280052185,5.341955639256209,1,4.254444908861492
2594.185704469681,5.354691851149067,1,4.247257809180708
2594.279106616974,5.359786335906211,1,4.244382969308392
2594.3710808753967,5.354691851149067,1,4.247257809180708
2594.4661693573,5.354691851149067,1,4.247257809180708
2594.5614228248596,5.362333578284787,1,4.242945549372232
2594.669690132141,5.347050124013354,1,4.251570068989178
2594.7640278339386,5.352144608770498,1,4.248695229116862
2594.8558616638184,5.354691851149067,1,4.247257809180708
2594.9485857486725,5.359786335906211,1,4.244382969308392
2595.0542917251587,5.347050124013354,1,4.251570068989178
2595.1452929973602,5.367428063041924,1,4.240070709499921
2595.2380454540253,5.341955639256209,1,4.254444908861492
2595.3289749622345,5.349597366391922,1,4.250132649053022
2595.4227244853973,5.344502881634778,1,4.253007488925338
2595.516095638275,5.349597366391922,1,4.250132649053022
2595.6093928813934,5.352144608770498,1,4.248695229116862
2595.7347917556763,5.341955639256209,1,4.254444908861492
2595.8275747299194,5.347050124013354,1,4.251570068989178
2595.922370672226,5.357239093527642,1,4.245820389244548
2596.0134358406067,5.375069790177644,1,4.235758449691447
2596.092615365982,5.362333578284787,1,4.242945549372232
2596.2029826641083,5.341955639256209,1,4.254444908861492
2596.2947297096252,5.352144608770498,1,4.248695229116862
2596.389476776123,5.341955639256209,1,4.254444908861492
2596.48424243927,5.364880820663355,1,4.2415081294360775
2596.5779917240143,5.372522547799068,1,4.237195869627606
2596.6724710464478,5.344502881634778,1,4.253007488925338
2596.7657668590546,5.352144608770498,1,4.248695229116862
2596.859584093094,5.357239093527642,1,4.245820389244548
2596.952602624893,5.352144608770498,1,4.248695229116862
2597.0453555583954,5.362333578284787,1,4.242945549372232
2597.1401767730713,5.352144608770498,1,4.248695229116862
2597.217014312744,5.359786335906211,1,4.244382969308392
2597.309282064438,5.362333578284787,1,4.242945549372232
2597.404027938843,5.349597366391922,1,4.250132649053022
2597.4958090782166,5.359786335906211,1,4.244382969308392
2597.6214456558228,5.354691851149067,1,4.247257809180708
2597.7151985168457,5.362333578284787,1,4.242945549372232
2597.808815717697,5.357239093527642,1,4.245820389244548
2597.902824163437,5.341955639256209,1,4.254444908861492
2597.9965736865997,5.364880820663355,1,4.2415081294360775
2598.0889863967896,5.352144608770498,1,4.248695229116862
2598.1824011802673,5.3699753054205,1,4.2386332895637615
2598.2763533592224,5.372522547799068,1,4.237195869627606
2598.369105577469,5.359786335906211,1,4.244382969308392
2598.4632833004,5.367428063041924,1,4.240070709499921
2598.557905435562,5.364880820663355,1,4.2415081294360775
2598.651660680771,5.367428063041924,1,4.240070709499921
2598.7474040985107,5.364880820663355,1,4.2415081294360775
2598.841659784317,5.3699753054205,1,4.2386332895637615
2598.9359142780304,5.367428063041924,1,4.240070709499921
2599.031174659729,5.372522547799068,1,4.237195869627606
2599.1229224205017,5.357239093527642,1,4.245820389244548
2599.2166719436646,5.380164274934788,1,4.232883609819131
2599.3104207515717,5.377617032556213,1,4.234321029755291
2599.4041724205017,5.349597366391922,1,4.250132649053022
2599.545790910721,5.362333578284787,1,4.242945549372232
2599.6395609378815,5.352144608770498,1,4.248695229116862
2599.7173385620117,5.3699753054205,1,4.2386332895637615
2599.826073884964,5.392900486827646,1,4.225696510138346
2599.9197912216187,5.354691851149067,1,4.247257809180708
2600.013540506363,5.364880820663355,1,4.2415081294360775
2600.1062927246094,5.359786335906211,1,4.244382969308392
2600.1990442276,5.3699753054205,1,4.2386332895637615
2600.2927942276,5.377617032556213,1,4.234321029755291
2600.3855459690094,5.372522547799068,1,4.237195869627606
2600.479295015335,5.3699753054205,1,4.2386332895637615
2600.57116150856,5.364880820663355,1,4.2415081294360775
2600.6660306453705,5.377617032556213,1,4.234321029755291
2600.761774301529,5.364880820663355,1,4.2415081294360775
2600.8545672893524,5.375069790177644,1,4.235758449691447
2600.9335589408875,5.3699753054205,1,4.2386332895637615
2601.0283048152924,5.364880820663355,1,4.2415081294360775
2601.122250318527,5.357239093527642,1,4.245820389244548
2601.2181720733643,5.367428063041924,1,4.240070709499921
2601.3095157146454,5.3699753054205,1,4.2386332895637615
2601.4361765384674,5.362333578284787,1,4.242945549372232
2601.527931690216,5.3699753054205,1,4.2386332895637615
2601.6216819286346,5.3699753054205,1,4.2386332895637615
2601.716427087784,5.382711517313357,1,4.231446189882976
2601.810177087784,5.364880820663355,1,4.2415081294360775
2601.905921459198,5.362333578284787,1,4.242945549372232
2601.999669790268,5.364880820663355,1,4.2415081294360775
2602.077821493149,5.372522547799068,1,4.237195869627606
2602.170257091522,5.364880820663355,1,4.2415081294360775
2602.2623925209045,5.367428063041924,1,4.240070709499921
2602.3553190231323,5.354691851149067,1,4.247257809180708
2602.449070215225,5.372522547799068,1,4.237195869627606
2602.5438165664673,5.357239093527642,1,4.245820389244548
2602.639560699463,5.362333578284787,1,4.242945549372232
2602.7303173542023,5.382711517313357,1,4.231446189882976
2602.8250687122345,5.357239093527642,1,4.245820389244548
2602.9158465862274,5.375069790177644,1,4.235758449691447
2603.0105748176575,5.367428063041924,1,4.240070709499921
2603.1041135787964,5.367428063041924,1,4.240070709499921
2603.197435617447,5.380164274934788,1,4.232883609819131
2603.3064637184143,5.362333578284787,1,4.242945549372232
2603.398715734482,5.377617032556213,1,4.234321029755291
2603.4924442768097,5.380164274934788,1,4.232883609819131
2603.5858347415924,5.359786335906211,1,4.244382969308392
2603.6775908470154,5.385258759691933,1,4.230008769946817
2603.7723429203033,5.377617032556213,1,4.234321029755291
2603.8820497989655,5.390353244449077,1,4.227133930074501
2603.975674390793,5.380164274934788,1,4.232883609819131
2604.069427013397,5.380164274934788,1,4.232883609819131
2604.1620275974274,5.382711517313357,1,4.231446189882976
2604.2527770996094,5.377617032556213,1,4.234321029755291
2604.3461878299713,5.382711517313357,1,4.231446189882976
2604.4233779907227,5.3699753054205,1,4.2386332895637615
2604.515601158142,5.390353244449077,1,4.227133930074501
2604.6063582897186,5.382711517313357,1,4.231446189882976
2604.700917005539,5.3699753054205,1,4.2386332895637615
2604.794098854065,5.377617032556213,1,4.234321029755291
2604.8888416290283,5.375069790177644,1,4.235758449691447
2604.982590198517,5.382711517313357,1,4.231446189882976
2605.0761296749115,5.3699753054205,1,4.2386332895637615
2605.2019143104553,5.372522547799068,1,4.237195869627606
2605.295702934265,5.375069790177644,1,4.235758449691447
2605.3914470672607,5.380164274934788,1,4.232883609819131
2605.484237909317,5.392900486827646,1,4.225696510138346
2605.577213525772,5.385258759691933,1,4.230008769946817
2605.6562130451202,5.380164274934788,1,4.232883609819131
2605.7330079078674,5.380164274934788,1,4.232883609819131
2605.8255274295807,5.3699753054205,1,4.2386332895637615
2605.920501470566,5.377617032556213,1,4.234321029755291
2606.0282130241394,5.387806002070501,1,4.228571350010661
2606.121962070465,5.377617032556213,1,4.234321029755291
2606.2157113552094,5.392900486827646,1,4.225696510138346
2606.309464931488,5.377617032556213,1,4.234321029755291
2606.4051926136017,5.382711517313357,1,4.231446189882976
2606.498432636261,5.390353244449077,1,4.227133930074501
2606.593648672104,5.380164274934788,1,4.232883609819131
2606.6861276626587,5.385258759691933,1,4.230008769946817
2606.780631542206,5.380164274934788,1,4.232883609819131
2606.860506296158,5.387806002070501,1,4.228571350010661
2606.9533171653748,5.377617032556213,1,4.234321029755291
2607.0802087783813,5.387806002070501,1,4.228571350010661
2607.172977209091,5.380164274934788,1,4.232883609819131
2607.265711784363,5.39799497158479,1,4.222821670266031
2607.3584637641907,5.3699753054205,1,4.2386332895637615
2607.4517455101013,5.3699753054205,1,4.2386332895637615
2607.5452740192413,5.39799497158479,1,4.222821670266031
2607.6220796108246,5.377617032556213,1,4.234321029755291
2607.7148275375366,5.390353244449077,1,4.227133930074501
2607.792017698288,5.382711517313357,1,4.231446189882976
2607.8680419921875,5.390353244449077,1,4.227133930074501
2607.9469900131226,5.39799497158479,1,4.222821670266031
2608.0257484912872,5.387806002070501,1,4.228571350010661
2608.1029982566833,5.375069790177644,1,4.235758449691447
2608.181375026703,5.395447729206214,1,4.224259090202191
2608.2583849430084,5.380164274934788,1,4.232883609819131
2608.3359081745148,5.395447729206214,1,4.224259090202191
2608.415761232376,5.400542213963359,1,4.2213842503298755
2608.5096385478973,5.405636698720503,1,4.2185094104575604
2608.586502313614,5.390353244449077,1,4.227133930074501
2608.6660861968994,5.390353244449077,1,4.227133930074501
2608.7745158672333,5.395447729206214,1,4.224259090202191
2608.868272781372,5.4030894563419345,1,4.219946830393716
2608.9610402584076,5.392900486827646,1,4.225696510138346
2609.0697495937347,5.380164274934788,1,4.232883609819131
2609.1805078983307,5.382711517313357,1,4.231446189882976
2609.2734594345093,5.3699753054205,1,4.2386332895637615
2609.35231757164,5.382711517313357,1,4.231446189882976
2609.4309420585632,5.392900486827646,1,4.225696510138346
2609.506907224655,5.375069790177644,1,4.235758449691447
2609.583703994751,5.392900486827646,1,4.225696510138346
2609.6619164943695,5.39799497158479,1,4.222821670266031
2609.738790035248,5.382711517313357,1,4.231446189882976
2609.8164250850677,5.395447729206214,1,4.224259090202191
2609.9126269817352,5.39799497158479,1,4.222821670266031
2610.021326303482,5.390353244449077,1,4.227133930074501
2610.1120839118958,5.385258759691933,1,4.230008769946817
2610.2038390636444,5.380164274934788,1,4.232883609819131
2610.29758810997,5.400542213963359,1,4.2213842503298755
2610.3913373947144,5.390353244449077,1,4.227133930074501
2610.498836040497,5.395447729206214,1,4.224259090202191
2610.639202594757,5.382711517313357,1,4.231446189882976
2610.717370033264,5.400542213963359,1,4.2213842503298755
2610.796206712723,5.4030894563419345,1,4.219946830393716
2610.8883175849915,5.377617032556213,1,4.234321029755291
2610.968262195587,5.395447729206214,1,4.224259090202191
2611.0482165813446,5.392900486827646,1,4.225696510138346
2611.1409862041473,5.395447729206214,1,4.224259090202191
2611.2506940364838,5.408183941099079,1,4.217071990521401
2611.3604006767273,5.405636698720503,1,4.2185094104575604
2611.4694628715515,5.387806002070501,1,4.228571350010661
2611.546856880188,5.395447729206214,1,4.224259090202191
2611.624490261078,5.380164274934788,1,4.232883609819131
2611.703451156616,5.377617032556213,1,4.234321029755291
2611.7820477485657,5.4030894563419345,1,4.219946830393716
2611.857716321945,5.382711517313357,1,4.231446189882976
2611.9504640102386,5.395447729206214,1,4.224259090202191
2612.028059720993,5.4030894563419345,1,4.219946830393716
2612.1050283908844,5.39799497158479,1,4.222821670266031
2612.18155002594,5.39799497158479,1,4.222821670266031
2612.2606303691864,5.408183941099079,1,4.217071990521401
2612.368423461914,5.395447729206214,1,4.224259090202191
2612.4469821453094,5.400542213963359,1,4.2213842503298755
2612.5248317718506,5.400542213963359,1,4.2213842503298755
2612.60387468338,5.39799497158479,1,4.222821670266031
2612.6818783283234,5.400542213963359,1,4.2213842503298755
2612.7597455978394,5.405636698720503,1,4.2185094104575604
2612.839203596115,5.39799497158479,1,4.222821670266031
2612.9163839817047,5.413278425856223,1,4.214197150649086
2612.9937674999237,5.400542213963359,1,4.2213842503298755
2613.072886943817,5.405636698720503,1,4.2185094104575604
2613.150495290756,5.4030894563419345,1,4.219946830393716
2613.228778362274,5.4030894563419345,1,4.219946830393716
2613.307626724243,5.392900486827646,1,4.225696510138346
2613.386533021927,5.395447729206214,1,4.224259090202191
2613.4793362617493,5.400542213963359,1,4.2213842503298755
2613.558646917343,5.39799497158479,1,4.222821670266031
2613.6375420093536,5.387806002070501,1,4.228571350010661
2613.7144062519073,5.4107311834776475,1,4.215634570585245
2613.79048871994,5.387806002070501,1,4.228571350010661
2613.8838465213776,5.405636698720503,1,4.2185094104575604
2613.993564605713,5.405636698720503,1,4.2185094104575604
2614.0733568668365,5.392900486827646,1,4.225696510138346
2614.183079957962,5.408183941099079,1,4.217071990521401
2614.293210029602,5.400542213963359,1,4.2213842503298755
2614.3879981040955,5.4030894563419345,1,4.219946830393716
2614.513479948044,5.4107311834776475,1,4.215634570585245
2614.6216633319855,5.39799497158479,1,4.222821670266031
2614.7146048545837,5.4107311834776475,1,4.215634570585245
2614.7911853790283,5.405636698720503,1,4.2185094104575604
2614.8999128341675,5.400542213963359,1,4.2213842503298755
2615.0115959644318,5.413278425856223,1,4.214197150649086
2615.121302843094,5.395447729206214,1,4.224259090202191
2615.232006072998,5.418372910613368,1,4.2113223107767705
2615.3414125442505,5.400542213963359,1,4.2213842503298755
2615.420500278473,5.408183941099079,1,4.217071990521401
2615.498395204544,5.408183941099079,1,4.217071990521401
2615.57648062706,5.418372910613368,1,4.2113223107767705
2615.653908252716,5.405636698720503,1,4.2185094104575604
2615.748826265335,5.4107311834776475,1,4.215634570585245
2615.840489387512,5.408183941099079,1,4.217071990521401
2615.9498624801636,5.408183941099079,1,4.217071990521401
2616.028827190399,5.415825668234792,1,4.21275973071293
2616.1057527065277,5.39799497158479,1,4.222821670266031
2616.183888196945,5.415825668234792,1,4.21275973071293
2616.2617616653442,5.4107311834776475,1,4.215634570585245
2616.339684486389,5.408183941099079,1,4.217071990521401
2616.4159841537476,5.418372910613368,1,4.2113223107767705
2616.493206501007,5.418372910613368,1,4.2113223107767705
2616.57120680809,5.408183941099079,1,4.217071990521401
2616.665066719055,5.420920152991936,1,4.209884890840615
2616.7418315410614,5.39799497158479,1,4.222821670266031
2616.83610868454,5.392900486827646,1,4.225696510138346
2616.9137845039368,5.418372910613368,1,4.2113223107767705
2616.9909405708313,5.39799497158479,1,4.222821670266031
2617.069147825241,5.420920152991936,1,4.209884890840615
2617.159868955612,5.418372910613368,1,4.2113223107767705
2617.2529933452606,5.4030894563419345,1,4.219946830393716
2617.344689846039,5.418372910613368,1,4.2113223107767705
2617.4228007793427,5.400542213963359,1,4.2213842503298755
2617.5017540454865,5.4030894563419345,1,4.219946830393716
2617.6109664440155,5.420920152991936,1,4.209884890840615
2617.6879148483276,5.405636698720503,1,4.2185094104575604
2617.7806878089905,5.415825668234792,1,4.21275973071293
2617.8591492176056,5.400542213963359,1,4.2213842503298755
2617.9363009929657,5.405636698720503,1,4.2185094104575604
2618.0281052589417,5.423467395370505,1,4.20844747090446
2618.1222083568573,5.413278425856223,1,4.214197150649086
2618.200003862381,5.415825668234792,1,4.21275973071293
2618.2794280052185,5.420920152991936,1,4.209884890840615
2618.357810497284,5.408183941099079,1,4.217071990521401
2618.4349567890167,5.4107311834776475,1,4.215634570585245
2618.512895822525,5.4260146377490805,1,4.2070100509683
2618.5913891792297,5.400542213963359,1,4.2213842503298755
2618.669745206833,5.413278425856223,1,4.214197150649086
2618.7467353343964,5.418372910613368,1,4.2113223107767705
2618.8241925239563,5.395447729206214,1,4.224259090202191
2618.9029445648193,5.405636698720503,1,4.2185094104575604
2618.9966185092926,5.418372910613368,1,4.2113223107767705
2619.089369535446,5.405636698720503,1,4.2185094104575604
2619.184117078781,5.418372910613368,1,4.2113223107767705
2619.305813550949,5.4107311834776475,1,4.215634570585245
2619.385600566864,5.418372910613368,1,4.2113223107767705
2619.4803948402405,5.428561880127649,1,4.205572631032144
2619.57280421257,5.4030894563419345,1,4.219946830393716
2619.667043685913,5.423467395370505,1,4.20844747090446
2619.7601261138916,5.420920152991936,1,4.209884890840615
2619.8538365364075,5.4107311834776475,1,4.215634570585245
2619.932139635086,5.428561880127649,1,4.205572631032144
2620.023819923401,5.408183941099079,1,4.217071990521401
2620.1192302703857,5.415825668234792,1,4.21275973071293
2620.211067199707,5.441298092020514,1,4.198385531351355
2620.305342197418,5.4107311834776475,1,4.215634570585245
2620.3990511894226,5.418372910613368,1,4.2113223107767705
2620.4925701618195,5.431109122506225,1,4.204135211095985
2620.5863196849823,5.415825668234792,1,4.21275973071293
2620.6810722351074,5.428561880127649,1,4.205572631032144
2620.773500442505,5.408183941099079,1,4.217071990521401
2620.884204864502,5.418372910613368,1,4.2113223107767705
2620.976984500885,5.428561880127649,1,4.205572631032144
2621.0547766685486,5.418372910613368,1,4.2113223107767705
2621.1811418533325,5.4260146377490805,1,4.2070100509683
2621.2750153541565,5.415825668234792,1,4.21275973071293
2621.369762659073,5.408183941099079,1,4.217071990521401
2621.476497411728,5.428561880127649,1,4.205572631032144
2621.569035053253,5.423467395370505,1,4.20844747090446
2621.660794734955,5.418372910613368,1,4.2113223107767705
2621.7565388679504,5.423467395370505,1,4.20844747090446
2621.8519837856293,5.420920152991936,1,4.209884890840615
2621.9453740119934,5.428561880127649,1,4.205572631032144
2622.0411443710327,5.413278425856223,1,4.214197150649086
2622.134331226349,5.420920152991936,1,4.209884890840615
2622.212127685547,5.418372910613368,1,4.2113223107767705
2622.2894928455353,5.415825668234792,1,4.21275973071293
2622.383246421814,5.415825668234792,1,4.21275973071293
2622.4782979488373,5.423467395370505,1,4.20844747090446
2622.5720472335815,5.408183941099079,1,4.217071990521401
2622.679762840271,5.415825668234792,1,4.21275973071293
2622.7755241394043,5.420920152991936,1,4.209884890840615
2622.868290901184,5.413278425856223,1,4.214197150649086
2622.962299823761,5.415825668234792,1,4.21275973071293
2623.099261522293,5.420920152991936,1,4.209884890840615
2623.1950035095215,5.405636698720503,1,4.2185094104575604
2623.288727045059,5.413278425856223,1,4.214197150649086
2623.3829975128174,5.418372910613368,1,4.2113223107767705
2623.461401462555,5.423467395370505,1,4.20844747090446
2623.5531668663025,5.415825668234792,1,4.21275973071293
2623.6476168632507,5.423467395370505,1,4.20844747090446
2623.743026971817,5.420920152991936,1,4.209884890840615
2623.8366742134094,5.418372910613368,1,4.2113223107767705
2623.9164605140686,5.423467395370505,1,4.20844747090446
2624.0096707344055,5.415825668234792,1,4.21275973071293
2624.102604150772,5.418372910613368,1,4.2113223107767705
2624.1946275234222,5.428561880127649,1,4.205572631032144
2624.2883830070496,5.405636698720503,1,4.2185094104575604
2624.383597135544,5.423467395370505,1,4.20844747090446
2624.4923181533813,5.423467395370505,1,4.20844747090446
2624.5869159698486,5.4260146377490805,1,4.2070100509683
2624.6649117469788,5.428561880127649,1,4.205572631032144
2624.7426204681396,5.4260146377490805,1,4.2070100509683
2624.854332923889,5.4107311834776475,1,4.215634570585245
2625.01189994812,5.423467395370505,1,4.20844747090446
2625.107644557953,5.436203607263369,1,4.20126037122367
2625.2168622016907,5.423467395370505,1,4.20844747090446
2625.31085062027,5.4260146377490805,1,4.2070100509683
2625.4046251773834,5.415825668234792,1,4.21275973071293
2625.4990932941437,5.423467395370505,1,4.20844747090446
2625.5928230285645,5.423467395370505,1,4.20844747090446
2625.686571121216,5.4260146377490805,1,4.2070100509683
2625.7805461883545,5.443845334399082,1,4.1969481114152
2625.859649181366,5.420920152991936,1,4.209884890840615
2625.938509464264,5.441298092020514,1,4.198385531351355
2626.0468497276306,5.436203607263369,1,4.20126037122367
2626.138803958893,5.4260146377490805,1,4.2070100509683
2626.23415184021,5.4260146377490805,1,4.2070100509683
2626.327055454254,5.431109122506225,1,4.204135211095985
2626.42178940773,5.415825668234792,1,4.21275973071293
2626.5155398845673,5.436203607263369,1,4.20126037122367
2626.608290910721,5.431109122506225,1,4.204135211095985
2626.7000727653503,5.443845334399082,1,4.1969481114152
2626.7928261756897,5.448939819156227,1,4.194073271542884
2626.918490409851,5.436203607263369,1,4.20126037122367
2626.998386144638,5.448939819156227,1,4.194073271542884
2627.075793981552,5.438750849641938,1,4.199822951287514
2627.1715064048767,5.423467395370505,1,4.20844747090446
2627.26434469223,5.446392576777658,1,4.19551069147904
2627.358094930649,5.436203607263369,1,4.20126037122367
2627.435881137848,5.418372910613368,1,4.2113223107767705
2627.5137355327606,5.443845334399082,1,4.1969481114152
2627.592218399048,5.438750849641938,1,4.199822951287514
2627.6691761016846,5.431109122506225,1,4.204135211095985
2627.746922016144,5.4336563648847935,1,4.20269779115983
2627.8260033130646,5.436203607263369,1,4.20126037122367
2627.904408454895,5.4260146377490805,1,4.2070100509683
2627.981742143631,5.441298092020514,1,4.198385531351355
2628.0594861507416,5.4336563648847935,1,4.20269779115983
2628.138208627701,5.413278425856223,1,4.214197150649086
2628.2160744667053,5.436203607263369,1,4.20126037122367
2628.295881986618,5.4336563648847935,1,4.20269779115983
2628.3748066425323,5.448939819156227,1,4.194073271542884
2628.4506618976593,5.423467395370505,1,4.20844747090446
2628.559895992279,5.438750849641938,1,4.199822951287514
2628.654927968979,5.428561880127649,1,4.205572631032144
2628.73095369339,5.4336563648847935,1,4.20269779115983
2628.8085672855377,5.438750849641938,1,4.199822951287514
2628.8856163024902,5.4260146377490805,1,4.2070100509683
2628.976499557495,5.443845334399082,1,4.1969481114152
2629.055449962616,5.423467395370505,1,4.20844747090446
2629.1459062099457,5.443845334399082,1,4.1969481114152
2629.2249076366425,5.438750849641938,1,4.199822951287514
2629.301880836487,5.4260146377490805,1,4.2070100509683
2629.377560853958,5.428561880127649,1,4.205572631032144
2629.4713821411133,5.436203607263369,1,4.20126037122367
2629.54949092865,5.436203607263369,1,4.20126037122367
2629.626862049103,5.441298092020514,1,4.198385531351355
2629.7040910720825,5.431109122506225,1,4.204135211095985
2629.7812094688416,5.431109122506225,1,4.204135211095985
2629.857570886612,5.436203607263369,1,4.20126037122367
2629.935672521591,5.428561880127649,1,4.205572631032144
2630.0149149894714,5.436203607263369,1,4.20126037122367
2630.091295003891,5.451487061534802,1,4.192635851606725
2630.200617790222,5.431109122506225,1,4.204135211095985
2630.278749704361,5.451487061534802,1,4.192635851606725
2630.354809999466,5.4336563648847935,1,4.20269779115983
2630.431944847107,5.441298092020514,1,4.198385531351355
2630.5255970954895,5.448939819156227,1,4.194073271542884
2630.618972301483,5.436203607263369,1,4.20126037122367
2630.698925971985,5.446392576777658,1,4.19551069147904
2630.7777144908905,5.451487061534802,1,4.192635851606725
2630.853888273239,5.4336563648847935,1,4.20269779115983
2630.931723833084,5.454034303913371,1,4.1911984316705695
2631.0106308460236,5.448939819156227,1,4.194073271542884
2631.087933063507,5.443845334399082,1,4.1969481114152
2631.164224386215,5.454034303913371,1,4.1911984316705695
2631.2410368919373,5.446392576777658,1,4.19551069147904
2631.3196403980255,5.438750849641938,1,4.199822951287514
2631.3978729248047,5.438750849641938,1,4.199822951287514
2631.4765944480896,5.446392576777658,1,4.19551069147904
2631.5706622600555,5.4336563648847935,1,4.20269779115983
2631.6664052009583,5.438750849641938,1,4.199822951287514
2631.775082349777,5.448939819156227,1,4.194073271542884
2631.9017634391785,5.438750849641938,1,4.199822951287514
2631.9955761432648,5.448939819156227,1,4.194073271542884
2632.089677810669,5.441298092020514,1,4.198385531351355
2632.1846780776978,5.4260146377490805,1,4.2070100509683
2632.2769496440887,5.448939819156227,1,4.194073271542884
2632.3717291355133,5.428561880127649,1,4.205572631032144
2632.448756456375,5.438750849641938,1,4.199822951287514
2632.5425066947937,5.446392576777658,1,4.19551069147904
2632.6382508277893,5.438750849641938,1,4.199822951287514
2632.7320148944855,5.436203607263369,1,4.20126037122367
2632.825764656067,5.451487061534802,1,4.192635851606725
2632.9195165634155,5.443845334399082,1,4.1969481114152
2633.0132670402527,5.461676031049084,1,4.186886171862099
2633.1084311008453,5.451487061534802,1,4.192635851606725
2633.200090646744,5.441298092020514,1,4.198385531351355
2633.2927873134613,5.45658154629194,1,4.189761011734413
2633.3845722675323,5.438750849641938,1,4.199822951287514
2633.479088783264,5.459128788670515,1,4.1883235917982535
2633.5590357780457,5.446392576777658,1,4.19551069147904
2633.6527988910675,5.451487061534802,1,4.192635851606725
2633.780031681061,5.459128788670515,1,4.1883235917982535
2633.8727419376373,5.446392576777658,1,4.19551069147904
2633.967435836792,5.441298092020514,1,4.198385531351355
2634.059194087982,5.454034303913371,1,4.1911984316705695
2634.150945186615,5.446392576777658,1,4.19551069147904
2634.2456917762756,5.448939819156227,1,4.194073271542884
2634.3381264209747,5.448939819156227,1,4.194073271542884
2634.432656288147,5.446392576777658,1,4.19551069147904
2634.527580022812,5.448939819156227,1,4.194073271542884
2634.621351957321,5.438750849641938,1,4.199822951287514
2634.713830947876,5.459128788670515,1,4.1883235917982535
2634.79087638855,5.45658154629194,1,4.189761011734413
2634.8706755638123,5.443845334399082,1,4.1969481114152
2634.964424610138,5.459128788670515,1,4.1883235917982535
2635.0571768283844,5.45658154629194,1,4.189761011734413
2635.150924682617,5.448939819156227,1,4.194073271542884
2635.2441132068634,5.46422327342766,1,4.185448751925939
2635.338481426239,5.443845334399082,1,4.1969481114152
2635.4314522743225,5.454034303913371,1,4.1911984316705695
2635.5250885486603,5.454034303913371,1,4.1911984316705695
2635.6507382392883,5.448939819156227,1,4.194073271542884
2635.7441878318787,5.451487061534802,1,4.192635851606725
2635.8390543460846,5.451487061534802,1,4.192635851606725
2635.932804584503,5.448939819156227,1,4.194073271542884
2636.0112314224243,5.459128788670515,1,4.1883235917982535
2636.087952375412,5.446392576777658,1,4.19551069147904
2636.180212020874,5.459128788670515,1,4.1883235917982535
2636.273525238037,5.466770515806228,1,4.184011331989783
2636.3667948246,5.459128788670515,1,4.1883235917982535
2636.459056377411,5.459128788670515,1,4.1883235917982535
2636.5528078079224,5.45658154629194,1,4.189761011734413
2636.6447942256927,5.46422327342766,1,4.185448751925939
2636.7380402088165,5.461676031049084,1,4.186886171862099
2636.82879447937,5.459128788670515,1,4.1883235917982535
2636.9215602874756,5.45658154629194,1,4.189761011734413
2637.01735830307,5.45658154629194,1,4.189761011734413
2637.1111347675323,5.46422327342766,1,4.185448751925939
2637.203619003296,5.446392576777658,1,4.19551069147904
2637.2973680496216,5.46422327342766,1,4.185448751925939
2637.407103538513,5.454034303913371,1,4.1911984316705695
2637.533725976944,5.45658154629194,1,4.189761011734413
2637.6254935264587,5.461676031049084,1,4.186886171862099
2637.7189304828644,5.45658154629194,1,4.189761011734413
2637.812352180481,5.454034303913371,1,4.1911984316705695
2637.905104160309,5.466770515806228,1,4.184011331989783
2638.000855922699,5.446392576777658,1,4.19551069147904
2638.0926027297974,5.466770515806228,1,4.184011331989783
2638.188396692276,5.45658154629194,1,4.189761011734413
2638.28111410141,5.459128788670515,1,4.1883235917982535
2638.360015630722,5.46422327342766,1,4.185448751925939
2638.4372885227203,5.459128788670515,1,4.1883235917982535
2638.52977848053,5.461676031049084,1,4.186886171862099
2638.6245369911194,5.461676031049084,1,4.186886171862099
2638.7182745933533,5.46422327342766,1,4.185448751925939
2638.8110270500183,5.476959485320517,1,4.178261652245153
2638.905790090561,5.454034303913371,1,4.1911984316705695
2638.9969339370728,5.459128788670515,1,4.1883235917982535
2639.0927102565765,5.469317758184804,1,4.182573912053623
2639.188422203064,5.415825668234792,1,4.21275973071293
2639.2811868190765,5.459128788670515,1,4.1883235917982535
2639.3899681568146,5.469317758184804,1,4.182573912053623
2639.482836484909,5.466770515806228,1,4.184011331989783
2639.5766022205353,5.466770515806228,1,4.184011331989783
2639.6697475910187,5.454034303913371,1,4.1911984316705695
2639.7644941806793,5.451487061534802,1,4.192635851606725
2639.8602390289307,5.454034303913371,1,4.1911984316705695
2639.951992034912,5.448939819156227,1,4.194073271542884
2640.0477645397186,5.451487061534802,1,4.192635851606725
2640.141316175461,5.46422327342766,1,4.185448751925939
2640.233071088791,5.461676031049084,1,4.186886171862099
2640.3109679222107,5.471865000563373,1,4.181136492117469
2640.3881537914276,5.46422327342766,1,4.185448751925939
2640.4809052944183,5.469317758184804,1,4.182573912053623
2640.5766100883484,5.466770515806228,1,4.184011331989783
2640.6684246063232,5.45658154629194,1,4.189761011734413
2640.7631719112396,5.469317758184804,1,4.182573912053623
2640.8579502105713,5.459128788670515,1,4.1883235917982535
2640.948676109314,5.45658154629194,1,4.189761011734413
2641.043447494507,5.474412242941948,1,4.179699072181309
2641.137195587158,5.459128788670515,1,4.1883235917982535
2641.2620837688446,5.479506727699093,1,4.176824232308993
2641.3553557395935,5.469317758184804,1,4.182573912053623
2641.450062274933,5.466770515806228,1,4.184011331989783
2641.5278997421265,5.469317758184804,1,4.182573912053623
2641.6051499843597,5.474412242941948,1,4.179699072181309
2641.6988060474396,5.461676031049084,1,4.186886171862099
2641.7925701141357,5.469317758184804,1,4.182573912053623
2641.88410282135,5.45658154629194,1,4.189761011734413
2641.9777579307556,5.46422327342766,1,4.185448751925939
2642.071095943451,5.471865000563373,1,4.181136492117469
2642.1658108234406,5.466770515806228,1,4.184011331989783
2642.2592079639435,5.471865000563373,1,4.181136492117469
2642.3507583141327,5.466770515806228,1,4.184011331989783
2642.4453551769257,5.46422327342766,1,4.185448751925939
2642.5382845401764,5.479506727699093,1,4.176824232308993
2642.632572412491,5.459128788670515,1,4.1883235917982535
2642.7103939056396,5.476959485320517,1,4.178261652245153
2642.7881190776825,5.471865000563373,1,4.181136492117469
2642.8818645477295,5.469317758184804,1,4.182573912053623
2642.976728916168,5.46422327342766,1,4.185448751925939
2643.1014301776886,5.459128788670515,1,4.1883235917982535
2643.1941878795624,5.474412242941948,1,4.179699072181309
2643.3008964061737,5.459128788670515,1,4.1883235917982535
2643.3944280147552,5.474412242941948,1,4.179699072181309
2643.4883935451508,5.482053970077661,1,4.175386812372839
2643.5804941654205,5.476959485320517,1,4.178261652245153
2643.672294139862,5.487148454834806,1,4.172511972500523
2643.766053199768,5.469317758184804,1,4.182573912053623
2643.860745191574,5.476959485320517,1,4.178261652245153
2643.9372532367706,5.469317758184804,1,4.182573912053623
2644.031002521515,5.466770515806228,1,4.184011331989783
2644.124818086624,5.476959485320517,1,4.178261652245153
2644.2191824913025,5.466770515806228,1,4.184011331989783
2644.311027765274,5.479506727699093,1,4.176824232308993
2644.4027886390686,5.474412242941948,1,4.179699072181309
2644.498524904251,5.466770515806228,1,4.184011331989783
2644.5894334316254,5.489695697213374,1,4.1710745525643675
2644.6818392276764,5.466770515806228,1,4.184011331989783
2644.7596275806427,5.471865000563373,1,4.181136492117469
2644.8365478515625,5.466770515806228,1,4.184011331989783
2644.946160554886,5.476959485320517,1,4.178261652245153
2645.0229411125183,5.494790181970519,1,4.1681997126920525
2645.099298477173,5.466770515806228,1,4.184011331989783
2645.176722049713,5.474412242941948,1,4.179699072181309
2645.253910779953,5.487148454834806,1,4.172511972500523
2645.3436398506165,5.471865000563373,1,4.181136492117469
2645.4214327335358,5.487148454834806,1,4.172511972500523
2645.5134654045105,5.48460121245623,1,4.173949392436683
2645.6227974891663,5.482053970077661,1,4.175386812372839
2645.7007138729095,5.466770515806228,1,4.184011331989783
2645.77951335907,5.469317758184804,1,4.182573912053623
2645.8583183288574,5.49224293959195,1,4.169637132628209
2645.938222169876,5.476959485320517,1,4.178261652245153
2646.016149520874,5.461676031049084,1,4.186886171862099
2646.109189748764,5.482053970077661,1,4.175386812372839
2646.232858657837,5.479506727699093,1,4.176824232308993
2646.341311454773,5.476959485320517,1,4.178261652245153
2646.460369348526,5.469317758184804,1,4.182573912053623
2646.560093641281,5.476959485320517,1,4.178261652245153
2646.6379537582397,5.479506727699093,1,4.176824232308993
2646.7482068538666,5.474412242941948,1,4.179699072181309
2646.8435089588165,5.482053970077661,1,4.175386812372839
2646.937234401703,5.479506727699093,1,4.176824232308993
2647.046455860138,5.487148454834806,1,4.172511972500523
2647.1258845329285,5.48460121245623,1,4.173949392436683
2647.203825235367,5.489695697213374,1,4.1710745525643675
2647.295469045639,5.476959485320517,1,4.178261652245153
2647.390554189682,5.489695697213374,1,4.1710745525643675
2647.498489379883,5.469317758184804,1,4.182573912053623
2647.6086819171906,5.482053970077661,1,4.175386812372839
2647.7161343097687,5.469317758184804,1,4.182573912053623
2647.825884103775,5.487148454834806,1,4.172511972500523
2647.919632911682,5.476959485320517,1,4.178261652245153
2648.0293452739716,5.48460121245623,1,4.173949392436683
2648.122091770172,5.499884666727663,1,4.165324872819737
2648.2168447971344,5.45658154629194,1,4.189761011734413
2648.2962572574615,5.476959485320517,1,4.178261652245153
2648.3888688087463,5.487148454834806,1,4.172511972500523
2648.500569343567,5.489695697213374,1,4.1710745525643675
2648.6082832813263,5.479506727699093,1,4.176824232308993
2648.764868736267,5.476959485320517,1,4.178261652245153
2648.8738877773285,5.487148454834806,1,4.172511972500523
2648.9538457393646,5.489695697213374,1,4.1710745525643675
2649.047889471054,5.476959485320517,1,4.178261652245153
2649.1257784366608,5.48460121245623,1,4.173949392436683
2649.2029168605804,5.479506727699093,1,4.176824232308993
2649.279598712921,5.469317758184804,1,4.182573912053623
2649.3713040351868,5.494790181970519,1,4.1681997126920525
2649.466049671173,5.466770515806228,1,4.184011331989783
2649.5757575035095,5.502431909106239,1,4.1638874528835785
2649.6715335845947,5.4973374243490944,1,4.166762292755893
2649.748638868332,5.487148454834806,1,4.172511972500523
2649.8250362873077,5.489695697213374,1,4.1710745525643675
2649.9019923210144,5.4973374243490944,1,4.166762292755893
2649.979910850525,5.48460121245623,1,4.173949392436683
2650.0733268260956,5.476959485320517,1,4.178261652245153
2650.169075012207,5.487148454834806,1,4.172511972500523
2650.2451932430267,5.489695697213374,1,4.1710745525643675
2650.323907136917,5.487148454834806,1,4.172511972500523
2650.4015595912933,5.494790181970519,1,4.1681997126920525
2650.509452819824,5.482053970077661,1,4.175386812372839
2650.587673187256,5.49224293959195,1,4.169637132628209
2650.6660158634186,5.507526393863383,1,4.161012613011263
2650.7574186325073,5.487148454834806,1,4.172511972500523
2650.8492333889008,5.49224293959195,1,4.169637132628209
2650.928067922592,5.48460121245623,1,4.173949392436683
2651.0039813518524,5.507526393863383,1,4.161012613011263
2651.0819075107574,5.479506727699093,1,4.176824232308993
2651.1591362953186,5.487148454834806,1,4.172511972500523
2651.238625764847,5.502431909106239,1,4.1638874528835785
2651.3329603672028,5.479506727699093,1,4.176824232308993
2651.42458486557,5.49224293959195,1,4.169637132628209
2651.532573699951,5.489695697213374,1,4.1710745525643675
2651.639509677887,5.499884666727663,1,4.165324872819737
2651.7327558994293,5.479506727699093,1,4.176824232308993
2651.8264882564545,5.48460121245623,1,4.173949392436683
2651.904334783554,5.494790181970519,1,4.1681997126920525
2651.9969696998596,5.494790181970519,1,4.1681997126920525
2652.090578556061,5.4973374243490944,1,4.166762292755893
2652.18488240242,5.499884666727663,1,4.165324872819737
2652.309401035309,5.494790181970519,1,4.1681997126920525
2652.4025313854218,5.487148454834806,1,4.172511972500523
2652.496280193329,5.489695697213374,1,4.1710745525643675
2652.5880358219147,5.494790181970519,1,4.1681997126920525
2652.681798219681,5.479506727699093,1,4.176824232308993
2652.7728934288025,5.507526393863383,1,4.161012613011263
2652.863659143448,5.489695697213374,1,4.1710745525643675
2652.9416415691376,5.499884666727663,1,4.165324872819737
2653.0194947719574,5.504979151484807,1,4.162450032947422
2653.096905708313,5.48460121245623,1,4.173949392436683
2653.172639131546,5.502431909106239,1,4.1638874528835785
2653.2506675720215,5.49224293959195,1,4.169637132628209
2653.3267011642456,5.499884666727663,1,4.165324872819737
2653.4034712314606,5.510073636241952,1,4.159575193075108
2653.4828152656555,5.502431909106239,1,4.1638874528835785
2653.5761301517487,5.489695697213374,1,4.1710745525643675
2653.6878323554993,5.504979151484807,1,4.162450032947422
2653.8095519542694,5.4973374243490944,1,4.166762292755893
2653.9197857379913,5.499884666727663,1,4.165324872819737
2654.0279092788696,5.49224293959195,1,4.169637132628209
2654.183041572571,5.504979151484807,1,4.162450032947422
2654.2603278160095,5.499884666727663,1,4.165324872819737
2654.3388748168945,5.502431909106239,1,4.1638874528835785
2654.4171442985535,5.4973374243490944,1,4.166762292755893
2654.5263316631317,5.476959485320517,1,4.178261652245153
2654.6220757961273,5.489695697213374,1,4.1710745525643675
2654.7317934036255,5.499884666727663,1,4.165324872819737
2654.824712753296,5.49224293959195,1,4.169637132628209
2654.90344953537,5.4973374243490944,1,4.166762292755893
2654.996465921402,5.49224293959195,1,4.169637132628209
2655.074132204056,5.494790181970519,1,4.1681997126920525
2655.1525847911835,5.49224293959195,1,4.169637132628209
2655.229026556015,5.489695697213374,1,4.1710745525643675
2655.3081822395325,5.494790181970519,1,4.1681997126920525
2655.3874888420105,5.502431909106239,1,4.1638874528835785
2655.479244709015,5.499884666727663,1,4.165324872819737
2655.587953567505,5.5279043328919535,1,4.149513253522007
2655.6966631412506,5.49224293959195,1,4.169637132628209
2655.8084003925323,5.49224293959195,1,4.169637132628209
2655.900726079941,5.51262087862052,1,4.158137773138952
2656.0110070705414,5.4973374243490944,1,4.166762292755893
2656.088425397873,5.502431909106239,1,4.1638874528835785
2656.165709733963,5.4973374243490944,1,4.166762292755893
2656.2449958324432,5.499884666727663,1,4.165324872819737
2656.321882009506,5.51262087862052,1,4.158137773138952
2656.39931845665,5.49224293959195,1,4.169637132628209
2656.475599050522,5.504979151484807,1,4.162450032947422
2656.5521829128265,5.504979151484807,1,4.162450032947422
2656.6269278526306,5.504979151484807,1,4.162450032947422
2656.704932451248,5.499884666727663,1,4.165324872819737
2656.7817273139954,5.515168120999096,1,4.156700353202792
2656.8584790229797,5.502431909106239,1,4.1638874528835785
2656.9367203712463,5.51262087862052,1,4.158137773138952
2657.0306158065796,5.487148454834806,1,4.172511972500523
2657.1232376098633,5.502431909106239,1,4.1638874528835785
2657.2029304504395,5.499884666727663,1,4.165324872819737
2657.28142619133,5.515168120999096,1,4.156700353202792
2657.375506401062,5.4973374243490944,1,4.166762292755893
2657.4540536403656,5.504979151484807,1,4.162450032947422
2657.531447649002,5.4973374243490944,1,4.166762292755893
2657.640928030014,5.504979151484807,1,4.162450032947422
2657.719227552414,5.517715363377665,1,4.155262933266637
2657.7950446605682,5.499884666727663,1,4.165324872819737
2657.874001264572,5.499884666727663,1,4.165324872819737
2657.950914144516,5.510073636241952,1,4.159575193075108
2658.0278718471527,5.502431909106239,1,4.1638874528835785
2658.105764389038,5.502431909106239,1,4.1638874528835785
2658.1993565559387,5.510073636241952,1,4.159575193075108
2658.2762989997864,5.502431909106239,1,4.1638874528835785
2658.3548200130463,5.5279043328919535,1,4.149513253522007
2658.4324860572815,5.507526393863383,1,4.161012613011263
2658.5245547294617,5.504979151484807,1,4.162450032947422
2658.6193075180054,5.507526393863383,1,4.161012613011263
2658.727901697159,5.489695697213374,1,4.1710745525643675
2658.838364839554,5.522809848134809,1,4.152388093394322
2658.9168572425842,5.499884666727663,1,4.165324872819737
2658.9937121868134,5.502431909106239,1,4.1638874528835785
2659.0728318691254,5.502431909106239,1,4.1638874528835785
2659.150643825531,5.515168120999096,1,4.156700353202792
2659.2289288043976,5.49224293959195,1,4.169637132628209
2659.337835073471,5.507526393863383,1,4.161012613011263
2659.4312512874603,5.507526393863383,1,4.161012613011263
2659.524029970169,5.499884666727663,1,4.165324872819737
2659.603700399399,5.510073636241952,1,4.159575193075108
2659.679728746414,5.49224293959195,1,4.169637132628209
2659.757239818573,5.517715363377665,1,4.155262933266637
2659.836337327957,5.5202626057562405,1,4.153825513330478
2659.9138758182526,5.507526393863383,1,4.161012613011263
2659.992871284485,5.51262087862052,1,4.158137773138952
2660.0839920043945,5.4973374243490944,1,4.166762292755893
2660.176722764969,5.510073636241952,1,4.159575193075108
2660.2715423107147,5.51262087862052,1,4.158137773138952
2660.348436832428,5.502431909106239,1,4.1638874528835785
2660.4271812438965,5.502431909106239,1,4.1638874528835785
2660.5070655345917,5.515168120999096,1,4.156700353202792
2660.584604740143,5.525357090513385,1,4.150950673458162
2660.680198907852,5.510073636241952,1,4.159575193075108
2660.7586793899536,5.504979151484807,1,4.162450032947422
2660.8506515026093,5.5202626057562405,1,4.153825513330478
2660.9291036129,5.489695697213374,1,4.1710745525643675
2661.0365567207336,5.507526393863383,1,4.161012613011263
2661.1134464740753,5.517715363377665,1,4.155262933266637
2661.2071793079376,5.504979151484807,1,4.162450032947422
2661.314067840576,5.517715363377665,1,4.155262933266637
2661.421919822693,5.5202626057562405,1,4.153825513330478
2661.5153267383575,5.5202626057562405,1,4.153825513330478
2661.6110348701477,5.502431909106239,1,4.1638874528835785
2661.7187390327454,5.530451575270529,1,4.148075833585848
2661.827904701233,5.504979151484807,1,4.162450032947422
2661.953535795212,5.51262087862052,1,4.158137773138952
2662.031893014908,5.5202626057562405,1,4.153825513330478
2662.1088712215424,5.51262087862052,1,4.158137773138952
2662.1857204437256,5.517715363377665,1,4.155262933266637
2662.265026807785,5.522809848134809,1,4.152388093394322
2662.3429033756256,5.515168120999096,1,4.156700353202792
2662.4214220046997,5.5279043328919535,1,4.149513253522007
2662.5144073963165,5.510073636241952,1,4.159575193075108
2662.624114513397,5.515168120999096,1,4.156700353202792
2662.7318274974823,5.51262087862052,1,4.158137773138952
2662.8428490161896,5.510073636241952,1,4.159575193075108
2662.9525785446167,5.530451575270529,1,4.148075833585848
2663.0468344688416,5.517715363377665,1,4.155262933266637
2663.153678894043,5.5202626057562405,1,4.153825513330478
2663.2609553337097,5.510073636241952,1,4.159575193075108
2663.340885400772,5.510073636241952,1,4.159575193075108
2663.4189307689667,5.517715363377665,1,4.155262933266637
2663.4977514743805,5.51262087862052,1,4.158137773138952
2663.575724840164,5.515168120999096,1,4.156700353202792
2663.6526939868927,5.5279043328919535,1,4.149513253522007
2663.729618549347,5.525357090513385,1,4.150950673458162
2663.8095424175262,5.517715363377665,1,4.155262933266637
2663.8903164863586,5.525357090513385,1,4.150950673458162
2663.9791100025177,5.515168120999096,1,4.156700353202792
2664.0576608181,5.51262087862052,1,4.158137773138952
2664.1366991996765,5.525357090513385,1,4.150950673458162
2664.2164397239685,5.525357090513385,1,4.150950673458162
2664.2951123714447,5.507526393863383,1,4.161012613011263
2664.373219013214,5.522809848134809,1,4.152388093394322
2664.4500381946564,5.522809848134809,1,4.152388093394322
2664.52681684494,5.522809848134809,1,4.152388093394322
2664.651487350464,5.530451575270529,1,4.148075833585848
2664.7470796108246,5.5202626057562405,1,4.153825513330478
2664.8547925949097,5.532998817649098,1,4.146638413649692
2664.966147184372,5.530451575270529,1,4.148075833585848
2665.0918238162994,5.522809848134809,1,4.152388093394322
2665.201103210449,5.535546060027674,1,4.145200993713532
2665.323796272278,5.515168120999096,1,4.156700353202792
2665.4020521640778,5.5202626057562405,1,4.153825513330478
2665.477852344513,5.510073636241952,1,4.159575193075108
2665.5561525821686,5.517715363377665,1,4.155262933266637
2665.651897907257,5.535546060027674,1,4.145200993713532
2665.758611679077,5.517715363377665,1,4.155262933266637
2665.868489742279,5.530451575270529,1,4.148075833585848
2665.9761986732483,5.515168120999096,1,4.156700353202792
2666.087933063507,5.522809848134809,1,4.152388093394322
2666.1936173439026,5.515168120999096,1,4.156700353202792
2666.288652896881,5.530451575270529,1,4.148075833585848
2666.365198612213,5.532998817649098,1,4.146638413649692
2666.4409816265106,5.510073636241952,1,4.159575193075108
2666.5159068107605,5.5279043328919535,1,4.149513253522007
2666.625580072403,5.517715363377665,1,4.155262933266637
2666.7028381824493,5.530451575270529,1,4.148075833585848
2666.781816482544,5.535546060027674,1,4.145200993713532
2666.8600239753723,5.51262087862052,1,4.158137773138952
2666.9370493888855,5.525357090513385,1,4.150950673458162
2667.0154147148132,5.532998817649098,1,4.146638413649692
2667.1074063777924,5.517715363377665,1,4.155262933266637
2667.2160844802856,5.532998817649098,1,4.146638413649692
2667.3271882534027,5.538093302406242,1,4.143763573777377
2667.4358978271484,5.538093302406242,1,4.143763573777377
2667.5147972106934,5.540640544784811,1,4.142326153841221
2667.5914947986603,5.5202626057562405,1,4.153825513330478
2667.6862421035767,5.530451575270529,1,4.148075833585848
2667.794519662857,5.530451575270529,1,4.148075833585848
2667.904812812805,5.525357090513385,1,4.150950673458162
2667.982836961746,5.522809848134809,1,4.152388093394322
2668.060235261917,5.507526393863383,1,4.161012613011263
2668.1372532844543,5.5279043328919535,1,4.149513253522007
2668.2149746418,5.530451575270529,1,4.148075833585848
2668.2914888858795,5.525357090513385,1,4.150950673458162
2668.400659561157,5.532998817649098,1,4.146638413649692
2668.478900194168,5.525357090513385,1,4.150950673458162
2668.555727481842,5.510073636241952,1,4.159575193075108
2668.6507630348206,5.543187787163387,1,4.1408887339050615
2668.7584750652313,5.5202626057562405,1,4.153825513330478
2668.8682000637054,5.530451575270529,1,4.148075833585848
2668.9769928455353,5.5202626057562405,1,4.153825513330478
2669.0876960754395,5.525357090513385,1,4.150950673458162
2669.1984016895294,5.522809848134809,1,4.152388093394322
2669.307145833969,5.530451575270529,1,4.148075833585848
2669.4016115665436,5.530451575270529,1,4.148075833585848
2669.5092856884003,5.515168120999096,1,4.156700353202792
2669.6210222244263,5.5279043328919535,1,4.149513253522007
2669.730692386627,5.530451575270529,1,4.148075833585848
2669.8080010414124,5.5279043328919535,1,4.149513253522007
2669.8840742111206,5.543187787163387,1,4.1408887339050615
2669.976321220398,5.530451575270529,1,4.148075833585848
2670.0536770820618,5.525357090513385,1,4.150950673458162
2670.1325495243073,5.540640544784811,1,4.142326153841221
2670.225318670273,5.532998817649098,1,4.146638413649692
2670.4088077545166,5.525357090513385,1,4.150950673458162
2670.516657590866,5.532998817649098,1,4.146638413649692
2670.610699415207,5.517715363377665,1,4.155262933266637
2670.6890273094177,5.515168120999096,1,4.156700353202792
2670.766853570938,5.545735029541955,1,4.139451313968906
2670.859139442444,5.5279043328919535,1,4.149513253522007
2670.936201572418,5.530451575270529,1,4.148075833585848
2671.0288410186768,5.525357090513385,1,4.150950673458162
2671.1058950424194,5.530451575270529,1,4.148075833585848
2671.185793399811,5.530451575270529,1,4.148075833585848
2671.265879869461,5.543187787163387,1,4.1408887339050615
2671.343686580658,5.5202626057562405,1,4.153825513330478
2671.4217867851257,5.530451575270529,1,4.148075833585848
2671.499741077423,5.543187787163387,1,4.1408887339050615
2671.576595067978,5.522809848134809,1,4.152388093394322
2671.6534423828125,5.5279043328919535,1,4.149513253522007
2671.7333166599274,5.543187787163387,1,4.1408887339050615
2671.810641527176,5.535546060027674,1,4.145200993713532
2671.8904161453247,5.535546060027674,1,4.145200993713532
2671.9842026233673,5.540640544784811,1,4.142326153841221
2672.0929868221283,5.522809848134809,1,4.152388093394322
2672.1705219745636,5.530451575270529,1,4.148075833585848
2672.2473657131195,5.535546060027674,1,4.145200993713532
2672.325039625168,5.5279043328919535,1,4.149513253522007
2672.4040808677673,5.5279043328919535,1,4.149513253522007
2672.495857477188,5.538093302406242,1,4.143763573777377
2672.5754318237305,5.530451575270529,1,4.148075833585848
2672.65522813797,5.530451575270529,1,4.148075833585848
2672.730791568756,5.540640544784811,1,4.142326153841221
2672.8105070590973,5.538093302406242,1,4.143763573777377
2672.8868374824524,5.535546060027674,1,4.145200993713532
2672.9643561840057,5.540640544784811,1,4.142326153841221
2673.042814731598,5.532998817649098,1,4.146638413649692
2673.137593984604,5.532998817649098,1,4.146638413649692
2673.230088710785,5.535546060027674,1,4.145200993713532
2673.3068833351135,5.530451575270529,1,4.148075833585848
2673.3858308792114,5.540640544784811,1,4.142326153841221
2673.477837562561,5.5279043328919535,1,4.149513253522007
2673.553777217865,5.530451575270529,1,4.148075833585848
2673.6318571567535,5.545735029541955,1,4.139451313968906
2673.7399866580963,5.540640544784811,1,4.142326153841221
2673.818335056305,5.540640544784811,1,4.142326153841221
2673.893947839737,5.538093302406242,1,4.143763573777377
2673.9708547592163,5.540640544784811,1,4.142326153841221
2674.0490458011627,5.543187787163387,1,4.1408887339050615
2674.126793384552,5.535546060027674,1,4.145200993713532
2674.2038884162903,5.5279043328919535,1,4.149513253522007
2674.2828431129456,5.535546060027674,1,4.145200993713532
2674.3597061634064,5.535546060027674,1,4.145200993713532
2674.4375219345093,5.525357090513385,1,4.150950673458162
2674.516326189041,5.538093302406242,1,4.143763573777377
2674.5944180488586,5.535546060027674,1,4.145200993713532
2674.672483444214,5.530451575270529,1,4.148075833585848
2674.7504603862762,5.540640544784811,1,4.142326153841221
2674.8284380435944,5.535546060027674,1,4.145200993713532
2674.906294107437,5.525357090513385,1,4.150950673458162
2674.9840862751007,5.55847124143482,1,4.132264214288116
2675.061899662018,5.548282271920531,1,4.138013894032746
2675.141164779663,5.535546060027674,1,4.145200993713532
2675.220515012741,5.538093302406242,1,4.143763573777377
2675.3282663822174,5.540640544784811,1,4.142326153841221
2675.408087015152,5.538093302406242,1,4.143763573777377
2675.5000710487366,5.530451575270529,1,4.148075833585848
2675.591919183731,5.530451575270529,1,4.148075833585848
2675.6698684692383,5.540640544784811,1,4.142326153841221
2675.7466535568237,5.535546060027674,1,4.145200993713532
2675.8234860897064,5.532998817649098,1,4.146638413649692
2675.9032487869263,5.530451575270529,1,4.148075833585848
2675.9801812171936,5.540640544784811,1,4.142326153841221
2676.0725831985474,5.535546060027674,1,4.145200993713532
2676.150512456894,5.543187787163387,1,4.1408887339050615
2676.228456020355,5.535546060027674,1,4.145200993713532
2676.308260679245,5.540640544784811,1,4.142326153841221
2676.3870120048523,5.538093302406242,1,4.143763573777377
2676.464718103409,5.540640544784811,1,4.142326153841221
2676.543503522873,5.548282271920531,1,4.138013894032746
2676.63925075531,5.538093302406242,1,4.143763573777377
2676.715357065201,5.543187787163387,1,4.1408887339050615
2676.7946338653564,5.5508295142990995,1,4.136576474096591
2676.873120546341,5.525357090513385,1,4.150950673458162
2676.98162651062,5.540640544784811,1,4.142326153841221
2677.0596618652344,5.545735029541955,1,4.139451313968906
2677.135840654373,5.540640544784811,1,4.142326153841221
2677.2136600017548,5.545735029541955,1,4.139451313968906
2677.292860031128,5.540640544784811,1,4.142326153841221
2677.3707358837128,5.532998817649098,1,4.146638413649692
2677.4486169815063,5.545735029541955,1,4.139451313968906
2677.5259704589844,5.545735029541955,1,4.139451313968906
2677.6049921512604,5.538093302406242,1,4.143763573777377
2677.6814107894897,5.548282271920531,1,4.138013894032746
2677.775152683258,5.543187787163387,1,4.1408887339050615
2677.8519876003265,5.548282271920531,1,4.138013894032746
2677.928145170212,5.5508295142990995,1,4.136576474096591
2678.0057475566864,5.540640544784811,1,4.142326153841221
2678.0842459201813,5.548282271920531,1,4.138013894032746
2678.1610000133514,5.543187787163387,1,4.1408887339050615
2678.24004983902,5.532998817649098,1,4.146638413649692
2678.319169521332,5.538093302406242,1,4.143763573777377
2678.397886276245,5.545735029541955,1,4.139451313968906
2678.4908764362335,5.540640544784811,1,4.142326153841221
2678.597064971924,5.548282271920531,1,4.138013894032746
2678.6905522346497,5.535546060027674,1,4.145200993713532
2678.7700593471527,5.535546060027674,1,4.145200993713532
2678.862776517868,5.555923999056244,1,4.133701634224276
2678.95356798172,5.5508295142990995,1,4.136576474096591
2679.031366109848,5.5508295142990995,1,4.136576474096591
2679.109145641327,5.543187787163387,1,4.1408887339050615
2679.187071800232,5.540640544784811,1,4.142326153841221
2679.263859272003,5.5508295142990995,1,4.136576474096591
2679.341611146927,5.5508295142990995,1,4.136576474096591
2679.4212081432343,5.555923999056244,1,4.133701634224276
2679.4991664886475,5.561018483813388,1,4.130826794351961
2679.5781440734863,5.553376756677675,1,4.135139054160431
2679.654879808426,5.535546060027674,1,4.145200993713532
2679.73090672493,5.561018483813388,1,4.130826794351961
2679.810971736908,5.55847124143482,1,4.132264214288116
2679.8907527923584,5.540640544784811,1,4.142326153841221
2679.984529018402,5.553376756677675,1,4.135139054160431
2680.078902721405,5.555923999056244,1,4.133701634224276
2680.1573617458344,5.540640544784811,1,4.142326153841221
2680.2650504112244,5.55847124143482,1,4.132264214288116
2680.3423817157745,5.545735029541955,1,4.139451313968906
2680.4212186336517,5.553376756677675,1,4.135139054160431
2680.4980905056,5.543187787163387,1,4.1408887339050615
2680.5771358013153,5.553376756677675,1,4.135139054160431
2680.652841091156,5.555923999056244,1,4.133701634224276
2680.730755329132,5.548282271920531,1,4.138013894032746
2680.808991909027,5.548282271920531,1,4.138013894032746
2680.8882241249084,5.543187787163387,1,4.1408887339050615
2680.9642181396484,5.548282271920531,1,4.138013894032746
2681.04247379303,5.548282271920531,1,4.138013894032746
2681.1204464435577,5.540640544784811,1,4.142326153841221
2681.214443206787,5.561018483813388,1,4.130826794351961
2681.2914729118347,5.545735029541955,1,4.139451313968906
2681.3675343990326,5.55847124143482,1,4.132264214288116
2681.44748878479,5.555923999056244,1,4.133701634224276
2681.5267786979675,5.566112968570533,1,4.127951954479646
2681.6043190956116,5.540640544784811,1,4.142326153841221
2681.6822204589844,5.561018483813388,1,4.130826794351961
2681.7761771678925,5.545735029541955,1,4.139451313968906
2681.8850049972534,5.555923999056244,1,4.133701634224276
2681.964779138565,5.566112968570533,1,4.127951954479646
2682.0445647239685,5.566112968570533,1,4.127951954479646
2682.1216156482697,5.553376756677675,1,4.135139054160431
2682.199682235718,5.563565726191964,1,4.129389374415801
2682.2765707969666,5.555923999056244,1,4.133701634224276
2682.3693141937256,5.553376756677675,1,4.135139054160431
2682.4456899166107,5.555923999056244,1,4.133701634224276
2682.5236432552338,5.548282271920531,1,4.138013894032746
2682.60258102417,5.5508295142990995,1,4.136576474096591
2682.6824357509613,5.561018483813388,1,4.130826794351961
2682.758633375168,5.5508295142990995,1,4.136576474096591
2682.8359105587006,5.5508295142990995,1,4.136576474096591
2682.9128499031067,5.571207453327677,1,4.125077114607331
2682.9903717041016,5.548282271920531,1,4.138013894032746
2683.0673949718475,5.543187787163387,1,4.1408887339050615
2683.1609811782837,5.563565726191964,1,4.129389374415801
2683.238069295883,5.543187787163387,1,4.1408887339050615
2683.315752506256,5.568660210949101,1,4.126514534543491
2683.4094581604004,5.561018483813388,1,4.130826794351961
2683.532163619995,5.571207453327677,1,4.125077114607331
2683.610069513321,5.561018483813388,1,4.130826794351961
2683.6878731250763,5.566112968570533,1,4.127951954479646
2683.765869617462,5.571207453327677,1,4.125077114607331
2683.843805551529,5.573754695706246,1,4.123639694671175
2683.921864271164,5.55847124143482,1,4.132264214288116
2683.9997787475586,5.571207453327677,1,4.125077114607331
2684.077708721161,5.573754695706246,1,4.123639694671175
2684.170363664627,5.553376756677675,1,4.135139054160431
2684.249441385269,5.555923999056244,1,4.133701634224276
2684.3265838623047,5.555923999056244,1,4.133701634224276
2684.4018387794495,5.573754695706246,1,4.123639694671175
2684.48108792305,5.573754695706246,1,4.123639694671175
2684.5610156059265,5.563565726191964,1,4.129389374415801
2684.653952598572,5.548282271920531,1,4.138013894032746
2684.7319111824036,5.571207453327677,1,4.125077114607331
2684.8244638442993,5.563565726191964,1,4.129389374415801
2684.9029400348663,5.573754695706246,1,4.123639694671175
2684.9819281101227,5.568660210949101,1,4.126514534543491
2685.059971809387,5.568660210949101,1,4.126514534543491
2685.168897151947,5.576301938084821,1,4.122202274735016
2685.247618675232,5.57884918046339,1,4.1207648547988605
2685.3260219097137,5.55847124143482,1,4.132264214288116
2685.404981136322,5.563565726191964,1,4.129389374415801
2685.484939098358,5.568660210949101,1,4.126514534543491
2685.562653064728,5.566112968570533,1,4.127951954479646
2685.63903260231,5.555923999056244,1,4.133701634224276
2685.7175114154816,5.576301938084821,1,4.122202274735016
2685.8098475933075,5.563565726191964,1,4.129389374415801
2685.8868284225464,5.55847124143482,1,4.132264214288116
2685.9667313098907,5.561018483813388,1,4.130826794351961
2686.0444827079773,5.573754695706246,1,4.123639694671175
2686.1220529079437,5.568660210949101,1,4.126514534543491
2686.2018320560455,5.571207453327677,1,4.125077114607331
2686.279742002487,5.573754695706246,1,4.123639694671175
2686.3575727939606,5.571207453327677,1,4.125077114607331
2686.436763048172,5.555923999056244,1,4.133701634224276
2686.528745651245,5.568660210949101,1,4.126514534543491
2686.6065995693207,5.563565726191964,1,4.129389374415801
2686.685958147049,5.555923999056244,1,4.133701634224276
2686.810468196869,5.571207453327677,1,4.125077114607331
2686.9052143096924,5.568660210949101,1,4.126514534543491
2686.9989964962006,5.571207453327677,1,4.125077114607331
2687.0780367851257,5.576301938084821,1,4.122202274735016
2687.1558318138123,5.566112968570533,1,4.127951954479646
2687.232708454132,5.576301938084821,1,4.122202274735016
2687.3117985725403,5.568660210949101,1,4.126514534543491
2687.390443086624,5.568660210949101,1,4.126514534543491
2687.468359231949,5.568660210949101,1,4.126514534543491
2687.545684814453,5.571207453327677,1,4.125077114607331
2687.6239001750946,5.568660210949101,1,4.126514534543491
2687.7007174491882,5.57884918046339,1,4.1207648547988605
2687.7786960601807,5.563565726191964,1,4.129389374415801
2687.8570997714996,5.566112968570533,1,4.127951954479646
2687.9487595558167,5.581396422841966,1,4.119327434862701
2688.0282669067383,5.571207453327677,1,4.125077114607331
2688.1228132247925,5.573754695706246,1,4.123639694671175
2688.1994726657867,5.581396422841966,1,4.119327434862701
2688.279398202896,5.576301938084821,1,4.122202274735016
2688.359128475189,5.568660210949101,1,4.126514534543491
2688.4683272838593,5.563565726191964,1,4.129389374415801
2688.5471148490906,5.576301938084821,1,4.122202274735016
2688.6240751743317,5.55847124143482,1,4.132264214288116
2688.703428506851,5.566112968570533,1,4.127951954479646
2688.782856464386,5.581396422841966,1,4.119327434862701
2688.859044790268,5.571207453327677,1,4.125077114607331
2688.9381613731384,5.568660210949101,1,4.126514534543491
2689.0158879756927,5.583943665220534,1,4.1178900149265445
2689.0933725833893,5.576301938084821,1,4.122202274735016
2689.188825368881,5.561018483813388,1,4.130826794351961
2689.283613920212,5.576301938084821,1,4.122202274735016
2689.362000465393,5.576301938084821,1,4.122202274735016
2689.4390046596527,5.57884918046339,1,4.1207648547988605
2689.5169801712036,5.581396422841966,1,4.119327434862701
2689.59380030632,5.589038149977679,1,4.11501517505423
2689.672916650772,5.566112968570533,1,4.127951954479646
2689.749550819397,5.58649090759911,1,4.116452594990386
2689.8270914554596,5.576301938084821,1,4.122202274735016
2689.905872106552,5.576301938084821,1,4.122202274735016
2689.984262228012,5.58649090759911,1,4.116452594990386
2690.091089248657,5.571207453327677,1,4.125077114607331
2690.1708879470825,5.576301938084821,1,4.122202274735016
2690.2478806972504,5.581396422841966,1,4.119327434862701
2690.3416142463684,5.576301938084821,1,4.122202274735016
2690.4359426498413,5.576301938084821,1,4.122202274735016
2690.5135197639465,5.571207453327677,1,4.125077114607331
2690.5906507968903,5.571207453327677,1,4.125077114607331
2690.6706268787384,5.571207453327677,1,4.125077114607331
2690.7478251457214,5.57884918046339,1,4.1207648547988605
2690.826391220093,5.571207453327677,1,4.125077114607331
2690.904051542282,5.573754695706246,1,4.123639694671175
2690.9957661628723,5.573754695706246,1,4.123639694671175
2691.075065612793,5.571207453327677,1,4.125077114607331
2691.15367937088,5.583943665220534,1,4.1178900149265445
2691.231658935547,5.583943665220534,1,4.1178900149265445
2691.310382604599,5.576301938084821,1,4.122202274735016
2691.3898487091064,5.563565726191964,1,4.129389374415801
2691.481158733368,5.58649090759911,1,4.116452594990386
2691.5590925216675,5.576301938084821,1,4.122202274735016
2691.637857198715,5.57884918046339,1,4.1207648547988605
2691.744804620743,5.571207453327677,1,4.125077114607331
2691.822742700577,5.57884918046339,1,4.1207648547988605
2691.8996868133545,5.57884918046339,1,4.1207648547988605
2691.9795892238617,5.58649090759911,1,4.116452594990386
2692.0574872493744,5.57884918046339,1,4.1207648547988605
2692.13468170166,5.589038149977679,1,4.11501517505423
2692.2143726348877,5.583943665220534,1,4.1178900149265445
2692.2940204143524,5.571207453327677,1,4.125077114607331
2692.37181019783,5.583943665220534,1,4.1178900149265445
2692.4504005908966,5.599227119491967,1,4.1092654953096
2692.529317378998,5.581396422841966,1,4.119327434862701
2692.6210861206055,5.568660210949101,1,4.126514534543491
2692.71702337265,5.589038149977679,1,4.11501517505423
2692.7959332466125,5.58649090759911,1,4.116452594990386
2692.871794939041,5.568660210949101,1,4.126514534543491
2692.949606895447,5.571207453327677,1,4.125077114607331
2693.0295312404633,5.596679877113392,1,4.11070291524576
2693.1057868003845,5.573754695706246,1,4.123639694671175
2693.1855370998383,5.58649090759911,1,4.116452594990386
2693.2633759975433,5.58649090759911,1,4.116452594990386
2693.3716371059418,5.589038149977679,1,4.11501517505423
2693.449590444565,5.599227119491967,1,4.1092654953096
2693.525321960449,5.57884918046339,1,4.1207648547988605
2693.601527929306,5.58649090759911,1,4.116452594990386
2693.679387807846,5.591585392356254,1,4.1135777551180706
2693.758142709732,5.58649090759911,1,4.116452594990386
2693.8519983291626,5.589038149977679,1,4.11501517505423
2693.928884267807,5.576301938084821,1,4.122202274735016
2694.006920814514,5.58649090759911,1,4.116452594990386
2694.099497318268,5.591585392356254,1,4.1135777551180706
2694.177438020706,5.573754695706246,1,4.123639694671175
2694.2549200057983,5.568660210949101,1,4.126514534543491
2694.3328778743744,5.581396422841966,1,4.119327434862701
2694.4112515449524,5.576301938084821,1,4.122202274735016
2694.503526210785,5.596679877113392,1,4.11070291524576
2694.5788567066193,5.58649090759911,1,4.116452594990386
2694.6568732261658,5.58649090759911,1,4.116452594990386
2694.733984231949,5.601774361870536,1,4.107828075373444
2694.8118352890015,5.581396422841966,1,4.119327434862701
2694.904893875122,5.583943665220534,1,4.1178900149265445
2695.0272121429443,5.571207453327677,1,4.125077114607331
2695.1066303253174,5.576301938084821,1,4.122202274735016
2695.184883117676,5.601774361870536,1,4.107828075373444
2695.262471437454,5.589038149977679,1,4.11501517505423
2695.3390007019043,5.589038149977679,1,4.11501517505423
2695.416098356247,5.589038149977679,1,4.11501517505423
2695.494111061096,5.58649090759911,1,4.116452594990386
2695.5717356204987,5.576301938084821,1,4.122202274735016
2695.649651527405,5.589038149977679,1,4.11501517505423
2695.726974248886,5.58649090759911,1,4.116452594990386
2695.8227727413177,5.581396422841966,1,4.119327434862701
2695.900218963623,5.589038149977679,1,4.11501517505423
2695.9780292510986,5.58649090759911,1,4.116452594990386
2696.055816888809,5.57884918046339,1,4.1207648547988605
2696.149678707123,5.591585392356254,1,4.1135777551180706
2696.226897954941,5.589038149977679,1,4.11501517505423
2696.3049437999725,5.589038149977679,1,4.11501517505423
2696.3816390037537,5.58649090759911,1,4.116452594990386
2696.461476802826,5.568660210949101,1,4.126514534543491
2696.5413410663605,5.57884918046339,1,4.1207648547988605
2696.649937391281,5.594132634734823,1,4.112140335181914
2696.7264935970306,5.581396422841966,1,4.119327434862701
2696.803394317627,5.589038149977679,1,4.11501517505423
2696.881275177002,5.583943665220534,1,4.1178900149265445
2696.9594027996063,5.581396422841966,1,4.119327434862701
2697.0345754623413,5.594132634734823,1,4.112140335181914
2697.1108796596527,5.576301938084821,1,4.122202274735016
2697.203325033188,5.583943665220534,1,4.1178900149265445
2697.2957808971405,5.596679877113392,1,4.11070291524576
2697.3737332820892,5.581396422841966,1,4.119327434862701
2697.453639984131,5.604321604249112,1,4.106390655437284
2697.5299365520477,5.589038149977679,1,4.11501517505423
2697.6095201969147,5.581396422841966,1,4.119327434862701
2697.686800956726,5.589038149977679,1,4.11501517505423
2697.7629137039185,5.599227119491967,1,4.1092654953096
2697.8406183719635,5.576301938084821,1,4.122202274735016
2697.918698310852,5.591585392356254,1,4.1135777551180706
2697.9956073760986,5.581396422841966,1,4.119327434862701
2698.075564622879,5.589038149977679,1,4.11501517505423
2698.154797077179,5.591585392356254,1,4.1135777551180706
2698.264209508896,5.609416089006256,1,4.10351581556497
2698.346633911133,5.591585392356254,1,4.1135777551180706
2698.4376006126404,5.58649090759911,1,4.116452594990386
2698.516560316086,5.594132634734823,1,4.112140335181914
2698.594874858856,5.583943665220534,1,4.1178900149265445
2698.6727232933044,5.594132634734823,1,4.112140335181914
2698.7486939430237,5.591585392356254,1,4.1135777551180706
2698.825919151306,5.601774361870536,1,4.107828075373444
2698.904524564743,5.596679877113392,1,4.11070291524576
2698.9833011627197,5.596679877113392,1,4.11070291524576
2699.0604503154755,5.57884918046339,1,4.1207648547988605
2699.139273405075,5.591585392356254,1,4.1135777551180706
2699.216143846512,5.622152300899113,1,4.096328715884184
2699.294059276581,5.589038149977679,1,4.11501517505423
2699.3728306293488,5.58649090759911,1,4.116452594990386
2699.450622320175,5.596679877113392,1,4.11070291524576
2699.5430200099945,5.591585392356254,1,4.1135777551180706
2699.620527982712,5.604321604249112,1,4.106390655437284
2699.6982645988464,5.58649090759911,1,4.116452594990386
2699.7756695747375,5.596679877113392,1,4.11070291524576
2699.8845908641815,5.591585392356254,1,4.1135777551180706
2699.9618771076202,5.599227119491967,1,4.1092654953096
2700.0390434265137,5.601774361870536,1,4.107828075373444
2700.11683678627,5.604321604249112,1,4.106390655437284
2700.1940999031067,5.58649090759911,1,4.116452594990386
2700.271896839142,5.601774361870536,1,4.107828075373444
2700.3640308380127,5.601774361870536,1,4.107828075373444
2700.4420006275177,5.591585392356254,1,4.1135777551180706
2700.518953561783,5.591585392356254,1,4.1135777551180706
2700.610649585724,5.591585392356254,1,4.1135777551180706
2700.702947616577,5.601774361870536,1,4.107828075373444
2700.780148744583,5.60686884662768,1,4.10495323550113
2700.858331680298,5.58649090759911,1,4.116452594990386
2700.937318086624,5.6145105737634005,1,4.100640975692654
2701.0290155410767,5.601774361870536,1,4.107828075373444
2701.108870267868,5.594132634734823,1,4.112140335181914
2701.20183801651,5.601774361870536,1,4.107828075373444
2701.277916431427,5.591585392356254,1,4.1135777551180706
2701.3556277751923,5.6145105737634005,1,4.100640975692654
2701.43483376503,5.60686884662768,1,4.10495323550113
2701.544546842575,5.596679877113392,1,4.11070291524576
2701.6235094070435,5.599227119491967,1,4.1092654953096
2701.699540615082,5.604321604249112,1,4.106390655437284
2701.7932875156403,5.591585392356254,1,4.1135777551180706
2701.8880953788757,5.599227119491967,1,4.1092654953096
2701.9662919044495,5.60686884662768,1,4.10495323550113
2702.0451526641846,5.594132634734823,1,4.112140335181914
2702.1234900951385,5.589038149977679,1,4.11501517505423
2702.200486421585,5.604321604249112,1,4.106390655437284
2702.2765481472015,5.594132634734823,1,4.112140335181914
2702.354471921921,5.609416089006256,1,4.10351581556497
2702.432353258133,5.619605058520545,1,4.09776613582034
2702.5121417045593,5.589038149977679,1,4.11501517505423
2702.590975999832,5.611963331384825,1,4.102078395628814
2702.6679034233093,5.599227119491967,1,4.1092654953096
2702.747844696045,5.60686884662768,1,4.10495323550113
2702.8266863822937,5.601774361870536,1,4.107828075373444
2702.919434785843,5.6145105737634005,1,4.100640975692654
2703.0147848129272,5.599227119491967,1,4.1092654953096
2703.0937263965607,5.594132634734823,1,4.112140335181914
2703.201591730118,5.617057816141969,1,4.0992035557565
2703.2795391082764,5.599227119491967,1,4.1092654953096
2703.3708906173706,5.604321604249112,1,4.106390655437284
2703.45077753067,5.611963331384825,1,4.102078395628814
2703.529823064804,5.601774361870536,1,4.107828075373444
2703.605627298355,5.604321604249112,1,4.106390655437284
2703.697599172592,5.604321604249112,1,4.106390655437284
2703.7758133411407,5.594132634734823,1,4.112140335181914
2703.8526260852814,5.611963331384825,1,4.102078395628814
2703.9295325279236,5.58649090759911,1,4.116452594990386
2704.0073330402374,5.599227119491967,1,4.1092654953096
2704.099199771881,5.619605058520545,1,4.09776613582034
2704.1769886016846,5.591585392356254,1,4.1135777551180706
2704.255854845047,5.604321604249112,1,4.106390655437284
2704.3337326049805,5.6145105737634005,1,4.100640975692654
2704.413590669632,5.594132634734823,1,4.112140335181914
2704.4904656410217,5.594132634734823,1,4.112140335181914
2704.567813396454,5.617057816141969,1,4.0992035557565
2704.646648168564,5.609416089006256,1,4.10351581556497
2704.7259674072266,5.604321604249112,1,4.106390655437284
2704.833415031433,5.60686884662768,1,4.10495323550113
2704.912094116211,5.58649090759911,1,4.116452594990386
2704.9878907203674,5.6145105737634005,1,4.100640975692654
2705.06684422493,5.609416089006256,1,4.10351581556497
2705.160567998886,5.6145105737634005,1,4.100640975692654
2705.252419233322,5.604321604249112,1,4.106390655437284
2705.3312063217163,5.609416089006256,1,4.10351581556497
2705.42196559906,5.627246785656258,1,4.0934538760118695
2705.499162912369,5.609416089006256,1,4.10351581556497
2705.577236890793,5.60686884662768,1,4.10495323550113
2705.6567590236664,5.617057816141969,1,4.0992035557565
2705.7338955402374,5.619605058520545,1,4.09776613582034
2705.812604665756,5.596679877113392,1,4.11070291524576
2705.8924462795258,5.60686884662768,1,4.10495323550113
2705.9685311317444,5.6145105737634005,1,4.100640975692654
2706.0459263324738,5.611963331384825,1,4.102078395628814
2706.123923063278,5.604321604249112,1,4.106390655437284
2706.217648267746,5.622152300899113,1,4.096328715884184
2706.3266894817352,5.60686884662768,1,4.10495323550113
2706.4485664367676,5.60686884662768,1,4.10495323550113
2706.5897245407104,5.619605058520545,1,4.09776613582034
2706.682670354843,5.627246785656258,1,4.0934538760118695
2706.7619614601135,5.601774361870536,1,4.107828075373444
2706.8390464782715,5.6145105737634005,1,4.100640975692654
2706.917451620102,5.6145105737634005,1,4.100640975692654
2707.0118186473846,5.60686884662768,1,4.10495323550113
2707.088879108429,5.609416089006256,1,4.10351581556497
2707.166478395462,5.619605058520545,1,4.09776613582034
2707.2454822063446,5.601774361870536,1,4.107828075373444
2707.323099374771,5.611963331384825,1,4.102078395628814
2707.3996415138245,5.624699543277682,1,4.094891295948028
2707.4794833660126,5.617057816141969,1,4.0992035557565
2707.572538614273,5.619605058520545,1,4.09776613582034
2707.6498975753784,5.622152300899113,1,4.096328715884184
2707.729015350342,5.599227119491967,1,4.1092654953096
2707.805915117264,5.60686884662768,1,4.10495323550113
2707.8840947151184,5.627246785656258,1,4.0934538760118695
2707.9630081653595,5.609416089006256,1,4.10351581556497
2708.040806531906,5.609416089006256,1,4.10351581556497
2708.120680809021,5.611963331384825,1,4.102078395628814
2708.2325270175934,5.617057816141969,1,4.0992035557565
2708.3102626800537,5.609416089006256,1,4.10351581556497
2708.38964343071,5.622152300899113,1,4.096328715884184
2708.469643831253,5.609416089006256,1,4.10351581556497
2708.546598672867,5.596679877113392,1,4.11070291524576
2708.6251187324524,5.611963331384825,1,4.102078395628814
2708.717929124832,5.622152300899113,1,4.096328715884184
2708.7967371940613,5.599227119491967,1,4.1092654953096
2708.87486410141,5.6145105737634005,1,4.100640975692654
2708.952696800232,5.622152300899113,1,4.096328715884184
2709.029666185379,5.601774361870536,1,4.107828075373444
2709.108870983124,5.619605058520545,1,4.09776613582034
2709.1857109069824,5.627246785656258,1,4.0934538760118695
2709.2626757621765,5.604321604249112,1,4.106390655437284
2709.3416228294373,5.611963331384825,1,4.102078395628814
2709.419825077057,5.624699543277682,1,4.094891295948028
2709.5286433696747,5.601774361870536,1,4.107828075373444
2709.606652021408,5.611963331384825,1,4.102078395628814
2709.6848452091217,5.619605058520545,1,4.09776613582034
2709.7641382217407,5.622152300899113,1,4.096328715884184
2709.889758348465,5.622152300899113,1,4.096328715884184
2709.968682527542,5.619605058520545,1,4.09776613582034
2710.062926054001,5.609416089006256,1,4.10351581556497
2710.1387116909027,5.622152300899113,1,4.096328715884184
2710.2159175872803,5.627246785656258,1,4.0934538760118695
2710.293718099594,5.6145105737634005,1,4.100640975692654
2710.3708159923553,5.624699543277682,1,4.094891295948028
2710.4497990608215,5.617057816141969,1,4.0992035557565
2710.52636551857,5.622152300899113,1,4.096328715884184
2710.602900505066,5.624699543277682,1,4.094891295948028
2710.680063724518,5.611963331384825,1,4.102078395628814
2710.7579605579376,5.6145105737634005,1,4.100640975692654
2710.8337659835815,5.627246785656258,1,4.0934538760118695
2710.9144616127014,5.617057816141969,1,4.0992035557565
2711.008317708969,5.599227119491967,1,4.1092654953096
2711.0849545001984,5.609416089006256,1,4.10351581556497
2711.1619997024536,5.629794028034826,1,4.092016456075713
2711.241829395294,5.6145105737634005,1,4.100640975692654
2711.3189029693604,5.627246785656258,1,4.0934538760118695
2711.397770881653,5.60686884662768,1,4.10495323550113
2711.5087888240814,5.619605058520545,1,4.09776613582034
2711.5848762989044,5.622152300899113,1,4.096328715884184
2711.6618871688843,5.617057816141969,1,4.0992035557565
2711.738240480423,5.622152300899113,1,4.096328715884184
2711.8152520656586,5.617057816141969,1,4.0992035557565
2711.893916130066,5.60686884662768,1,4.10495323550113
2711.9689338207245,5.634888512791971,1,4.089141616203398
2712.0467004776,5.624699543277682,1,4.094891295948028
2712.1418392658234,5.619605058520545,1,4.09776613582034
2712.2192051410675,5.6145105737634005,1,4.100640975692654
2712.296558856964,5.6145105737634005,1,4.100640975692654
2712.3760046958923,5.6145105737634005,1,4.100640975692654
2712.455632209778,5.627246785656258,1,4.0934538760118695
2712.5328829288483,5.624699543277682,1,4.094891295948028
2712.61008810997,5.624699543277682,1,4.094891295948028
2712.686826944351,5.624699543277682,1,4.094891295948028
2712.763228416443,5.617057816141969,1,4.0992035557565
2712.8431811332703,5.6145105737634005,1,4.100640975692654
2712.9218742847443,5.632341270413402,1,4.0905790361395535
2712.997871160507,5.624699543277682,1,4.094891295948028
2713.1058988571167,5.632341270413402,1,4.0905790361395535
2713.183304786682,5.627246785656258,1,4.0934538760118695
2713.2770857810974,5.622152300899113,1,4.096328715884184
2713.37198138237,5.622152300899113,1,4.096328715884184
2713.4498867988586,5.619605058520545,1,4.09776613582034
2713.5284910202026,5.617057816141969,1,4.0992035557565
2713.6065561771393,5.627246785656258,1,4.0934538760118695
2713.683804988861,5.568660210949101,1,4.126514534543491
2713.761615037918,5.6145105737634005,1,4.100640975692654
2713.8406221866608,5.632341270413402,1,4.0905790361395535
2713.9174587726593,5.617057816141969,1,4.0992035557565
2713.9964277744293,5.609416089006256,1,4.10351581556497
2714.0762231349945,5.619605058520545,1,4.09776613582034
2714.1540710926056,5.624699543277682,1,4.094891295948028
2714.2337098121643,5.634888512791971,1,4.089141616203398
2714.312931060791,5.627246785656258,1,4.0934538760118695
2714.4061419963837,5.632341270413402,1,4.0905790361395535
2714.4829535484314,5.627246785656258,1,4.0934538760118695
2714.5597743988037,5.624699543277682,1,4.094891295948028
2714.6366550922394,5.627246785656258,1,4.0934538760118695
2714.7476642131805,5.627246785656258,1,4.0934538760118695
2714.8249406814575,5.619605058520545,1,4.09776613582034
2714.902937412262,5.632341270413402,1,4.0905790361395535
2714.9826979637146,5.624699543277682,1,4.094891295948028
2715.0586709976196,5.627246785656258,1,4.0934538760118695
2715.1376192569733,5.632341270413402,1,4.0905790361395535
2715.21635723114,5.634888512791971,1,4.089141616203398
2715.309602022171,5.609416089006256,1,4.10351581556497
2715.3893659114838,5.624699543277682,1,4.094891295948028
2715.468697786331,5.619605058520545,1,4.09776613582034
2715.5614898204803,5.619605058520545,1,4.09776613582034
2715.6396441459656,5.629794028034826,1,4.092016456075713
2715.7170066833496,5.624699543277682,1,4.094891295948028
2715.7940702438354,5.624699543277682,1,4.094891295948028
2715.871666431427,5.632341270413402,1,4.0905790361395535
2715.9516141414642,5.624699543277682,1,4.094891295948028
2716.029223680496,5.622152300899113,1,4.096328715884184
2716.107866048813,5.619605058520545,1,4.09776613582034
2716.1859109401703,5.642530239927691,1,4.084829356394923
2716.2616753578186,5.622152300899113,1,4.096328715884184
2716.3714389801025,5.6374357551705465,1,4.087704196267239
2716.4493522644043,5.632341270413402,1,4.0905790361395535
2716.528071165085,5.622152300899113,1,4.096328715884184
2716.6069407463074,5.634888512791971,1,4.089141616203398
2716.7136523723602,5.622152300899113,1,4.096328715884184
2716.8230364322662,5.634888512791971,1,4.089141616203398
2716.933773994446,5.634888512791971,1,4.089141616203398
2717.058612346649,5.629794028034826,1,4.092016456075713
2717.1667244434357,5.642530239927691,1,4.084829356394923
2717.275953769684,5.632341270413402,1,4.0905790361395535
2717.353806257248,5.634888512791971,1,4.089141616203398
2717.431603193283,5.639982997549115,1,4.086266776331083
2717.5413253307343,5.629794028034826,1,4.092016456075713
2717.619824409485,5.6450774823062595,1,4.083391936458768
2717.7274158000946,5.6374357551705465,1,4.087704196267239
2717.820688724518,5.634888512791971,1,4.089141616203398
2717.8971252441406,5.632341270413402,1,4.0905790361395535
2717.9748046398163,5.624699543277682,1,4.094891295948028
2718.053803920746,5.6374357551705465,1,4.087704196267239
2718.131727218628,5.624699543277682,1,4.094891295948028
2718.240747690201,5.6374357551705465,1,4.087704196267239
2718.317342042923,5.639982997549115,1,4.086266776331083
2718.3937640190125,5.627246785656258,1,4.0934538760118695
2718.4731431007385,5.639982997549115,1,4.086266776331083
2718.548425912857,5.624699543277682,1,4.094891295948028
2718.62624001503,5.627246785656258,1,4.0934538760118695
2718.704032421112,5.634888512791971,1,4.089141616203398
2718.7951719760895,5.619605058520545,1,4.09776613582034
2718.873102903366,5.6374357551705465,1,4.087704196267239
2718.9528946876526,5.627246785656258,1,4.0934538760118695
2719.0449290275574,5.629794028034826,1,4.092016456075713
2719.122550010681,5.650171967063404,1,4.080517096586453
2719.201212644577,5.6374357551705465,1,4.087704196267239
2719.2782702445984,5.639982997549115,1,4.086266776331083
2719.3572986125946,5.6450774823062595,1,4.083391936458768
2719.4359378814697,5.6374357551705465,1,4.087704196267239
2719.5278108119965,5.6374357551705465,1,4.087704196267239
2719.6051676273346,5.627246785656258,1,4.0934538760118695
2719.683909893036,5.647624724684835,1,4.081954516522609
2719.776885986328,5.632341270413402,1,4.0905790361395535
2719.8856360912323,5.632341270413402,1,4.0905790361395535
2719.961433172226,5.627246785656258,1,4.0934538760118695
2720.039627313614,5.6374357551705465,1,4.087704196267239
2720.1193749904633,5.634888512791971,1,4.089141616203398
2720.2106518745422,5.632341270413402,1,4.0905790361395535
2720.289654493332,5.634888512791971,1,4.089141616203398
2720.3674895763397,5.629794028034826,1,4.092016456075713
2720.444673061371,5.629794028034826,1,4.092016456075713
2720.521824121475,5.6527192094419725,1,4.079079676650298
2720.6015625,5.657813694199117,1,4.076204836777983
2720.678543329239,5.639982997549115,1,4.086266776331083
2720.756665468216,5.639982997549115,1,4.086266776331083
2720.834575653076,5.6374357551705465,1,4.087704196267239
2720.911112546921,5.634888512791971,1,4.089141616203398
2720.987871646881,5.632341270413402,1,4.0905790361395535
2721.065732717514,5.624699543277682,1,4.094891295948028
2721.1577157974243,5.639982997549115,1,4.086266776331083
2721.2346019744873,5.639982997549115,1,4.086266776331083
2721.3288218975067,5.627246785656258,1,4.0934538760118695
2721.4056239128113,5.634888512791971,1,4.089141616203398
2721.5146141052246,5.6374357551705465,1,4.087704196267239
2721.5907990932465,5.639982997549115,1,4.086266776331083
2721.669760942459,5.632341270413402,1,4.0905790361395535
2721.7480459213257,5.6374357551705465,1,4.087704196267239
2721.825716495514,5.642530239927691,1,4.084829356394923
2721.904034137726,5.647624724684835,1,4.081954516522609
2721.9977355003357,5.642530239927691,1,4.084829356394923
2722.074563264847,5.647624724684835,1,4.081954516522609
2722.1518597602844,5.639982997549115,1,4.086266776331083
2722.2309749126434,5.622152300899113,1,4.096328715884184
2722.307046175003,5.6450774823062595,1,4.083391936458768
2722.385260820389,5.6450774823062595,1,4.083391936458768
2722.4788703918457,5.642530239927691,1,4.084829356394923
2722.556072473526,5.639982997549115,1,4.086266776331083
2722.6339993476868,5.639982997549115,1,4.086266776331083
2722.7129232883453,5.632341270413402,1,4.0905790361395535
2722.789481163025,5.650171967063404,1,4.080517096586453
2722.8679740428925,5.647624724684835,1,4.081954516522609
2722.946957349777,5.639982997549115,1,4.086266776331083
2723.0243945121765,5.650171967063404,1,4.080517096586453
2723.1338889598846,5.6374357551705465,1,4.087704196267239
2723.212917804718,5.634888512791971,1,4.089141616203398
2723.2912645339966,5.6527192094419725,1,4.079079676650298
2723.3681786060333,5.6374357551705465,1,4.087704196267239
2723.445829153061,5.634888512791971,1,4.089141616203398
2723.524594068527,5.650171967063404,1,4.080517096586453
2723.617707490921,5.634888512791971,1,4.089141616203398
2723.693600177765,5.6450774823062595,1,4.083391936458768
2723.771719932556,5.642530239927691,1,4.084829356394923
2723.8494131565094,5.6374357551705465,1,4.087704196267239
2723.9271161556244,5.642530239927691,1,4.084829356394923
2724.0044412612915,5.642530239927691,1,4.084829356394923
2724.081752061844,5.622152300899113,1,4.096328715884184
2724.159651517868,5.647624724684835,1,4.081954516522609
2724.2371077537537,5.647624724684835,1,4.081954516522609
2724.316019296646,5.634888512791971,1,4.089141616203398
2724.3929970264435,5.6374357551705465,1,4.087704196267239
2724.4707849025726,5.642530239927691,1,4.084829356394923
2724.550138235092,5.629794028034826,1,4.092016456075713
2724.6419298648834,5.642530239927691,1,4.084829356394923
2724.765687227249,5.634888512791971,1,4.089141616203398
2724.858644723892,5.6450774823062595,1,4.083391936458768
2724.9518160820007,5.632341270413402,1,4.0905790361395535
2725.030647754669,5.642530239927691,1,4.084829356394923
2725.122445821762,5.650171967063404,1,4.080517096586453
2725.2154829502106,5.634888512791971,1,4.089141616203398
2725.339713573456,5.6527192094419725,1,4.079079676650298
2725.4334638118744,5.639982997549115,1,4.086266776331083
2725.542172908783,5.6527192094419725,1,4.079079676650298
2725.6528766155243,5.647624724684835,1,4.081954516522609
2725.7471911907196,5.647624724684835,1,4.081954516522609
2725.837854385376,5.647624724684835,1,4.081954516522609
2725.9319961071014,5.647624724684835,1,4.081954516522609
2726.023810148239,5.660360936577693,1,4.074767416841823
2726.1175634860992,5.629794028034826,1,4.092016456075713
2726.2094044685364,5.647624724684835,1,4.081954516522609
2726.3018209934235,5.634888512791971,1,4.089141616203398
2726.394387483597,5.6450774823062595,1,4.083391936458768
2726.487138271332,5.647624724684835,1,4.081954516522609
2726.5665221214294,5.6374357551705465,1,4.087704196267239
2726.6762919425964,5.647624724684835,1,4.081954516522609
2726.7516362667084,5.6450774823062595,1,4.083391936458768
2726.846020936966,5.642530239927691,1,4.084829356394923
2726.92462682724,5.662908178956261,1,4.0733299969056675
2727.016385793686,5.639982997549115,1,4.086266776331083
2727.0946173667908,5.639982997549115,1,4.086266776331083
2727.1709110736847,5.657813694199117,1,4.076204836777983
2727.247960329056,5.629794028034826,1,4.092016456075713
2727.326009273529,5.6527192094419725,1,4.079079676650298
2727.4028317928314,5.655266451820548,1,4.077642256714138
2727.480831861496,5.6527192094419725,1,4.079079676650298
2727.5597112178802,5.6527192094419725,1,4.079079676650298
2727.6385848522186,5.642530239927691,1,4.084829356394923
2727.730739593506,5.642530239927691,1,4.084829356394923
2727.8244922161102,5.657813694199117,1,4.076204836777983
2727.901715040207,5.6374357551705465,1,4.087704196267239
2727.9794759750366,5.642530239927691,1,4.084829356394923
2728.0728027820587,5.647624724684835,1,4.081954516522609
2728.1665534973145,5.647624724684835,1,4.081954516522609
2728.259905099869,5.6374357551705465,1,4.087704196267239
2728.383571624756,5.647624724684835,1,4.081954516522609
2728.476831674576,5.650171967063404,1,4.080517096586453
2728.5567078590393,5.642530239927691,1,4.084829356394923
2728.6507852077484,5.647624724684835,1,4.081954516522609
2728.743536710739,5.650171967063404,1,4.080517096586453
2728.836292743683,5.6527192094419725,1,4.079079676650298
2728.9161155223846,5.650171967063404,1,4.080517096586453
2729.0107855796814,5.647624724684835,1,4.081954516522609
2729.087611436844,5.650171967063404,1,4.080517096586453
2729.1799705028534,5.650171967063404,1,4.080517096586453
2729.2866842746735,5.660360936577693,1,4.074767416841823
2729.3959147930145,5.660360936577693,1,4.074767416841823
2729.486674308777,5.662908178956261,1,4.0733299969056675
2729.5923902988434,5.650171967063404,1,4.080517096586453
2729.699116230011,5.647624724684835,1,4.081954516522609
2729.7885439395905,5.6680026637134056,1,4.0704551570333525
2729.880299806595,5.650171967063404,1,4.080517096586453
2729.9750475883484,5.660360936577693,1,4.074767416841823
2730.0668029785156,5.650171967063404,1,4.080517096586453
2730.158583879471,5.650171967063404,1,4.080517096586453
2730.2952225208282,5.642530239927691,1,4.084829356394923
2730.387971639633,5.657813694199117,1,4.076204836777983
2730.524609565735,5.650171967063404,1,4.080517096586453
2730.647036552429,5.650171967063404,1,4.080517096586453
2730.7542576789856,5.660360936577693,1,4.074767416841823
2730.86097240448,5.6450774823062595,1,4.083391936458768
2730.9676921367645,5.657813694199117,1,4.076204836777983
2731.059467792511,5.6527192094419725,1,4.079079676650298
2731.1957306861877,5.655266451820548,1,4.077642256714138
2731.3465819358826,5.6450774823062595,1,4.083391936458768
2731.469507455826,5.670549906091981,1,4.069017737097193
2731.5752239227295,5.655266451820548,1,4.077642256714138
2731.6829352378845,5.647624724684835,1,4.081954516522609
2731.805035352707,5.665455421334837,1,4.071892576969508
2731.9284269809723,5.662908178956261,1,4.0733299969056675
2732.034800052643,5.655266451820548,1,4.077642256714138
2732.1578991413116,5.662908178956261,1,4.0733299969056675
2732.2646074295044,5.647624724684835,1,4.081954516522609
2732.3709626197815,5.6527192094419725,1,4.079079676650298
2732.478672981262,5.6374357551705465,1,4.087704196267239
2732.6202964782715,5.6527192094419725,1,4.079079676650298
2732.773150920868,5.655266451820548,1,4.077642256714138
2732.880863428116,5.647624724684835,1,4.081954516522609
2732.9736149311066,5.657813694199117,1,4.076204836777983
2733.0633747577667,5.6450774823062595,1,4.083391936458768
2733.1561875343323,5.660360936577693,1,4.074767416841823
2733.234035015106,5.6450774823062595,1,4.083391936458768
2733.327782392502,5.650171967063404,1,4.080517096586453
2733.4205327033997,5.660360936577693,1,4.074767416841823
2733.5123183727264,5.657813694199117,1,4.076204836777983
2733.58953666687,5.665455421334837,1,4.071892576969508
2733.6689219474792,5.647624724684835,1,4.081954516522609
2733.748739004135,5.6527192094419725,1,4.079079676650298
2733.8257212638855,5.660360936577693,1,4.074767416841823
2733.9184679985046,5.657813694199117,1,4.076204836777983
2733.99827337265,5.655266451820548,1,4.077642256714138
2734.0754520893097,5.6527192094419725,1,4.079079676650298
2734.1544053554535,5.662908178956261,1,4.0733299969056675
2734.2468955516815,5.650171967063404,1,4.080517096586453
2734.324890613556,5.6680026637134056,1,4.0704551570333525
2734.4495787620544,5.650171967063404,1,4.080517096586453
2734.5558738708496,5.657813694199117,1,4.076204836777983
2734.6516168117523,5.6527192094419725,1,4.079079676650298
2734.7423751354218,5.660360936577693,1,4.074767416841823
2734.8500871658325,5.6450774823062595,1,4.083391936458768
2734.954806804657,5.662908178956261,1,4.0733299969056675
2735.046561717987,5.660360936577693,1,4.074767416841823
2735.139346599579,5.670549906091981,1,4.069017737097193
2735.230155944824,5.647624724684835,1,4.081954516522609
2735.32390666008,5.662908178956261,1,4.0733299969056675
2735.44558095932,5.670549906091981,1,4.069017737097193
2735.5532920360565,5.675644390849126,1,4.066142897224878
2735.659169435501,5.683286117984839,1,4.061830637416407
2735.8127720355988,5.675644390849126,1,4.066142897224878
2735.9354481697083,5.6680026637134056,1,4.0704551570333525
2736.0425310134888,5.675644390849126,1,4.066142897224878
2736.1651804447174,5.660360936577693,1,4.074767416841823
2736.288188457489,5.680738875606263,1,4.063268057352567
2736.396421432495,5.6527192094419725,1,4.079079676650298
2736.502782344818,5.6680026637134056,1,4.0704551570333525
2736.688261985779,5.665455421334837,1,4.071892576969508
2736.78005027771,5.660360936577693,1,4.074767416841823
2736.8738238811493,5.680738875606263,1,4.063268057352567
2736.999470472336,5.655266451820548,1,4.077642256714138
2737.107319831848,5.683286117984839,1,4.061830637416407
2737.247232437134,5.660360936577693,1,4.074767416841823
2737.3852903842926,5.670549906091981,1,4.069017737097193
2737.4772634506226,5.67309714847055,1,4.067580317161037
2737.5692434310913,5.665455421334837,1,4.071892576969508
2737.662818670273,5.657813694199117,1,4.076204836777983
2737.787052154541,5.67309714847055,1,4.067580317161037
2737.8778088092804,5.67309714847055,1,4.067580317161037
2737.972085237503,5.678191633227694,1,4.064705477288722
2738.0642263889313,5.655266451820548,1,4.077642256714138
2738.157125711441,5.670549906091981,1,4.069017737097193
2738.2649912834167,5.660360936577693,1,4.074767416841823
2738.3580434322357,5.67309714847055,1,4.067580317161037
2738.4508152008057,5.662908178956261,1,4.0733299969056675
2738.5446853637695,5.6680026637134056,1,4.0704551570333525
2738.6228909492493,5.662908178956261,1,4.0733299969056675
2738.7319128513336,5.657813694199117,1,4.076204836777983
2738.810026407242,5.660360936577693,1,4.074767416841823
2738.889556646347,5.662908178956261,1,4.0733299969056675
2738.966870069504,5.660360936577693,1,4.074767416841823
2739.0463376045227,5.6527192094419725,1,4.079079676650298
2739.1260764598846,5.660360936577693,1,4.074767416841823
2739.2180421352386,5.662908178956261,1,4.0733299969056675
2739.2950205802917,5.665455421334837,1,4.071892576969508
2739.3736877441406,5.6680026637134056,1,4.0704551570333525
2739.4515047073364,5.662908178956261,1,4.0733299969056675
2739.543287754059,5.67309714847055,1,4.067580317161037
2739.6215913295746,5.662908178956261,1,4.0733299969056675
2739.713549375534,5.662908178956261,1,4.0733299969056675
2739.7914230823517,5.6680026637134056,1,4.0704551570333525
2739.8702154159546,5.67309714847055,1,4.067580317161037
2739.9467594623566,5.678191633227694,1,4.064705477288722
2740.038595199585,5.678191633227694,1,4.064705477288722
2740.1173634529114,5.662908178956261,1,4.0733299969056675
2740.2085914611816,5.678191633227694,1,4.064705477288722
2740.2854993343353,5.665455421334837,1,4.071892576969508
2740.3945395946503,5.670549906091981,1,4.069017737097193
2740.472177505493,5.67309714847055,1,4.067580317161037
2740.5495142936707,5.6680026637134056,1,4.0704551570333525
2740.640707015991,5.680738875606263,1,4.063268057352567
2740.751371383667,5.662908178956261,1,4.0733299969056675
2740.8590788841248,5.662908178956261,1,4.0733299969056675
2740.9518308639526,5.660360936577693,1,4.074767416841823
2741.0445833206177,5.655266451820548,1,4.077642256714138
2741.1366605758667,5.6680026637134056,1,4.0704551570333525
2741.215704679489,5.650171967063404,1,4.080517096586453
2741.2935791015625,5.650171967063404,1,4.080517096586453
2741.3717403411865,5.67309714847055,1,4.067580317161037
2741.447986602783,5.650171967063404,1,4.080517096586453
2741.5417363643646,5.678191633227694,1,4.064705477288722
2741.6335079669952,5.657813694199117,1,4.076204836777983
2741.726378440857,5.670549906091981,1,4.069017737097193
2741.8480746746063,5.660360936577693,1,4.074767416841823
2742.0006716251373,5.662908178956261,1,4.0733299969056675
2742.15425658226,5.683286117984839,1,4.061830637416407
2742.275932788849,5.665455421334837,1,4.071892576969508
2742.3995990753174,5.662908178956261,1,4.0733299969056675
2742.491152524948,5.6680026637134056,1,4.0704551570333525
2742.581847667694,5.657813694199117,1,4.076204836777983
2742.67262840271,5.675644390849126,1,4.066142897224878
2742.7948367595673,5.67309714847055,1,4.067580317161037
2742.9031686782837,5.67309714847055,1,4.067580317161037
2742.9969182014465,5.675644390849126,1,4.066142897224878
2743.09166431427,5.680738875606263,1,4.063268057352567
2743.2133395671844,5.670549906091981,1,4.069017737097193
2743.3060915470123,5.67309714847055,1,4.067580317161037
2743.4008271694183,5.660360936577693,1,4.074767416841823
2743.4786355495453,5.678191633227694,1,4.064705477288722
2743.5566511154175,5.670549906091981,1,4.069017737097193
2743.6482191085815,5.670549906091981,1,4.069017737097193
2743.7429645061493,5.678191633227694,1,4.064705477288722
2743.8377113342285,5.680738875606263,1,4.063268057352567
2743.914214849472,5.670549906091981,1,4.069017737097193
2743.9912791252136,5.675644390849126,1,4.066142897224878
2744.0689775943756,5.67309714847055,1,4.067580317161037
2744.1448373794556,5.665455421334837,1,4.071892576969508
2744.253510951996,5.67309714847055,1,4.067580317161037
2744.3922567367554,5.67309714847055,1,4.067580317161037
2744.484735250473,5.67309714847055,1,4.067580317161037
2744.562636613846,5.67309714847055,1,4.067580317161037
2744.7030942440033,5.680738875606263,1,4.063268057352567
2744.8108081817627,5.675644390849126,1,4.066142897224878
2744.8886590003967,5.67309714847055,1,4.067580317161037
2744.983633995056,5.662908178956261,1,4.0733299969056675
2745.06046462059,5.683286117984839,1,4.061830637416407
2745.1384172439575,5.683286117984839,1,4.061830637416407
2745.216705799103,5.662908178956261,1,4.0733299969056675
2745.2941012382507,5.680738875606263,1,4.063268057352567
2745.3721163272858,5.683286117984839,1,4.061830637416407
2745.451947450638,5.670549906091981,1,4.069017737097193
2745.54345703125,5.67309714847055,1,4.067580317161037
2745.6221947669983,5.683286117984839,1,4.061830637416407
2745.7020349502563,5.675644390849126,1,4.066142897224878
2745.77982711792,5.685833360363407,1,4.060393217480252
2745.8724658489227,5.696022329877696,1,4.054643537735622
2745.9523112773895,5.67309714847055,1,4.067580317161037
2746.0620169639587,5.678191633227694,1,4.064705477288722
2746.1394259929657,5.67309714847055,1,4.067580317161037
2746.2302441596985,5.675644390849126,1,4.066142897224878
2746.3240115642548,5.678191633227694,1,4.064705477288722
2746.414869785309,5.67309714847055,1,4.067580317161037
2746.508240699768,5.690927845120552,1,4.057518377607937
2746.5890786647797,5.678191633227694,1,4.064705477288722
2746.6791212558746,5.6680026637134056,1,4.0704551570333525
2746.7575418949127,5.67309714847055,1,4.067580317161037
2746.8655738830566,5.683286117984839,1,4.061830637416407
2746.958606481552,5.693475087499127,1,4.056080957671777
2747.03857755661,5.685833360363407,1,4.060393217480252
2747.1164355278015,5.675644390849126,1,4.066142897224878
2747.207493543625,5.685833360363407,1,4.060393217480252
2747.2836396694183,5.660360936577693,1,4.074767416841823
2747.361465215683,5.685833360363407,1,4.060393217480252
2747.4378752708435,5.696022329877696,1,4.054643537735622
2747.515175819397,5.680738875606263,1,4.063268057352567
2747.5932562351227,5.690927845120552,1,4.057518377607937
2747.6704580783844,5.693475087499127,1,4.056080957671777
2747.780764102936,5.678191633227694,1,4.064705477288722
2747.874537706375,5.698569572256272,1,4.053206117799462
2747.9530522823334,5.688380602741983,1,4.058955797544092
2748.0315415859222,5.6680026637134056,1,4.0704551570333525
2748.108593940735,5.683286117984839,1,4.061830637416407
2748.185784101486,5.678191633227694,1,4.064705477288722
2748.2652549743652,5.675644390849126,1,4.066142897224878
2748.357339143753,5.693475087499127,1,4.056080957671777
2748.434046983719,5.662908178956261,1,4.0733299969056675
2748.512883901596,5.685833360363407,1,4.060393217480252
2748.5893478393555,5.688380602741983,1,4.058955797544092
2748.667481660843,5.680738875606263,1,4.063268057352567
2748.7460107803345,5.6680026637134056,1,4.0704551570333525
2748.822808742523,5.685833360363407,1,4.060393217480252
2748.9182856082916,5.678191633227694,1,4.064705477288722
2748.996127843857,5.675644390849126,1,4.066142897224878
2749.073960542679,5.693475087499127,1,4.056080957671777
2749.1535561084747,5.690927845120552,1,4.057518377607937
2749.2330634593964,5.67309714847055,1,4.067580317161037
2749.3103380203247,5.685833360363407,1,4.060393217480252
2749.420421600342,5.688380602741983,1,4.058955797544092
2749.4972534179688,5.67309714847055,1,4.067580317161037
2749.5752103328705,5.693475087499127,1,4.056080957671777
2749.6540076732635,5.683286117984839,1,4.061830637416407
2749.745428800583,5.680738875606263,1,4.063268057352567
2749.823746204376,5.680738875606263,1,4.063268057352567
2749.9007098674774,5.693475087499127,1,4.056080957671777
2749.994470834732,5.675644390849126,1,4.066142897224878
2750.072893857956,5.685833360363407,1,4.060393217480252
2750.1495254039764,5.693475087499127,1,4.056080957671777
2750.240668773651,5.70111681463484,1,4.051768697863307
2750.317514896393,5.693475087499127,1,4.056080957671777
2750.408813238144,5.680738875606263,1,4.063268057352567
2750.501549243927,5.678191633227694,1,4.064705477288722
2750.6092867851257,5.690927845120552,1,4.057518377607937
2750.702866792679,5.693475087499127,1,4.056080957671777
2750.781960964203,5.683286117984839,1,4.061830637416407
2750.8736202716827,5.680738875606263,1,4.063268057352567
2750.967437982559,5.685833360363407,1,4.060393217480252
2751.0459382534027,5.685833360363407,1,4.060393217480252
2751.1539256572723,5.683286117984839,1,4.061830637416407
2751.232736349106,5.680738875606263,1,4.063268057352567
2751.311525821686,5.685833360363407,1,4.060393217480252
2751.404356479645,5.683286117984839,1,4.061830637416407
2751.4833011627197,5.678191633227694,1,4.064705477288722
2751.5760431289673,5.693475087499127,1,4.056080957671777
2751.6537442207336,5.696022329877696,1,4.054643537735622
2751.7325444221497,5.678191633227694,1,4.064705477288722
2751.811598777771,5.683286117984839,1,4.061830637416407
2751.903788089752,5.688380602741983,1,4.058955797544092
2751.982796907425,5.680738875606263,1,4.063268057352567
2752.059632539749,5.688380602741983,1,4.058955797544092
2752.136740207672,5.696022329877696,1,4.054643537735622
2752.2135746479034,5.693475087499127,1,4.056080957671777
2752.3046147823334,5.685833360363407,1,4.060393217480252
2752.415456533432,5.67309714847055,1,4.067580317161037
2752.493015050888,5.688380602741983,1,4.058955797544092
2752.569936275482,5.688380602741983,1,4.058955797544092
2752.6494891643524,5.685833360363407,1,4.060393217480252
2752.7273371219635,5.690927845120552,1,4.057518377607937
2752.850826740265,5.680738875606263,1,4.063268057352567
2752.9285871982574,5.675644390849126,1,4.066142897224878
2753.00514960289,5.680738875606263,1,4.063268057352567
2753.0825452804565,5.683286117984839,1,4.061830637416407
2753.159853696823,5.678191633227694,1,4.064705477288722
2753.2376766204834,5.683286117984839,1,4.061830637416407
2753.3167686462402,5.685833360363407,1,4.060393217480252
2753.396570920944,5.683286117984839,1,4.061830637416407
2753.489326477051,5.688380602741983,1,4.058955797544092
2753.567395210266,5.693475087499127,1,4.056080957671777
2753.644653558731,5.680738875606263,1,4.063268057352567
2753.721016407013,5.696022329877696,1,4.054643537735622
2753.7990248203278,5.675644390849126,1,4.066142897224878
2753.8767647743225,5.693475087499127,1,4.056080957671777
2753.95396566391,5.698569572256272,1,4.053206117799462
2754.031636238098,5.680738875606263,1,4.063268057352567
2754.109274148941,5.696022329877696,1,4.054643537735622
2754.1869039535522,5.685833360363407,1,4.060393217480252
2754.2663605213165,5.675644390849126,1,4.066142897224878
2754.345013141632,5.688380602741983,1,4.058955797544092
2754.450756072998,5.675644390849126,1,4.066142897224878
2754.5285460948944,5.690927845120552,1,4.057518377607937
2754.606335401535,5.696022329877696,1,4.054643537735622
2754.700044155121,5.683286117984839,1,4.061830637416407
2754.777541399002,5.688380602741983,1,4.058955797544092
2754.8552815914154,5.688380602741983,1,4.058955797544092
2754.9330728054047,5.685833360363407,1,4.060393217480252
2755.012596130371,5.685833360363407,1,4.060393217480252
2755.091113090515,5.693475087499127,1,4.056080957671777
2755.1683287620544,5.693475087499127,1,4.056080957671777
2755.244945049286,5.693475087499127,1,4.056080957671777
2755.336849927902,5.713853026527698,1,4.044581598182521
2755.4142212867737,5.693475087499127,1,4.056080957671777
2755.49352312088,5.698569572256272,1,4.053206117799462
2755.585438966751,5.683286117984839,1,4.061830637416407
2755.662832260132,5.690927845120552,1,4.057518377607937
2755.757597923279,5.690927845120552,1,4.057518377607937
2755.8349318504333,5.688380602741983,1,4.058955797544092
2755.927013874054,5.632341270413402,1,4.0905790361395535
2756.0070462226868,5.693475087499127,1,4.056080957671777
2756.1167330741882,5.675644390849126,1,4.066142897224878
2756.1941664218903,5.696022329877696,1,4.054643537735622
2756.271512746811,5.70111681463484,1,4.051768697863307
2756.3495993614197,5.67309714847055,1,4.067580317161037
2756.4280128479004,5.693475087499127,1,4.056080957671777
2756.5200049877167,5.703664057013416,1,4.050331277927147
2756.598743915558,5.683286117984839,1,4.061830637416407
2756.6781084537506,5.688380602741983,1,4.058955797544092
2756.769624710083,5.696022329877696,1,4.054643537735622
2756.849586725235,5.683286117984839,1,4.061830637416407
2756.9403092861176,5.703664057013416,1,4.050331277927147
2757.031544446945,5.685833360363407,1,4.060393217480252
2757.1115798950195,5.693475087499127,1,4.056080957671777
2757.189447402954,5.718947511284842,1,4.041706758310205
2757.2668149471283,5.690927845120552,1,4.057518377607937
2757.3438386917114,5.698569572256272,1,4.053206117799462
2757.4217002391815,5.698569572256272,1,4.053206117799462
2757.5002069473267,5.690927845120552,1,4.057518377607937
2757.577891111374,5.708758541770553,1,4.0474564380548355
2757.6568672657013,5.698569572256272,1,4.053206117799462
2757.765711784363,5.693475087499127,1,4.056080957671777
2757.844485759735,5.703664057013416,1,4.050331277927147
2757.920135974884,5.698569572256272,1,4.053206117799462
2757.998961687088,5.696022329877696,1,4.054643537735622
2758.0927386283875,5.693475087499127,1,4.056080957671777
2758.1695930957794,5.703664057013416,1,4.050331277927147
2758.2477724552155,5.703664057013416,1,4.050331277927147
2758.326490163803,5.706211299391985,1,4.048893857990992
2758.4034702777863,5.708758541770553,1,4.0474564380548355
2758.48335981369,5.696022329877696,1,4.054643537735622
2758.5632231235504,5.703664057013416,1,4.050331277927147
2758.6407334804535,5.693475087499127,1,4.056080957671777
2758.7205622196198,5.706211299391985,1,4.048893857990992
2758.7964017391205,5.706211299391985,1,4.048893857990992
2758.871735572815,5.706211299391985,1,4.048893857990992
2758.950007915497,5.693475087499127,1,4.056080957671777
2759.0283517837524,5.703664057013416,1,4.050331277927147
2759.104835510254,5.711305784149129,1,4.046019018118677
2759.198202610016,5.693475087499127,1,4.056080957671777
2759.275762796402,5.703664057013416,1,4.050331277927147
2759.384022951126,5.698569572256272,1,4.053206117799462
2759.463012933731,5.708758541770553,1,4.0474564380548355
2759.5406370162964,5.706211299391985,1,4.048893857990992
2759.619885444641,5.696022329877696,1,4.054643537735622
2759.6991686820984,5.688380602741983,1,4.058955797544092
2759.7748987674713,5.696022329877696,1,4.054643537735622
2759.850958585739,5.703664057013416,1,4.050331277927147
2759.9299750328064,5.696022329877696,1,4.054643537735622
2760.0077188014984,5.713853026527698,1,4.044581598182521
2760.087769508362,5.718947511284842,1,4.041706758310205
2760.166604280472,5.70111681463484,1,4.051768697863307
2760.2432441711426,5.696022329877696,1,4.054643537735622
2760.3220553398132,5.693475087499127,1,4.056080957671777
2760.4168860912323,5.70111681463484,1,4.051768697863307
2760.4928381443024,5.696022329877696,1,4.054643537735622
2760.571941137314,5.698569572256272,1,4.053206117799462
2760.64790391922,5.685833360363407,1,4.060393217480252
2760.738824367523,5.706211299391985,1,4.048893857990992
2760.8166337013245,5.698569572256272,1,4.053206117799462
2760.894464492798,5.688380602741983,1,4.058955797544092
2761.003788471222,5.716400268906273,1,4.0431441782463615
2761.0816910266876,5.696022329877696,1,4.054643537735622
2761.157469034195,5.703664057013416,1,4.050331277927147
2761.233841896057,5.708758541770553,1,4.0474564380548355
2761.3116776943207,5.703664057013416,1,4.050331277927147
2761.390523672104,5.716400268906273,1,4.0431441782463615
2761.4832751750946,5.70111681463484,1,4.051768697863307
2761.560307741165,5.690927845120552,1,4.057518377607937
2761.6360397338867,5.713853026527698,1,4.044581598182521
2761.7149443626404,5.693475087499127,1,4.056080957671777
2761.793347597122,5.708758541770553,1,4.0474564380548355
2761.869322538376,5.716400268906273,1,4.0431441782463615
2761.9480650424957,5.696022329877696,1,4.054643537735622
2762.0412051677704,5.724041996041986,1,4.038831918437891
2762.1188204288483,5.713853026527698,1,4.044581598182521
2762.197637319565,5.696022329877696,1,4.054643537735622
2762.288772583008,5.696022329877696,1,4.054643537735622
2762.365946292877,5.685833360363407,1,4.060393217480252
2762.444043636322,5.713853026527698,1,4.044581598182521
2762.5215032100677,5.706211299391985,1,4.048893857990992
2762.627263069153,5.698569572256272,1,4.053206117799462
2762.7036406993866,5.708758541770553,1,4.0474564380548355
2762.7814877033234,5.698569572256272,1,4.053206117799462
2762.8588099479675,5.713853026527698,1,4.044581598182521
2762.938601255417,5.708758541770553,1,4.0474564380548355
2763.015625,5.696022329877696,1,4.054643537735622
2763.092817544937,5.703664057013416,1,4.050331277927147
2763.1706449985504,5.711305784149129,1,4.046019018118677
2763.249491453171,5.716400268906273,1,4.0431441782463615
2763.3262882232666,5.713853026527698,1,4.044581598182521
2763.4056510925293,5.711305784149129,1,4.046019018118677
2763.4826378822327,5.711305784149129,1,4.046019018118677
2763.56046462059,5.696022329877696,1,4.054643537735622
2763.63853597641,5.713853026527698,1,4.044581598182521
2763.731179714203,5.708758541770553,1,4.0474564380548355
2763.8259229660034,5.703664057013416,1,4.050331277927147
2763.903835773468,5.706211299391985,1,4.048893857990992
2763.979806661606,5.696022329877696,1,4.054643537735622
2764.059693336487,5.706211299391985,1,4.048893857990992
2764.1356287002563,5.713853026527698,1,4.044581598182521
2764.2449140548706,5.716400268906273,1,4.0431441782463615
2764.323019504547,5.713853026527698,1,4.044581598182521
2764.401677131653,5.721494753663418,1,4.0402693383740464
2764.478569507599,5.708758541770553,1,4.0474564380548355
2764.5559451580048,5.716400268906273,1,4.0431441782463615
2764.6358308792114,5.706211299391985,1,4.048893857990992
2764.7132477760315,5.711305784149129,1,4.046019018118677
2764.7918388843536,5.716400268906273,1,4.0431441782463615
2764.886142730713,5.713853026527698,1,4.044581598182521
2764.9959115982056,5.703664057013416,1,4.050331277927147
2765.0732395648956,5.721494753663418,1,4.0402693383740464
2765.164248943329,5.706211299391985,1,4.048893857990992
2765.2430448532104,5.721494753663418,1,4.0402693383740464
2765.3215656280518,5.724041996041986,1,4.038831918437891
2765.399475812912,5.716400268906273,1,4.0431441782463615
2765.4788868427277,5.703664057013416,1,4.050331277927147
2765.5567996501923,5.713853026527698,1,4.044581598182521
2765.634019613266,5.721494753663418,1,4.0402693383740464
2765.713713169098,5.713853026527698,1,4.044581598182521
2765.7908794879913,5.713853026527698,1,4.044581598182521
2765.8990218639374,5.706211299391985,1,4.048893857990992
2765.977063179016,5.706211299391985,1,4.048893857990992
2766.070773601532,5.711305784149129,1,4.046019018118677
2766.163633823395,5.706211299391985,1,4.048893857990992
2766.2414100170135,5.713853026527698,1,4.044581598182521
2766.319310903549,5.724041996041986,1,4.038831918437891
2766.396743297577,5.716400268906273,1,4.0431441782463615
2766.473524093628,5.713853026527698,1,4.044581598182521
2766.550998687744,5.711305784149129,1,4.046019018118677
2766.628602743149,5.708758541770553,1,4.0474564380548355
2766.706085920334,5.721494753663418,1,4.0402693383740464
2766.7838797569275,5.716400268906273,1,4.0431441782463615
2766.8617680072784,5.711305784149129,1,4.046019018118677
2766.938602924347,5.721494753663418,1,4.0402693383740464
2767.0323519706726,5.706211299391985,1,4.048893857990992
2767.1101443767548,5.708758541770553,1,4.0474564380548355
2767.20489358902,5.713853026527698,1,4.044581598182521
2767.282723426819,5.708758541770553,1,4.0474564380548355
2767.3605904579163,5.698569572256272,1,4.053206117799462
2767.438487291336,5.721494753663418,1,4.0402693383740464
2767.546447992325,5.703664057013416,1,4.050331277927147
2767.62318277359,5.716400268906273,1,4.0431441782463615
2767.7015261650085,5.713853026527698,1,4.044581598182521
2767.7804629802704,5.70111681463484,1,4.051768697863307
2767.8604006767273,5.713853026527698,1,4.044581598182521
2767.952718734741,5.716400268906273,1,4.0431441782463615
2768.032641887665,5.711305784149129,1,4.046019018118677
2768.1104459762573,5.721494753663418,1,4.0402693383740464
2768.1882469654083,5.721494753663418,1,4.0402693383740464
2768.2660596370697,5.713853026527698,1,4.044581598182521
2768.3588213920593,5.708758541770553,1,4.0474564380548355
2768.4356455802917,5.726589238420562,1,4.037394498501731
2768.527631521225,5.70111681463484,1,4.051768697863307
2768.606702566147,5.706211299391985,1,4.048893857990992
2768.6987290382385,5.711305784149129,1,4.046019018118677
2768.7776396274567,5.698569572256272,1,4.053206117799462
2768.855430841446,5.734230965556275,1,4.033082238693261
2768.9328906536102,5.703664057013416,1,4.050331277927147
2769.010293006897,5.716400268906273,1,4.0431441782463615
2769.0891664028168,5.721494753663418,1,4.0402693383740464
2769.1959023475647,5.703664057013416,1,4.050331277927147
2769.272008419037,5.724041996041986,1,4.038831918437891
2769.347771167755,5.711305784149129,1,4.046019018118677
2769.4265611171722,5.713853026527698,1,4.044581598182521
2769.5203199386597,5.716400268906273,1,4.0431441782463615
2769.6105654239655,5.713853026527698,1,4.044581598182521
2769.703399658203,5.721494753663418,1,4.0402693383740464
2769.780238866806,5.708758541770553,1,4.0474564380548355
2769.8715991973877,5.729136480799131,1,4.035957078565575
2769.9494173526764,5.724041996041986,1,4.038831918437891
2770.0289556980133,5.713853026527698,1,4.044581598182521
2770.1378252506256,5.716400268906273,1,4.0431441782463615
2770.2760033607483,5.706211299391985,1,4.048893857990992
2770.385712146759,5.729136480799131,1,4.035957078565575
2770.4954183101654,5.716400268906273,1,4.0431441782463615
2770.605124950409,5.724041996041986,1,4.038831918437891
2770.7008550167084,5.736778207934844,1,4.031644818757105
2770.7769396305084,5.708758541770553,1,4.0474564380548355
2770.8557159900665,5.734230965556275,1,4.033082238693261
2770.9664199352264,5.721494753663418,1,4.0402693383740464
2771.0910861492157,5.721494753663418,1,4.0402693383740464
2771.168908596039,5.713853026527698,1,4.044581598182521
2771.2616641521454,5.718947511284842,1,4.041706758310205
2771.355985403061,5.724041996041986,1,4.038831918437891
2771.434021472931,5.734230965556275,1,4.033082238693261
2771.5108065605164,5.713853026527698,1,4.044581598182521
2771.590100288391,5.718947511284842,1,4.041706758310205
2771.667992591858,5.7316837231777065,1,4.034519658629416
2771.761607646942,5.716400268906273,1,4.0431441782463615
2771.884839773178,5.726589238420562,1,4.037394498501731
2771.9765939712524,5.708758541770553,1,4.0474564380548355
2772.0693485736847,5.716400268906273,1,4.0431441782463615
2772.160106420517,5.716400268906273,1,4.0431441782463615
2772.252394914627,5.724041996041986,1,4.038831918437891
2772.34414935112,5.718947511284842,1,4.041706758310205
2772.4369010925293,5.726589238420562,1,4.037394498501731
2772.5316491127014,5.729136480799131,1,4.035957078565575
2772.6394052505493,5.736778207934844,1,4.031644818757105
2772.732663631439,5.716400268906273,1,4.0431441782463615
2772.823988676071,5.716400268906273,1,4.0431441782463615
2772.945412874222,5.713853026527698,1,4.044581598182521
2773.0406658649445,5.716400268906273,1,4.0431441782463615
2773.1339247226715,5.724041996041986,1,4.038831918437891
2773.22966837883,5.716400268906273,1,4.0431441782463615
2773.3363823890686,5.734230965556275,1,4.033082238693261
2773.429134607315,5.726589238420562,1,4.037394498501731
2773.52188706398,5.729136480799131,1,4.035957078565575
2773.61563539505,5.724041996041986,1,4.038831918437891
2773.7096753120422,5.713853026527698,1,4.044581598182521
2773.7895181179047,5.718947511284842,1,4.041706758310205
2773.8806426525116,5.726589238420562,1,4.037394498501731
2773.974396467209,5.7316837231777065,1,4.034519658629416
2774.067147254944,5.729136480799131,1,4.035957078565575
2774.1588158607483,5.726589238420562,1,4.037394498501731
2774.2528414726257,5.726589238420562,1,4.037394498501731
2774.3285167217255,5.716400268906273,1,4.0431441782463615
2774.420283794403,5.718947511284842,1,4.041706758310205
2774.514105796814,5.718947511284842,1,4.041706758310205
2774.6078600883484,5.724041996041986,1,4.038831918437891
2774.7016937732697,5.721494753663418,1,4.0402693383740464
2774.8098344802856,5.726589238420562,1,4.037394498501731
2774.8878169059753,5.721494753663418,1,4.0402693383740464
2774.9663410186768,5.726589238420562,1,4.037394498501731
2775.044640302658,5.708758541770553,1,4.0474564380548355
2775.1370265483856,5.7316837231777065,1,4.034519658629416
2775.229816198349,5.724041996041986,1,4.038831918437891
2775.3235659599304,5.724041996041986,1,4.038831918437891
2775.4190135002136,5.744419935070564,1,4.027332558948631
2775.4960300922394,5.724041996041986,1,4.038831918437891
2775.573652744293,5.716400268906273,1,4.0431441782463615
2775.6524415016174,5.724041996041986,1,4.038831918437891
2775.7441976070404,5.711305784149129,1,4.046019018118677
2775.835998058319,5.734230965556275,1,4.033082238693261
2775.926846265793,5.711305784149129,1,4.046019018118677
2776.0187017917633,5.721494753663418,1,4.0402693383740464
2776.112841129303,5.708758541770553,1,4.0474564380548355
2776.20378947258,5.736778207934844,1,4.031644818757105
2776.2816033363342,5.726589238420562,1,4.037394498501731
2776.3733925819397,5.729136480799131,1,4.035957078565575
2776.465425491333,5.716400268906273,1,4.0431441782463615
2776.574523448944,5.729136480799131,1,4.035957078565575
2776.6660141944885,5.721494753663418,1,4.0402693383740464
2776.7577929496765,5.716400268906273,1,4.0431441782463615
2776.8368225097656,5.7316837231777065,1,4.034519658629416
2776.914111852646,5.736778207934844,1,4.031644818757105
2776.9937059879303,5.716400268906273,1,4.0431441782463615
2777.087559938431,5.729136480799131,1,4.035957078565575
2777.179827451706,5.7316837231777065,1,4.034519658629416
2777.272590637207,5.721494753663418,1,4.0402693383740464
2777.3630878925323,5.734230965556275,1,4.033082238693261
2777.4554512500763,5.724041996041986,1,4.038831918437891
2777.54860162735,5.729136480799131,1,4.035957078565575
2777.6403567790985,5.724041996041986,1,4.038831918437891
2777.7331414222717,5.7316837231777065,1,4.034519658629416
2777.8268942832947,5.716400268906273,1,4.0431441782463615
2777.9067752361298,5.729136480799131,1,4.035957078565575
2778.000641822815,5.734230965556275,1,4.033082238693261
2778.0936422348022,5.713853026527698,1,4.044581598182521
2778.170456647873,5.736778207934844,1,4.031644818757105
2778.2473294734955,5.736778207934844,1,4.031644818757105
2778.358609199524,5.721494753663418,1,4.0402693383740464
2778.436545610428,5.729136480799131,1,4.035957078565575
2778.5273032188416,5.713853026527698,1,4.044581598182521
2778.604764699936,5.724041996041986,1,4.038831918437891
2778.6815843582153,5.7316837231777065,1,4.034519658629416
2778.7739198207855,5.718947511284842,1,4.041706758310205
2778.8532021045685,5.726589238420562,1,4.037394498501731
2778.9306762218475,5.7316837231777065,1,4.034519658629416
2779.0065507888794,5.729136480799131,1,4.035957078565575
2779.0856354236603,5.734230965556275,1,4.033082238693261
2779.1640293598175,5.726589238420562,1,4.037394498501731
2779.2409982681274,5.724041996041986,1,4.038831918437891
2779.3193819522858,5.734230965556275,1,4.033082238693261
2779.3962111473083,5.726589238420562,1,4.037394498501731
2779.4739084243774,5.729136480799131,1,4.035957078565575
2779.550365447998,5.7316837231777065,1,4.034519658629416
2779.6282625198364,5.724041996041986,1,4.038831918437891
2779.7056365013123,5.734230965556275,1,4.033082238693261
2779.78368806839,5.741872692691988,1,4.028769978884791
2779.8787746429443,5.716400268906273,1,4.0431441782463615
2779.988059282303,5.7316837231777065,1,4.034519658629416
2780.065975189209,5.729136480799131,1,4.035957078565575
2780.1429221630096,5.721494753663418,1,4.0402693383740464
2780.2347779273987,5.744419935070564,1,4.027332558948631
2780.3115804195404,5.718947511284842,1,4.041706758310205
2780.388092517853,5.734230965556275,1,4.033082238693261
2780.468019962311,5.734230965556275,1,4.033082238693261
2780.5462667942047,5.734230965556275,1,4.033082238693261
2780.6225049495697,5.7316837231777065,1,4.034519658629416
2780.7016372680664,5.741872692691988,1,4.028769978884791
2780.7804551124573,5.7316837231777065,1,4.034519658629416
2780.857271194458,5.7316837231777065,1,4.034519658629416
2780.937089204788,5.746967177449132,1,4.025895139012475
2781.0318207740784,5.736778207934844,1,4.031644818757105
2781.109044313431,5.736778207934844,1,4.031644818757105
2781.1868000030518,5.741872692691988,1,4.028769978884791
2781.264666080475,5.7393254503134195,1,4.030207398820945
2781.34073638916,5.734230965556275,1,4.033082238693261
2781.4176852703094,5.734230965556275,1,4.033082238693261
2781.4952976703644,5.736778207934844,1,4.031644818757105
2781.603076696396,5.7393254503134195,1,4.030207398820945
2781.6829040050507,5.729136480799131,1,4.035957078565575
2781.7595121860504,5.724041996041986,1,4.038831918437891
2781.837352991104,5.729136480799131,1,4.035957078565575
2781.913900613785,5.7316837231777065,1,4.034519658629416
2781.991806745529,5.734230965556275,1,4.033082238693261
2782.068656682968,5.7393254503134195,1,4.030207398820945
2782.1594138145447,5.721494753663418,1,4.0402693383740464
2782.23526930809,5.749514419827708,1,4.024457719076315
2782.311887741089,5.718947511284842,1,4.041706758310205
2782.3897004127502,5.729136480799131,1,4.035957078565575
2782.4675085544586,5.734230965556275,1,4.033082238693261
2782.545970916748,5.729136480799131,1,4.035957078565575
2782.6250796318054,5.718947511284842,1,4.041706758310205
2782.702868938446,5.7316837231777065,1,4.034519658629416
2782.779753923416,5.7393254503134195,1,4.030207398820945
2782.8576793670654,5.7316837231777065,1,4.034519658629416
2782.935966014862,5.7316837231777065,1,4.034519658629416
2783.012840986252,5.734230965556275,1,4.033082238693261
2783.0908603668213,5.718947511284842,1,4.041706758310205
2783.200632095337,5.744419935070564,1,4.027332558948631
2783.2804424762726,5.734230965556275,1,4.033082238693261
2783.374310731888,5.724041996041986,1,4.038831918437891
2783.45126080513,5.749514419827708,1,4.024457719076315
2783.53018951416,5.749514419827708,1,4.024457719076315
2783.607028722763,5.729136480799131,1,4.035957078565575
2783.6979360580444,5.734230965556275,1,4.033082238693261
2783.7740108966827,5.729136480799131,1,4.035957078565575
2783.850755214691,5.736778207934844,1,4.031644818757105
2783.9425053596497,5.7316837231777065,1,4.034519658629416
2784.0213301181793,5.734230965556275,1,4.033082238693261
2784.1129071712494,5.7316837231777065,1,4.034519658629416
2784.1897020339966,5.734230965556275,1,4.033082238693261
2784.2826113700867,5.749514419827708,1,4.024457719076315
2784.373400449753,5.724041996041986,1,4.038831918437891
2784.45126247406,5.741872692691988,1,4.028769978884791
2784.529077529907,5.724041996041986,1,4.038831918437891
2784.605285167694,5.726589238420562,1,4.037394498501731
2784.6842546463013,5.741872692691988,1,4.028769978884791
2784.763931751251,5.7393254503134195,1,4.030207398820945
2784.8727056980133,5.736778207934844,1,4.031644818757105
2784.949056148529,5.744419935070564,1,4.027332558948631
2785.026629924774,5.724041996041986,1,4.038831918437891
2785.1039962768555,5.729136480799131,1,4.035957078565575
2785.182643890381,5.736778207934844,1,4.031644818757105
2785.2616658210754,5.734230965556275,1,4.033082238693261
2785.3384902477264,5.749514419827708,1,4.024457719076315
2785.416312932968,5.744419935070564,1,4.027332558948631
2785.4946727752686,5.736778207934844,1,4.031644818757105
2785.5866680145264,5.734230965556275,1,4.033082238693261
2785.664698600769,5.744419935070564,1,4.027332558948631
2785.743156194687,5.734230965556275,1,4.033082238693261
2785.820773124695,5.734230965556275,1,4.033082238693261
2785.898572206497,5.744419935070564,1,4.027332558948631
2785.977623462677,5.7316837231777065,1,4.034519658629416
2786.05468082428,5.726589238420562,1,4.037394498501731
2786.132901906967,5.752061662206277,1,4.0230202991401605
2786.2118306159973,5.734230965556275,1,4.033082238693261
2786.289308309555,5.726589238420562,1,4.037394498501731
2786.3681802749634,5.741872692691988,1,4.028769978884791
2786.475122451782,5.729136480799131,1,4.035957078565575
2786.552097558975,5.734230965556275,1,4.033082238693261
2786.630985736847,5.741872692691988,1,4.028769978884791
2786.7218899726868,5.734230965556275,1,4.033082238693261
2786.815062522888,5.734230965556275,1,4.033082238693261
2786.892023563385,5.7316837231777065,1,4.034519658629416
2786.969395637512,5.744419935070564,1,4.027332558948631
2787.0618994235992,5.736778207934844,1,4.031644818757105
2787.1382808685303,5.746967177449132,1,4.025895139012475
2787.213951587677,5.734230965556275,1,4.033082238693261
2787.291165113449,5.726589238420562,1,4.037394498501731
2787.3818016052246,5.741872692691988,1,4.028769978884791
2787.4606614112854,5.734230965556275,1,4.033082238693261
2787.538474559784,5.7546089045848525,1,4.021582879204001
2787.6170954704285,5.746967177449132,1,4.025895139012475
2787.6939985752106,5.7316837231777065,1,4.034519658629416
2787.771093606949,5.752061662206277,1,4.0230202991401605
2787.849822998047,5.741872692691988,1,4.028769978884791
2787.940397500992,5.729136480799131,1,4.035957078565575
2788.015892267227,5.7316837231777065,1,4.034519658629416
2788.124678134918,5.7393254503134195,1,4.030207398820945
2788.2026953697205,5.744419935070564,1,4.027332558948631
2788.28067779541,5.7393254503134195,1,4.030207398820945
2788.3556292057037,5.734230965556275,1,4.033082238693261
2788.4325370788574,5.744419935070564,1,4.027332558948631
2788.512521982193,5.741872692691988,1,4.028769978884791
2788.5903763771057,5.729136480799131,1,4.035957078565575
2788.6701674461365,5.741872692691988,1,4.028769978884791
2788.74986243248,5.744419935070564,1,4.027332558948631
2788.8279354572296,5.7316837231777065,1,4.034519658629416
2788.907710313797,5.736778207934844,1,4.031644818757105
2789.000482559204,5.741872692691988,1,4.028769978884791
2789.09317946434,5.729136480799131,1,4.035957078565575
2789.172796010971,5.734230965556275,1,4.033082238693261
2789.2506155967712,5.7546089045848525,1,4.021582879204001
2789.327305316925,5.734230965556275,1,4.033082238693261
2789.4040381908417,5.749514419827708,1,4.024457719076315
2789.4818003177643,5.749514419827708,1,4.024457719076315
2789.5596339702606,5.744419935070564,1,4.027332558948631
2789.639626979828,5.744419935070564,1,4.027332558948631
2789.749480485916,5.744419935070564,1,4.027332558948631
2789.8272230625153,5.729136480799131,1,4.035957078565575
2789.9185767173767,5.757156146963421,1,4.0201454592678445
2789.9965279102325,5.759703389341997,1,4.018708039331685
2790.0753581523895,5.734230965556275,1,4.033082238693261
2790.168411254883,5.752061662206277,1,4.0230202991401605
2790.2460367679596,5.7316837231777065,1,4.034519658629416
2790.3256611824036,5.7316837231777065,1,4.034519658629416
2790.4051201343536,5.7393254503134195,1,4.030207398820945
2790.481237411499,5.746967177449132,1,4.025895139012475
2790.5610024929047,5.7316837231777065,1,4.034519658629416
2790.6376328468323,5.749514419827708,1,4.024457719076315
2790.7156257629395,5.736778207934844,1,4.031644818757105
2790.79501247406,5.7393254503134195,1,4.030207398820945
2790.870862007141,5.741872692691988,1,4.028769978884791
2790.947815179825,5.752061662206277,1,4.0230202991401605
2791.024791955948,5.7316837231777065,1,4.034519658629416
2791.1043100357056,5.7316837231777065,1,4.034519658629416
2791.182092189789,5.7546089045848525,1,4.021582879204001
2791.2609791755676,5.7546089045848525,1,4.021582879204001
2791.3713331222534,5.741872692691988,1,4.028769978884791
2791.449684381485,5.741872692691988,1,4.028769978884791
2791.5291545391083,5.744419935070564,1,4.027332558948631
2791.6075954437256,5.736778207934844,1,4.031644818757105
2791.6840014457703,5.7546089045848525,1,4.021582879204001
2791.7631254196167,5.752061662206277,1,4.0230202991401605
2791.8557488918304,5.7316837231777065,1,4.034519658629416
2791.9342181682587,5.746967177449132,1,4.025895139012475
2792.012058734894,5.7546089045848525,1,4.021582879204001
2792.0898740291595,5.749514419827708,1,4.024457719076315
2792.167747735977,5.7546089045848525,1,4.021582879204001
2792.262593269348,5.744419935070564,1,4.027332558948631
2792.3397965431213,5.7393254503134195,1,4.030207398820945
2792.4398050308228,5.736778207934844,1,4.031644818757105
2792.5278503894806,5.749514419827708,1,4.024457719076315
2792.6040070056915,5.744419935070564,1,4.027332558948631
2792.681902885437,5.741872692691988,1,4.028769978884791
2792.7599773406982,5.746967177449132,1,4.025895139012475
2792.837280511856,5.752061662206277,1,4.0230202991401605
2792.9146580696106,5.752061662206277,1,4.0230202991401605
2793.024044275284,5.746967177449132,1,4.025895139012475
2793.1024622917175,5.746967177449132,1,4.025895139012475
2793.180080652237,5.746967177449132,1,4.025895139012475
2793.2579782009125,5.734230965556275,1,4.033082238693261
2793.3366959095,5.741872692691988,1,4.028769978884791
2793.4155678749084,5.759703389341997,1,4.018708039331685
2793.4934067726135,5.752061662206277,1,4.0230202991401605
2793.573225736618,5.744419935070564,1,4.027332558948631
2793.652994632721,5.7546089045848525,1,4.021582879204001
2793.7300186157227,5.757156146963421,1,4.0201454592678445
2793.8074173927307,5.7316837231777065,1,4.034519658629416
2793.887387275696,5.746967177449132,1,4.025895139012475
2793.9643108844757,5.749514419827708,1,4.024457719076315
2794.042062520981,5.7316837231777065,1,4.034519658629416
2794.1218886375427,5.744419935070564,1,4.027332558948631
2794.199909210205,5.7546089045848525,1,4.021582879204001
2794.2777767181396,5.746967177449132,1,4.025895139012475
2794.3577263355255,5.749514419827708,1,4.024457719076315
2794.434902191162,5.7622506317205655,1,4.01727061939553
2794.512917995453,5.7546089045848525,1,4.021582879204001
2794.6225938796997,5.744419935070564,1,4.027332558948631
2794.7133700847626,5.759703389341997,1,4.018708039331685
2794.791226863861,5.746967177449132,1,4.025895139012475
2794.8690736293793,5.752061662206277,1,4.0230202991401605
2794.9461171627045,5.746967177449132,1,4.025895139012475
2795.0235583782196,5.757156146963421,1,4.0201454592678445
2795.1015050411224,5.7622506317205655,1,4.01727061939553
2795.178859949112,5.752061662206277,1,4.0230202991401605
2795.2726464271545,5.757156146963421,1,4.0201454592678445
2795.351436853409,5.757156146963421,1,4.0201454592678445
2795.4298701286316,5.757156146963421,1,4.0201454592678445
2795.506133079529,5.736778207934844,1,4.031644818757105
2795.5837812423706,5.752061662206277,1,4.0230202991401605
2795.6619348526,5.749514419827708,1,4.024457719076315
2795.7418422698975,5.7316837231777065,1,4.034519658629416
2795.8205857276917,5.744419935070564,1,4.027332558948631
2795.929145336151,5.746967177449132,1,4.025895139012475
2796.007436275482,5.741872692691988,1,4.028769978884791
2796.0848939418793,5.7546089045848525,1,4.021582879204001
2796.1641385555267,5.749514419827708,1,4.024457719076315
2796.2728142738342,5.749514419827708,1,4.024457719076315
2796.349486351013,5.7546089045848525,1,4.021582879204001
2796.4286222457886,5.744419935070564,1,4.027332558948631
2796.520980119705,5.752061662206277,1,4.0230202991401605
2796.5997450351715,5.759703389341997,1,4.018708039331685
2796.679594516754,5.7698923588562785,1,4.012958359587059
2796.7555990219116,5.752061662206277,1,4.0230202991401605
2796.8326921463013,5.7622506317205655,1,4.01727061939553
2796.9124937057495,5.759703389341997,1,4.018708039331685
2797.0064482688904,5.759703389341997,1,4.018708039331685
2797.086313724518,5.7546089045848525,1,4.021582879204001
2797.1661355495453,5.752061662206277,1,4.0230202991401605
2797.2428789138794,5.7393254503134195,1,4.030207398820945
2797.320802927017,5.749514419827708,1,4.024457719076315
2797.3979058265686,5.752061662206277,1,4.0230202991401605
2797.474955558777,5.7393254503134195,1,4.030207398820945
2797.5548055171967,5.757156146963421,1,4.0201454592678445
2797.6317749023438,5.749514419827708,1,4.024457719076315
2797.707862854004,5.749514419827708,1,4.024457719076315
2797.784182548523,5.752061662206277,1,4.0230202991401605
2797.8927590847015,5.741872692691988,1,4.028769978884791
2797.971652507782,5.749514419827708,1,4.024457719076315
2798.050044775009,5.7546089045848525,1,4.021582879204001
2798.141862154007,5.734230965556275,1,4.033082238693261
2798.2338445186615,5.744419935070564,1,4.027332558948631
2798.31173992157,5.7546089045848525,1,4.021582879204001
2798.3869132995605,5.744419935070564,1,4.027332558948631
2798.4646492004395,5.7622506317205655,1,4.01727061939553
2798.542176961899,5.741872692691988,1,4.028769978884791
2798.619082927704,5.749514419827708,1,4.024457719076315
2798.697993993759,5.7546089045848525,1,4.021582879204001
2798.777760028839,5.749514419827708,1,4.024457719076315
2798.8548605442047,5.744419935070564,1,4.027332558948631
2798.9477167129517,5.741872692691988,1,4.028769978884791
2799.0270643234253,5.7546089045848525,1,4.021582879204001
2799.1183421611786,5.713853026527698,1,4.044581598182521
2799.196455478668,5.76734511647771,1,4.014395779523214
2799.27858710289,5.7546089045848525,1,4.021582879204001
2799.3668134212494,5.764797874099134,1,4.015833199459374
2799.445450782776,5.76734511647771,1,4.014395779523214
2799.553761959076,5.752061662206277,1,4.0230202991401605
2799.6335961818695,5.752061662206277,1,4.0230202991401605
2799.713449716568,5.7546089045848525,1,4.021582879204001
2799.7894520759583,5.757156146963421,1,4.0201454592678445
2799.866703748703,5.764797874099134,1,4.015833199459374
2799.9439930915833,5.752061662206277,1,4.0230202991401605
2800.019722223282,5.764797874099134,1,4.015833199459374
2800.096714735031,5.752061662206277,1,4.0230202991401605
2800.17564535141,5.7546089045848525,1,4.021582879204001
2800.2526891231537,5.752061662206277,1,4.0230202991401605
2800.3296885490417,5.757156146963421,1,4.0201454592678445
2800.4234278202057,5.757156146963421,1,4.0201454592678445
2800.5162777900696,5.759703389341997,1,4.018708039331685
2800.5934929847717,5.7546089045848525,1,4.021582879204001
2800.6725373268127,5.749514419827708,1,4.024457719076315
2800.7496852874756,5.7698923588562785,1,4.012958359587059
2800.8277485370636,5.744419935070564,1,4.027332558948631
2800.905634880066,5.744419935070564,1,4.027332558948631
2800.983524799347,5.7622506317205655,1,4.01727061939553
2801.060816049576,5.746967177449132,1,4.025895139012475
2801.168889760971,5.757156146963421,1,4.0201454592678445
2801.2476489543915,5.757156146963421,1,4.0201454592678445
2801.324635744095,5.746967177449132,1,4.025895139012475
2801.4008309841156,5.7546089045848525,1,4.021582879204001
2801.479252099991,5.757156146963421,1,4.0201454592678445
2801.559021472931,5.757156146963421,1,4.0201454592678445
2801.6508531570435,5.7546089045848525,1,4.021582879204001
2801.7296171188354,5.76734511647771,1,4.014395779523214
2801.80916595459,5.7546089045848525,1,4.021582879204001
2801.8847947120667,5.757156146963421,1,4.0201454592678445
2801.9625866413116,5.764797874099134,1,4.015833199459374
2802.03843832016,5.741872692691988,1,4.028769978884791
2802.1302938461304,5.7546089045848525,1,4.021582879204001
2802.2226333618164,5.7546089045848525,1,4.021582879204001
2802.299030303955,5.746967177449132,1,4.025895139012475
2802.375880241394,5.752061662206277,1,4.0230202991401605
2802.4557139873505,5.746967177449132,1,4.025895139012475
2802.547003507614,5.764797874099134,1,4.015833199459374
2802.6243267059326,5.759703389341997,1,4.018708039331685
2802.703469991684,5.744419935070564,1,4.027332558948631
2802.811179161072,5.76734511647771,1,4.014395779523214
2802.8888714313507,5.746967177449132,1,4.025895139012475
2802.967968225479,5.76734511647771,1,4.014395779523214
2803.043117284775,5.749514419827708,1,4.024457719076315
2803.119841337204,5.752061662206277,1,4.0230202991401605
2803.1986808776855,5.7546089045848525,1,4.021582879204001
2803.2748239040375,5.752061662206277,1,4.0230202991401605
2803.350734472275,5.764797874099134,1,4.015833199459374
2803.4279868602753,5.757156146963421,1,4.0201454592678445
2803.5048100948334,5.7622506317205655,1,4.01727061939553
2803.581818819046,5.759703389341997,1,4.018708039331685
2803.6596245765686,5.749514419827708,1,4.024457719076315
2803.735852956772,5.759703389341997,1,4.018708039331685
2803.8146839141846,5.7698923588562785,1,4.012958359587059
2803.9064395427704,5.744419935070564,1,4.027332558948631
2803.9992201328278,5.764797874099134,1,4.015833199459374
2804.0789771080017,5.757156146963421,1,4.0201454592678445
2804.1700994968414,5.7546089045848525,1,4.021582879204001
2804.2471339702606,5.774986843613423,1,4.010083519714744
2804.3240587711334,5.759703389341997,1,4.018708039331685
2804.4330394268036,5.7622506317205655,1,4.01727061939553
2804.5122396945953,5.764797874099134,1,4.015833199459374
2804.5922696590424,5.749514419827708,1,4.024457719076315
2804.668705224991,5.7622506317205655,1,4.01727061939553
2804.7466247081757,5.757156146963421,1,4.0201454592678445
2804.8244168758392,5.749514419827708,1,4.024457719076315
2804.9012088775635,5.764797874099134,1,4.015833199459374
2804.9810078144073,5.764797874099134,1,4.015833199459374
2805.0599007606506,5.759703389341997,1,4.018708039331685
2805.150568962097,5.7622506317205655,1,4.01727061939553
2805.245293855667,5.764797874099134,1,4.015833199459374
2805.338820695877,5.772439601234854,1,4.0115209396509
2805.4149672985077,5.7622506317205655,1,4.01727061939553
2805.49351644516,5.752061662206277,1,4.0230202991401605
2805.5707273483276,5.764797874099134,1,4.015833199459374
2805.6465680599213,5.7622506317205655,1,4.01727061939553
2805.7256548404694,5.7546089045848525,1,4.021582879204001
2805.802489757538,5.7546089045848525,1,4.021582879204001
2805.8797562122345,5.774986843613423,1,4.010083519714744
2805.9562299251556,5.7546089045848525,1,4.021582879204001
2806.064994573593,5.7546089045848525,1,4.021582879204001
2806.143784046173,5.7622506317205655,1,4.01727061939553
2806.221607685089,5.749514419827708,1,4.024457719076315
2806.298454284668,5.764797874099134,1,4.015833199459374
2806.3774621486664,5.764797874099134,1,4.015833199459374
2806.454943418503,5.752061662206277,1,4.0230202991401605
2806.547753095627,5.764797874099134,1,4.015833199459374
2806.62659239769,5.7546089045848525,1,4.021582879204001
2806.7044377326965,5.7698923588562785,1,4.012958359587059
2806.780420064926,5.7622506317205655,1,4.01727061939553
2806.859625816345,5.759703389341997,1,4.018708039331685
2806.939466238022,5.759703389341997,1,4.018708039331685
2807.031184196472,5.7698923588562785,1,4.012958359587059
2807.1239371299744,5.757156146963421,1,4.0201454592678445
2807.200731754303,5.774986843613423,1,4.010083519714744
2807.2934827804565,5.774986843613423,1,4.010083519714744
2807.3892724514008,5.7546089045848525,1,4.021582879204001
2807.4662585258484,5.772439601234854,1,4.0115209396509
2807.5442650318146,5.752061662206277,1,4.0230202991401605
2807.6229503154755,5.757156146963421,1,4.0201454592678445
2807.729843854904,5.7622506317205655,1,4.01727061939553
2807.8088505268097,5.7622506317205655,1,4.01727061939553
2807.886189222336,5.764797874099134,1,4.015833199459374
2807.963396549225,5.764797874099134,1,4.015833199459374
2808.0416820049286,5.7546089045848525,1,4.021582879204001
2808.119978427887,5.7546089045848525,1,4.021582879204001
2808.1943442821503,5.749514419827708,1,4.024457719076315
2808.2730000019073,5.757156146963421,1,4.0201454592678445
2808.351189136505,5.772439601234854,1,4.0115209396509
2808.4427313804626,5.752061662206277,1,4.0230202991401605
2808.5360989570618,5.772439601234854,1,4.0115209396509
2808.613587141037,5.7546089045848525,1,4.021582879204001
2808.6904792785645,5.774986843613423,1,4.010083519714744
2808.7696928977966,5.764797874099134,1,4.015833199459374
2808.8476688861847,5.7546089045848525,1,4.021582879204001
2808.9249250888824,5.7622506317205655,1,4.01727061939553
2809.002908706665,5.7622506317205655,1,4.01727061939553
2809.080357313156,5.780081328370567,1,4.007208679842429
2809.1569817066193,5.757156146963421,1,4.0201454592678445
2809.2349371910095,5.759703389341997,1,4.018708039331685
2809.343619823456,5.759703389341997,1,4.018708039331685
2809.4226553440094,5.757156146963421,1,4.0201454592678445
2809.516241788864,5.777534085991999,1,4.008646099778584
2809.609159708023,5.7622506317205655,1,4.01727061939553
2809.704866170883,5.757156146963421,1,4.0201454592678445
2809.78009724617,5.76734511647771,1,4.014395779523214
2809.859262228012,5.7698923588562785,1,4.012958359587059
2809.9366431236267,5.757156146963421,1,4.0201454592678445
2810.0132570266724,5.76734511647771,1,4.014395779523214
2810.0925393104553,5.7698923588562785,1,4.012958359587059
2810.1726355552673,5.7698923588562785,1,4.012958359587059
2810.250091791153,5.7698923588562785,1,4.012958359587059
2810.328224182129,5.777534085991999,1,4.008646099778584
2810.40811753273,5.764797874099134,1,4.015833199459374
2810.485694885254,5.7698923588562785,1,4.012958359587059
2810.563930749893,5.764797874099134,1,4.015833199459374
2810.643548965454,5.752061662206277,1,4.0230202991401605
2810.7204065322876,5.7546089045848525,1,4.021582879204001
2810.814872980118,5.76734511647771,1,4.014395779523214
2810.8928668498993,5.757156146963421,1,4.0201454592678445
2811.000643014908,5.772439601234854,1,4.0115209396509
2811.0764338970184,5.764797874099134,1,4.015833199459374
2811.155368089676,5.7622506317205655,1,4.01727061939553
2811.2316472530365,5.7698923588562785,1,4.012958359587059
2811.3243939876556,5.772439601234854,1,4.0115209396509
2811.4178698062897,5.7698923588562785,1,4.012958359587059
2811.5104155540466,5.713853026527698,1,4.044581598182521
2811.604855298996,5.757156146963421,1,4.0201454592678445
2811.695636987686,5.764797874099134,1,4.015833199459374
2811.7746880054474,5.7698923588562785,1,4.012958359587059
2811.8508682250977,5.7546089045848525,1,4.021582879204001
2811.940589427948,5.7622506317205655,1,4.01727061939553
2812.0194861888885,5.76734511647771,1,4.014395779523214
2812.1116518974304,5.764797874099134,1,4.015833199459374
2812.2038679122925,5.772439601234854,1,4.0115209396509
2812.281661748886,5.777534085991999,1,4.008646099778584
2812.3726437091827,5.76734511647771,1,4.014395779523214
2812.4500646591187,5.7698923588562785,1,4.012958359587059
2812.54575920105,5.774986843613423,1,4.010083519714744
2812.6369762420654,5.780081328370567,1,4.007208679842429
2812.7630767822266,5.777534085991999,1,4.008646099778584
2812.8548290729523,5.764797874099134,1,4.015833199459374
2812.950573682785,5.7698923588562785,1,4.012958359587059
2813.0443229675293,5.76734511647771,1,4.014395779523214
2813.139069080353,5.76734511647771,1,4.014395779523214
2813.2182881832123,5.774986843613423,1,4.010083519714744
2813.295574426651,5.774986843613423,1,4.010083519714744
2813.373637199402,5.7698923588562785,1,4.012958359587059
2813.4516887664795,5.7698923588562785,1,4.012958359587059
2813.5437757968903,5.76734511647771,1,4.014395779523214
2813.6216180324554,5.759703389341997,1,4.018708039331685
2813.7004532814026,5.764797874099134,1,4.015833199459374
2813.7761912345886,5.7698923588562785,1,4.012958359587059
2813.8550045490265,5.764797874099134,1,4.015833199459374
2813.9316589832306,5.777534085991999,1,4.008646099778584
2814.0242512226105,5.757156146963421,1,4.0201454592678445
2814.1015689373016,5.772439601234854,1,4.0115209396509
2814.194328069687,5.774986843613423,1,4.010083519714744
2814.2879695892334,5.757156146963421,1,4.0201454592678445
2814.3667526245117,5.774986843613423,1,4.010083519714744
2814.5062267780304,5.759703389341997,1,4.018708039331685
2814.600120306015,5.782628570749143,1,4.00577125990627
2814.6927666664124,5.7622506317205655,1,4.01727061939553
2814.7710614204407,5.76734511647771,1,4.014395779523214
2814.8480751514435,5.7698923588562785,1,4.012958359587059
2814.938812017441,5.76734511647771,1,4.014395779523214
2815.017874956131,5.774986843613423,1,4.010083519714744
2815.0977959632874,5.777534085991999,1,4.008646099778584
2815.1885991096497,5.777534085991999,1,4.008646099778584
2815.2809863090515,5.777534085991999,1,4.008646099778584
2815.3747897148132,5.759703389341997,1,4.018708039331685
2815.4685323238373,5.772439601234854,1,4.0115209396509
2815.562340259552,5.780081328370567,1,4.007208679842429
2815.6537511348724,5.7546089045848525,1,4.021582879204001
2815.747683763504,5.777534085991999,1,4.008646099778584
2815.841642856598,5.76734511647771,1,4.014395779523214
2815.9336054325104,5.782628570749143,1,4.00577125990627
2816.01055932045,5.772439601234854,1,4.0115209396509
2816.087836742401,5.782628570749143,1,4.00577125990627
2816.1667087078094,5.780081328370567,1,4.007208679842429
2816.2764513492584,5.772439601234854,1,4.0115209396509
2816.351868391037,5.777534085991999,1,4.008646099778584
2816.431394100189,5.780081328370567,1,4.007208679842429
2816.5240964889526,5.7698923588562785,1,4.012958359587059
2816.6006445884705,5.780081328370567,1,4.007208679842429
2816.678621530533,5.785175813127712,1,4.004333839970114
2816.756559610367,5.772439601234854,1,4.0115209396509
2816.8328862190247,5.774986843613423,1,4.010083519714744
2816.9118735790253,5.777534085991999,1,4.008646099778584
2816.989734172821,5.76734511647771,1,4.014395779523214
2817.081615447998,5.787723055506287,1,4.002896420033954
2817.1585969924927,5.764797874099134,1,4.015833199459374
2817.2356758117676,5.772439601234854,1,4.0115209396509
2817.327647924423,5.772439601234854,1,4.0115209396509
2817.406021118164,5.772439601234854,1,4.0115209396509
2817.4828503131866,5.774986843613423,1,4.010083519714744
2817.5606620311737,5.772439601234854,1,4.0115209396509
2817.6551423072815,5.772439601234854,1,4.0115209396509
2817.7629668712616,5.777534085991999,1,4.008646099778584
2817.8427720069885,5.764797874099134,1,4.015833199459374
2817.9515204429626,5.782628570749143,1,4.00577125990627
2818.0293164253235,5.780081328370567,1,4.007208679842429
2818.107104539871,5.764797874099134,1,4.015833199459374
2818.198861837387,5.785175813127712,1,4.004333839970114
2818.2913966178894,5.774986843613423,1,4.010083519714744
2818.38414812088,5.7928175402634245,1,4.000021580161643
2818.459945201874,5.780081328370567,1,4.007208679842429
2818.535225391388,5.782628570749143,1,4.00577125990627
2818.611651659012,5.785175813127712,1,4.004333839970114
2818.687399864197,5.785175813127712,1,4.004333839970114
2818.7662122249603,5.780081328370567,1,4.007208679842429
2818.8456811904907,5.774986843613423,1,4.010083519714744
2818.920639038086,5.7622506317205655,1,4.01727061939553
2818.998564004898,5.780081328370567,1,4.007208679842429
2819.0775048732758,5.780081328370567,1,4.007208679842429
2819.1693205833435,5.7698923588562785,1,4.012958359587059
2819.2479503154755,5.7928175402634245,1,4.000021580161643
2819.323745727539,5.772439601234854,1,4.0115209396509
2819.4150307178497,5.780081328370567,1,4.007208679842429
2819.491302013397,5.7698923588562785,1,4.012958359587059
2819.5988264083862,5.790270297884856,1,4.001459000097799
2819.677300453186,5.774986843613423,1,4.010083519714744
2819.7535281181335,5.772439601234854,1,4.0115209396509
2819.8302602767944,5.772439601234854,1,4.0115209396509
2819.909035682678,5.7698923588562785,1,4.012958359587059
2819.9868354797363,5.7698923588562785,1,4.012958359587059
2820.062847852707,5.785175813127712,1,4.004333839970114
2820.141526699066,5.76734511647771,1,4.014395779523214
2820.21843624115,5.780081328370567,1,4.007208679842429
2820.293956518173,5.7698923588562785,1,4.012958359587059
2820.3719198703766,5.774986843613423,1,4.010083519714744
2820.4514553546906,5.774986843613423,1,4.010083519714744
2820.5282917022705,5.774986843613423,1,4.010083519714744
2820.6072289943695,5.780081328370567,1,4.007208679842429
2820.686859369278,5.782628570749143,1,4.00577125990627
2820.777590036392,5.774986843613423,1,4.010083519714744
2820.8544504642487,5.785175813127712,1,4.004333839970114
2820.930901527405,5.790270297884856,1,4.001459000097799
2821.0221152305603,5.777534085991999,1,4.008646099778584
2821.115948677063,5.787723055506287,1,4.002896420033954
2821.2239861488342,5.76734511647771,1,4.014395779523214
2821.300718307495,5.780081328370567,1,4.007208679842429
2821.3797080516815,5.777534085991999,1,4.008646099778584
2821.4544699192047,5.785175813127712,1,4.004333839970114
2821.5332577228546,5.782628570749143,1,4.00577125990627
2821.6104588508606,5.777534085991999,1,4.008646099778584
2821.686438560486,5.774986843613423,1,4.010083519714744
2821.764253616333,5.774986843613423,1,4.010083519714744
2821.8436708450317,5.785175813127712,1,4.004333839970114
2821.9215211868286,5.774986843613423,1,4.010083519714744
2822.00084900856,5.790270297884856,1,4.001459000097799
2822.0779724121094,5.790270297884856,1,4.001459000097799
2822.1705367565155,5.782628570749143,1,4.00577125990627
2822.2638759613037,5.774986843613423,1,4.010083519714744
2822.341812133789,5.774986843613423,1,4.010083519714744
2822.41765666008,5.785175813127712,1,4.004333839970114
2822.496383666992,5.782628570749143,1,4.00577125990627
2822.5910198688507,5.774986843613423,1,4.010083519714744
2822.6665856838226,5.780081328370567,1,4.007208679842429
2822.75940823555,5.7698923588562785,1,4.012958359587059
2822.8829712867737,5.782628570749143,1,4.00577125990627
2822.9618582725525,5.777534085991999,1,4.008646099778584
2823.0386736392975,5.777534085991999,1,4.008646099778584
2823.1154675483704,5.800459267399145,1,3.9957093203531686
2823.191284418106,5.777534085991999,1,4.008646099778584
2823.26949262619,5.785175813127712,1,4.004333839970114
2823.378194332123,5.777534085991999,1,4.008646099778584
2823.4729478359222,5.782628570749143,1,4.00577125990627
2823.5638093948364,5.777534085991999,1,4.008646099778584
2823.6575889587402,5.7698923588562785,1,4.012958359587059
2823.73494720459,5.782628570749143,1,4.00577125990627
2823.8112540245056,5.785175813127712,1,4.004333839970114
2823.8888034820557,5.774986843613423,1,4.010083519714744
2823.968630552292,5.790270297884856,1,4.001459000097799
2824.0606124401093,5.785175813127712,1,4.004333839970114
2824.139714717865,5.787723055506287,1,4.002896420033954
2824.2165598869324,5.774986843613423,1,4.010083519714744
2824.3089282512665,5.764797874099134,1,4.015833199459374
2824.402228116989,5.790270297884856,1,4.001459000097799
2824.494989156723,5.785175813127712,1,4.004333839970114
2824.604927778244,5.803006509777713,1,3.9942719004170133
2824.681616783142,5.785175813127712,1,4.004333839970114
2824.7578105926514,5.787723055506287,1,4.002896420033954
2824.834792137146,5.787723055506287,1,4.002896420033954
2824.9116649627686,5.780081328370567,1,4.007208679842429
2824.9871637821198,5.782628570749143,1,4.00577125990627
2825.0655426979065,5.787723055506287,1,4.002896420033954
2825.1415700912476,5.777534085991999,1,4.008646099778584
2825.218212366104,5.805553752156289,1,3.9928344804808535
2825.294206380844,5.777534085991999,1,4.008646099778584
2825.3712220191956,5.782628570749143,1,4.00577125990627
2825.447303533554,5.787723055506287,1,4.002896420033954
2825.524901866913,5.774986843613423,1,4.010083519714744
2825.6185920238495,5.790270297884856,1,4.001459000097799
2825.7127647399902,5.795364782642,1,3.9985841602254837
2825.7924559116364,5.7698923588562785,1,4.012958359587059
2825.87095785141,5.774986843613423,1,4.010083519714744
2825.94788312912,5.790270297884856,1,4.001459000097799
2826.0264825820923,5.780081328370567,1,4.007208679842429
2826.1032955646515,5.787723055506287,1,4.002896420033954
2826.213034391403,5.785175813127712,1,4.004333839970114
2826.2908565998077,5.774986843613423,1,4.010083519714744
2826.3687756061554,5.795364782642,1,3.9985841602254837
2826.4477033615112,5.787723055506287,1,4.002896420033954
2826.526076555252,5.772439601234854,1,4.0115209396509
2826.6039910316467,5.7928175402634245,1,4.000021580161643
2826.6837873458862,5.7928175402634245,1,4.000021580161643
2826.7616345882416,5.777534085991999,1,4.008646099778584
2826.8385705947876,5.797912025020569,1,3.9971467402893284
2826.917636156082,5.803006509777713,1,3.9942719004170133
2826.9943504333496,5.777534085991999,1,4.008646099778584
2827.0716354846954,5.787723055506287,1,4.002896420033954
2827.1504731178284,5.782628570749143,1,4.00577125990627
2827.2297105789185,5.787723055506287,1,4.002896420033954
2827.3059566020966,5.782628570749143,1,4.00577125990627
2827.3841960430145,5.795364782642,1,3.9985841602254837
2827.4640991687775,5.787723055506287,1,4.002896420033954
2827.5419433116913,5.785175813127712,1,4.004333839970114
2827.6198060512543,5.790270297884856,1,4.001459000097799
2827.6976895332336,5.7928175402634245,1,4.000021580161643
2827.8074250221252,5.782628570749143,1,4.00577125990627
2827.8891818523407,5.780081328370567,1,4.007208679842429
2827.966161966324,5.782628570749143,1,4.00577125990627
2828.0428907871246,5.785175813127712,1,4.004333839970114
2828.1195919513702,5.7928175402634245,1,4.000021580161643
2828.1986248493195,5.7928175402634245,1,4.000021580161643
2828.2747128009796,5.780081328370567,1,4.007208679842429
2828.353672981262,5.7928175402634245,1,4.000021580161643
2828.4323704242706,5.800459267399145,1,3.9957093203531686
2828.508843898773,5.780081328370567,1,4.007208679842429
2828.586007118225,5.803006509777713,1,3.9942719004170133
2828.662760734558,5.7928175402634245,1,4.000021580161643
2828.740648508072,5.795364782642,1,3.9985841602254837
2828.8205618858337,5.790270297884856,1,4.001459000097799
2828.8964142799377,5.782628570749143,1,4.00577125990627
2828.973380088806,5.782628570749143,1,4.00577125990627
2829.0661828517914,5.805553752156289,1,3.9928344804808535
2829.1460688114166,5.787723055506287,1,4.002896420033954
2829.222918987274,5.787723055506287,1,4.002896420033954
2829.2988770008087,5.800459267399145,1,3.9957093203531686
2829.4066314697266,5.780081328370567,1,4.007208679842429
2829.484881401062,5.797912025020569,1,3.9971467402893284
2829.562126159668,5.7928175402634245,1,4.000021580161643
2829.6398837566376,5.780081328370567,1,4.007208679842429
2829.719175338745,5.800459267399145,1,3.9957093203531686
2829.796905040741,5.800459267399145,1,3.9957093203531686
2829.874750852585,5.787723055506287,1,4.002896420033954
2829.9526550769806,5.795364782642,1,3.9985841602254837
2830.0306425094604,5.782628570749143,1,4.00577125990627
2830.107921600342,5.782628570749143,1,4.00577125990627
2830.1877660751343,5.787723055506287,1,4.002896420033954
2830.2807850837708,5.795364782642,1,3.9985841602254837
2830.3580486774445,5.790270297884856,1,4.001459000097799
2830.437986135483,5.790270297884856,1,4.001459000097799
2830.5168557167053,5.790270297884856,1,4.001459000097799
2830.5936710834503,5.795364782642,1,3.9985841602254837
2830.6728711128235,5.7928175402634245,1,4.000021580161643
2830.750983476639,5.803006509777713,1,3.9942719004170133
2830.827311038971,5.774986843613423,1,4.010083519714744
2830.9054057598114,5.795364782642,1,3.9985841602254837
2831.0148165225983,5.808100994534858,1,3.9913970605446982
2831.0902218818665,5.787723055506287,1,4.002896420033954
2831.165899038315,5.785175813127712,1,4.004333839970114
2831.245406150818,5.795364782642,1,3.9985841602254837
2831.324028491974,5.787723055506287,1,4.002896420033954
2831.403434276581,5.7928175402634245,1,4.000021580161643
2831.4812304973602,5.782628570749143,1,4.00577125990627
2831.5579736232758,5.7698923588562785,1,4.012958359587059
2831.6344091892242,5.785175813127712,1,4.004333839970114
2831.71227312088,5.782628570749143,1,4.00577125990627
2831.7896180152893,5.790270297884856,1,4.001459000097799
2831.8674762248993,5.782628570749143,1,4.00577125990627
2831.9444160461426,5.780081328370567,1,4.007208679842429
2832.02121424675,5.774986843613423,1,4.010083519714744
2832.099692583084,5.785175813127712,1,4.004333839970114
2832.1767411231995,5.774986843613423,1,4.010083519714744
2832.2677195072174,5.7698923588562785,1,4.012958359587059
2832.359549999237,5.764797874099134,1,4.015833199459374
2832.4363272190094,5.785175813127712,1,4.004333839970114
2832.529640197754,5.785175813127712,1,4.004333839970114
2832.6399538517,5.777534085991999,1,4.008646099778584
2832.7171251773834,5.7928175402634245,1,4.000021580161643
2832.796921491623,5.7928175402634245,1,4.000021580161643
2832.8751196861267,5.774986843613423,1,4.010083519714744
2832.9524829387665,5.790270297884856,1,4.001459000097799
2833.0323388576508,5.7928175402634245,1,4.000021580161643
2833.125025033951,5.777534085991999,1,4.008646099778584
2833.2165718078613,5.785175813127712,1,4.004333839970114
2833.295399904251,5.782628570749143,1,4.00577125990627
2833.3736197948456,5.785175813127712,1,4.004333839970114
2833.4504940509796,5.790270297884856,1,4.001459000097799
2833.528141975403,5.777534085991999,1,4.008646099778584
2833.6074545383453,5.787723055506287,1,4.002896420033954
2833.701644420624,5.795364782642,1,3.9985841602254837
2833.7937483787537,5.785175813127712,1,4.004333839970114
2833.870778799057,5.803006509777713,1,3.9942719004170133
2833.950418949127,5.805553752156289,1,3.9928344804808535
2834.030283689499,5.7928175402634245,1,4.000021580161643
2834.1076006889343,5.785175813127712,1,4.004333839970114
2834.1860563755035,5.7928175402634245,1,4.000021580161643
2834.2968118190765,5.808100994534858,1,3.9913970605446982
2834.389673471451,5.790270297884856,1,4.001459000097799
2834.46564912796,5.800459267399145,1,3.9957093203531686
2834.541563987732,5.800459267399145,1,3.9957093203531686
2834.6193261146545,5.800459267399145,1,3.9957093203531686
2834.6975297927856,5.800459267399145,1,3.9957093203531686
2834.7912743091583,5.7928175402634245,1,4.000021580161643
2834.885812997818,5.805553752156289,1,3.9928344804808535
2834.9635677337646,5.805553752156289,1,3.9928344804808535
2835.04163146019,5.795364782642,1,3.9985841602254837
2835.11944770813,5.800459267399145,1,3.9957093203531686
2835.1988615989685,5.797912025020569,1,3.9971467402893284
2835.2900624275208,5.805553752156289,1,3.9928344804808535
2835.3838057518005,5.7928175402634245,1,4.000021580161643
2835.463592529297,5.787723055506287,1,4.002896420033954
2835.5551252365112,5.7928175402634245,1,4.000021580161643
2835.6477756500244,5.808100994534858,1,3.9913970605446982
2835.7417941093445,5.785175813127712,1,4.004333839970114
2835.8356907367706,5.805553752156289,1,3.9928344804808535
2835.9297621250153,5.785175813127712,1,4.004333839970114
2836.0685818195343,5.795364782642,1,3.9985841602254837
2836.14701962471,5.787723055506287,1,4.002896420033954
2836.237797021866,5.790270297884856,1,4.001459000097799
2836.314973115921,5.797912025020569,1,3.9971467402893284
2836.392807483673,5.790270297884856,1,4.001459000097799
2836.4845588207245,5.810648236913433,1,3.9899596406085385
2836.564310312271,5.808100994534858,1,3.9913970605446982
2836.6416449546814,5.800459267399145,1,3.9957093203531686
2836.7333674430847,5.797912025020569,1,3.9971467402893284
2836.8261201381683,5.795364782642,1,3.9985841602254837
2836.918883562088,5.815742721670578,1,3.9870848007362234
2836.9986634254456,5.797912025020569,1,3.9971467402893284
2837.0924134254456,5.790270297884856,1,4.001459000097799
2837.1861748695374,5.795364782642,1,3.9985841602254837
2837.2808151245117,5.795364782642,1,3.9985841602254837
2837.3747520446777,5.797912025020569,1,3.9971467402893284
2837.4695913791656,5.797912025020569,1,3.9971467402893284
2837.5466821193695,5.800459267399145,1,3.9957093203531686
2837.6396238803864,5.795364782642,1,3.9985841602254837
2837.7175810337067,5.808100994534858,1,3.9913970605446982
2837.8258707523346,5.803006509777713,1,3.9942719004170133
2837.904118537903,5.803006509777713,1,3.9942719004170133
2837.9831302165985,5.795364782642,1,3.9985841602254837
2838.0614557266235,5.777534085991999,1,4.008646099778584
2838.1384580135345,5.797912025020569,1,3.9971467402893284
2838.233211994171,5.800459267399145,1,3.9957093203531686
2838.3259670734406,5.790270297884856,1,4.001459000097799
2838.4177362918854,5.800459267399145,1,3.9957093203531686
2838.5132727622986,5.800459267399145,1,3.9957093203531686
2838.606697320938,5.800459267399145,1,3.9957093203531686
2838.718145608902,5.805553752156289,1,3.9928344804808535
2838.80992937088,5.797912025020569,1,3.9971467402893284
2838.88600564003,5.810648236913433,1,3.9899596406085385
2838.9651596546173,5.810648236913433,1,3.9899596406085385
2839.0419750213623,5.7928175402634245,1,4.000021580161643
2839.1197714805603,5.800459267399145,1,3.9957093203531686
2839.197592973709,5.7928175402634245,1,4.000021580161643
2839.2911512851715,5.785175813127712,1,4.004333839970114
2839.370356798172,5.800459267399145,1,3.9957093203531686
2839.4482820034027,5.805553752156289,1,3.9928344804808535
2839.5576615333557,5.7928175402634245,1,4.000021580161643
2839.636467695236,5.800459267399145,1,3.9957093203531686
2839.714370250702,5.808100994534858,1,3.9913970605446982
2839.7928836345673,5.7928175402634245,1,4.000021580161643
2839.870819091797,5.800459267399145,1,3.9957093203531686
2839.9486820697784,5.813195479292002,1,3.988522220672383
2840.028608560562,5.790270297884856,1,4.001459000097799
2840.106470346451,5.803006509777713,1,3.9942719004170133
2840.1844279766083,5.800459267399145,1,3.9957093203531686
2840.2623155117035,5.797912025020569,1,3.9971467402893284
2840.354245185852,5.810648236913433,1,3.9899596406085385
2840.44442987442,5.797912025020569,1,3.9971467402893284
2840.524177312851,5.795364782642,1,3.9985841602254837
2840.6190485954285,5.805553752156289,1,3.9928344804808535
2840.6953716278076,5.797912025020569,1,3.9971467402893284
2840.7740230560303,5.803006509777713,1,3.9942719004170133
2840.8509800434113,5.797912025020569,1,3.9971467402893284
2840.9288907051086,5.790270297884856,1,4.001459000097799
2841.00568652153,5.805553752156289,1,3.9928344804808535
2841.0848412513733,5.808100994534858,1,3.9913970605446982
2841.1930499076843,5.810648236913433,1,3.9899596406085385
2841.2707324028015,5.805553752156289,1,3.9928344804808535
2841.3499195575714,5.805553752156289,1,3.9928344804808535
2841.427967309952,5.787723055506287,1,4.002896420033954
2841.504248380661,5.808100994534858,1,3.9913970605446982
2841.5818524360657,5.803006509777713,1,3.9942719004170133
2841.672611474991,5.813195479292002,1,3.988522220672383
2841.7515087127686,5.823384448806291,1,3.982772540927753
2841.827449798584,5.785175813127712,1,4.004333839970114
2841.905696630478,5.803006509777713,1,3.9942719004170133
2841.983062982559,5.800459267399145,1,3.9957093203531686
2842.0598294734955,5.797912025020569,1,3.9971467402893284
2842.1378915309906,5.795364782642,1,3.9985841602254837
2842.2157487869263,5.800459267399145,1,3.9957093203531686
2842.2920417785645,5.795364782642,1,3.9985841602254837
2842.369964122772,5.808100994534858,1,3.9913970605446982
2842.448983669281,5.813195479292002,1,3.988522220672383
2842.5270104408264,5.800459267399145,1,3.9957093203531686
2842.6041073799133,5.810648236913433,1,3.9899596406085385
2842.683920621872,5.7928175402634245,1,4.000021580161643
2842.792572259903,5.803006509777713,1,3.9942719004170133
2842.870644569397,5.813195479292002,1,3.988522220672383
2842.9504504203796,5.803006509777713,1,3.9942719004170133
2843.027414560318,5.803006509777713,1,3.9942719004170133
2843.1211879253387,5.813195479292002,1,3.988522220672383
2843.1989085674286,5.810648236913433,1,3.9899596406085385
2843.2756435871124,5.803006509777713,1,3.9942719004170133
2843.35435295105,5.810648236913433,1,3.9899596406085385
2843.431215763092,5.800459267399145,1,3.9957093203531686
2843.5073647499084,5.797912025020569,1,3.9971467402893284
2843.587084054947,5.808100994534858,1,3.9913970605446982
2843.6663777828217,5.813195479292002,1,3.988522220672383
2843.758818626404,5.797912025020569,1,3.9971467402893284
2843.850789785385,5.810648236913433,1,3.9899596406085385
2843.943590402603,5.795364782642,1,3.9985841602254837
2844.0393409729004,5.800459267399145,1,3.9957093203531686
2844.119125366211,5.805553752156289,1,3.9928344804808535
2844.210876226425,5.795364782642,1,3.9985841602254837
2844.304589033127,5.810648236913433,1,3.9899596406085385
2844.3973417282104,5.805553752156289,1,3.9928344804808535
2844.5057003498077,5.805553752156289,1,3.9928344804808535
2844.58358335495,5.800459267399145,1,3.9957093203531686
2844.6736254692078,5.813195479292002,1,3.988522220672383
2844.766021490097,5.818289964049146,1,3.985647380800068
2844.844805240631,5.800459267399145,1,3.9957093203531686
2844.921624183655,5.813195479292002,1,3.988522220672383
2845.0001034736633,5.803006509777713,1,3.9942719004170133
2845.09379529953,5.800459267399145,1,3.9957093203531686
2845.1885981559753,5.815742721670578,1,3.9870848007362234
2845.2664551734924,5.810648236913433,1,3.9899596406085385
2845.341730117798,5.795364782642,1,3.9985841602254837
2845.4204483032227,5.810648236913433,1,3.9899596406085385
2845.5138137340546,5.795364782642,1,3.9985841602254837
2845.6065695285797,5.808100994534858,1,3.9913970605446982
2845.684331893921,5.818289964049146,1,3.985647380800068
2845.7787675857544,5.803006509777713,1,3.9942719004170133
2845.870678424835,5.808100994534858,1,3.9913970605446982
2845.948849916458,5.805553752156289,1,3.9928344804808535
2846.040050506592,5.808100994534858,1,3.9913970605446982
2846.135828733444,5.813195479292002,1,3.988522220672383
2846.261488199234,5.805553752156289,1,3.9928344804808535
2846.3542714118958,5.818289964049146,1,3.985647380800068
2846.433075428009,5.813195479292002,1,3.988522220672383
2846.5248312950134,5.803006509777713,1,3.9942719004170133
2846.604616880417,5.818289964049146,1,3.985647380800068
2846.697700023651,5.813195479292002,1,3.988522220672383
2846.789572954178,5.813195479292002,1,3.988522220672383
2846.8688173294067,5.810648236913433,1,3.9899596406085385
2846.9476068019867,5.795364782642,1,3.9985841602254837
2847.038414478302,5.815742721670578,1,3.9870848007362234
2847.1147911548615,5.808100994534858,1,3.9913970605446982
2847.2140040397644,5.815742721670578,1,3.9870848007362234
2847.3298337459564,5.805553752156289,1,3.9928344804808535
2847.438513278961,5.820837206427715,1,3.9842099608639123
2847.532814025879,5.815742721670578,1,3.9870848007362234
2847.62744307518,5.813195479292002,1,3.988522220672383
2847.7207250595093,5.815742721670578,1,3.9870848007362234
2847.799577474594,5.810648236913433,1,3.9899596406085385
2847.878100633621,5.813195479292002,1,3.988522220672383
2847.9867396354675,5.813195479292002,1,3.988522220672383
2848.140400648117,5.810648236913433,1,3.9899596406085385
2848.249643087387,5.820837206427715,1,3.9842099608639123
2848.3283722400665,5.797912025020569,1,3.9971467402893284
2848.405676841736,5.813195479292002,1,3.988522220672383
2848.4992306232452,5.820837206427715,1,3.9842099608639123
2848.5918667316437,5.823384448806291,1,3.982772540927753
2848.6841354370117,5.825931691184859,1,3.9813351209915973
2848.7932636737823,5.797912025020569,1,3.9971467402893284
2848.870526790619,5.815742721670578,1,3.9870848007362234
2848.947648525238,5.805553752156289,1,3.9928344804808535
2849.0386703014374,5.808100994534858,1,3.9913970605446982
2849.1165041923523,5.810648236913433,1,3.9899596406085385
2849.1950867176056,5.810648236913433,1,3.9899596406085385
2849.2748732566833,5.820837206427715,1,3.9842099608639123
2849.3526043891907,5.803006509777713,1,3.9942719004170133
2849.4316239356995,5.818289964049146,1,3.985647380800068
2849.5089452266693,5.815742721670578,1,3.9870848007362234
2849.5859870910645,5.815742721670578,1,3.9870848007362234
2849.6807310581207,5.820837206427715,1,3.9842099608639123
2849.774633407593,5.810648236913433,1,3.9899596406085385
2849.884816646576,5.803006509777713,1,3.9942719004170133
2849.962742090225,5.815742721670578,1,3.9870848007362234
2850.0545291900635,5.820837206427715,1,3.9842099608639123
2850.1318016052246,5.803006509777713,1,3.9942719004170133
2850.20977973938,5.813195479292002,1,3.988522220672383
2850.302635192871,5.828478933563435,1,3.979897701055438
2850.4098131656647,5.805553752156289,1,3.9928344804808535
2850.502860069275,5.808100994534858,1,3.9913970605446982
2850.594828605652,5.810648236913433,1,3.9899596406085385
2850.672874689102,5.825931691184859,1,3.9813351209915973
2850.749716281891,5.823384448806291,1,3.982772540927753
2850.8429775238037,5.805553752156289,1,3.9928344804808535
2850.9216096401215,5.825931691184859,1,3.9813351209915973
2850.999451637268,5.803006509777713,1,3.9942719004170133
2851.077980041504,5.803006509777713,1,3.9942719004170133
2851.1558134555817,5.815742721670578,1,3.9870848007362234
2851.2344324588776,5.825931691184859,1,3.9813351209915973
2851.3130910396576,5.803006509777713,1,3.9942719004170133
2851.3911833763123,5.815742721670578,1,3.9870848007362234
2851.469015598297,5.813195479292002,1,3.988522220672383
2851.577217102051,5.813195479292002,1,3.988522220672383
2851.654097557068,5.813195479292002,1,3.988522220672383
2851.732854604721,5.815742721670578,1,3.9870848007362234
2851.8118784427643,5.818289964049146,1,3.985647380800068
2851.8886959552765,5.820837206427715,1,3.9842099608639123
2851.9814603328705,5.808100994534858,1,3.9913970605446982
2852.0762906074524,5.800459267399145,1,3.9957093203531686
2852.1537482738495,5.815742721670578,1,3.9870848007362234
2852.231580018997,5.815742721670578,1,3.9870848007362234
2852.3114314079285,5.810648236913433,1,3.9899596406085385
2852.387412548065,5.823384448806291,1,3.982772540927753
2852.480137348175,5.813195479292002,1,3.988522220672383
2852.5740098953247,5.825931691184859,1,3.9813351209915973
2852.6668853759766,5.818289964049146,1,3.985647380800068
2852.7439358234406,5.815742721670578,1,3.9870848007362234
2852.8207795619965,5.815742721670578,1,3.9870848007362234
2852.897229909897,5.815742721670578,1,3.9870848007362234
2852.974039077759,5.825931691184859,1,3.9813351209915973
2853.0502212047577,5.815742721670578,1,3.9870848007362234
2853.1449637413025,5.815742721670578,1,3.9870848007362234
2853.265167951584,5.820837206427715,1,3.9842099608639123
2853.344340801239,5.805553752156289,1,3.9928344804808535
2853.424128293991,5.825931691184859,1,3.9813351209915973
2853.502141237259,5.820837206427715,1,3.9842099608639123
2853.580994129181,5.813195479292002,1,3.988522220672383
2853.657824754715,5.808100994534858,1,3.9913970605446982
2853.7336218357086,5.820837206427715,1,3.9842099608639123
2853.8134598731995,5.818289964049146,1,3.985647380800068
2853.8912966251373,5.810648236913433,1,3.9899596406085385
2853.9843196868896,5.813195479292002,1,3.988522220672383
2854.078639268875,5.813195479292002,1,3.988522220672383
2854.171724796295,5.828478933563435,1,3.979897701055438
2854.2814598083496,5.813195479292002,1,3.988522220672383
2854.375376701355,5.828478933563435,1,3.979897701055438
2854.4528267383575,5.831026175942004,1,3.978460281119282
2854.545633792877,5.808100994534858,1,3.9913970605446982
2854.669030189514,5.825931691184859,1,3.9813351209915973
2854.7773637771606,5.815742721670578,1,3.9870848007362234
2854.8717176914215,5.825931691184859,1,3.9813351209915973
2854.949640750885,5.803006509777713,1,3.9942719004170133
2855.058725833893,5.813195479292002,1,3.988522220672383
2855.1365785598755,5.813195479292002,1,3.988522220672383
2855.2143659591675,5.820837206427715,1,3.9842099608639123
2855.3228335380554,5.831026175942004,1,3.978460281119282
2855.4004883766174,5.813195479292002,1,3.988522220672383
2855.4952976703644,5.805553752156289,1,3.9928344804808535
2855.5897710323334,5.823384448806291,1,3.982772540927753
2855.700597047806,5.825931691184859,1,3.9813351209915973
2855.7940485477448,5.805553752156289,1,3.9928344804808535
2855.871785402298,5.828478933563435,1,3.979897701055438
2855.9496080875397,5.815742721670578,1,3.9870848007362234
2856.042645215988,5.818289964049146,1,3.985647380800068
2856.120638847351,5.825931691184859,1,3.9813351209915973
2856.197652578354,5.810648236913433,1,3.9899596406085385
2856.290434360504,5.828478933563435,1,3.979897701055438
2856.3672699928284,5.815742721670578,1,3.9870848007362234
2856.44632768631,5.820837206427715,1,3.9842099608639123
2856.5241560935974,5.841215145456292,1,3.9727106013746525
2856.6183819770813,5.820837206427715,1,3.9842099608639123
2856.711265563965,5.810648236913433,1,3.9899596406085385
2856.818261384964,5.825931691184859,1,3.9813351209915973
2856.8952100276947,5.818289964049146,1,3.985647380800068
2856.9750089645386,5.825931691184859,1,3.9813351209915973
2857.0647189617157,5.813195479292002,1,3.988522220672383
2857.157816886902,5.815742721670578,1,3.9870848007362234
2857.2490820884705,5.815742721670578,1,3.9870848007362234
2857.344852924347,5.815742721670578,1,3.9870848007362234
2857.45388174057,5.820837206427715,1,3.9842099608639123
2857.5299713611603,5.818289964049146,1,3.985647380800068
2857.639533996582,5.818289964049146,1,3.985647380800068
2857.747972726822,5.813195479292002,1,3.988522220672383
2857.841723203659,5.813195479292002,1,3.988522220672383
2857.9504923820496,5.833573418320579,1,3.977022861183123
2858.0596358776093,5.825931691184859,1,3.9813351209915973
2858.1530406475067,5.823384448806291,1,3.982772540927753
2858.230328798294,5.820837206427715,1,3.9842099608639123
2858.3236634731293,5.836120660699148,1,3.975585441246967
2858.4005823135376,5.838667903077724,1,3.974148021310808
2858.4943528175354,5.818289964049146,1,3.985647380800068
2858.603080034256,5.828478933563435,1,3.979897701055438
2858.7608592510223,5.805553752156289,1,3.9928344804808535
2858.838673353195,5.815742721670578,1,3.9870848007362234
2858.9314324855804,5.813195479292002,1,3.988522220672383
2859.0240395069122,5.815742721670578,1,3.9870848007362234
2859.116231918335,5.820837206427715,1,3.9842099608639123
2859.1954686641693,5.813195479292002,1,3.988522220672383
2859.2733204364777,5.828478933563435,1,3.979897701055438
2859.366218805313,5.825931691184859,1,3.9813351209915973
2859.4436054229736,5.836120660699148,1,3.975585441246967
2859.5364792346954,5.828478933563435,1,3.979897701055438
2859.6126475334167,5.815742721670578,1,3.9870848007362234
2859.6906180381775,5.813195479292002,1,3.988522220672383
2859.76766872406,5.831026175942004,1,3.978460281119282
2859.8595728874207,5.838667903077724,1,3.974148021310808
2859.952803373337,5.836120660699148,1,3.975585441246967
2860.0446157455444,5.823384448806291,1,3.982772540927753
2860.139625310898,5.820837206427715,1,3.9842099608639123
2860.2196044921875,5.833573418320579,1,3.977022861183123
2860.312683582306,5.823384448806291,1,3.982772540927753
2860.3901660442352,5.831026175942004,1,3.978460281119282
2860.4985785484314,5.815742721670578,1,3.9870848007362234
2860.606627225876,5.823384448806291,1,3.982772540927753
2860.6856350898743,5.825931691184859,1,3.9813351209915973
2860.777616262436,5.815742721670578,1,3.9870848007362234
2860.8712317943573,5.843762387834868,1,3.9712731814384927
2860.949543952942,5.820837206427715,1,3.9842099608639123
2861.040647506714,5.825931691184859,1,3.9813351209915973
2861.119470834732,5.836120660699148,1,3.975585441246967
2861.1982560157776,5.823384448806291,1,3.982772540927753
2861.290556907654,5.820837206427715,1,3.9842099608639123
2861.3837084770203,5.820837206427715,1,3.9842099608639123
2861.4632301330566,5.818289964049146,1,3.985647380800068
2861.54061961174,5.825931691184859,1,3.9813351209915973
2861.6184668540955,5.833573418320579,1,3.977022861183123
2861.696514606476,5.828478933563435,1,3.979897701055438
2861.773740053177,5.820837206427715,1,3.9842099608639123
2861.8646383285522,5.825931691184859,1,3.9813351209915973
2861.943569421768,5.823384448806291,1,3.982772540927753
2862.021656513214,5.825931691184859,1,3.9813351209915973
2862.111570596695,5.810648236913433,1,3.9899596406085385
2862.219511985779,5.825931691184859,1,3.9813351209915973
2862.3128595352173,5.828478933563435,1,3.979897701055438
2862.40775513649,5.828478933563435,1,3.979897701055438
2862.4851846694946,5.815742721670578,1,3.9870848007362234
2862.5604526996613,5.820837206427715,1,3.9842099608639123
2862.639992713928,5.825931691184859,1,3.9813351209915973
2862.7191290855408,5.833573418320579,1,3.977022861183123
2862.81108212471,5.815742721670578,1,3.9870848007362234
2862.8898520469666,5.831026175942004,1,3.978460281119282
2862.9669213294983,5.815742721670578,1,3.9870848007362234
2863.044273376465,5.818289964049146,1,3.985647380800068
2863.1232006549835,5.823384448806291,1,3.982772540927753
2863.2013800144196,5.828478933563435,1,3.979897701055438
2863.293445825577,5.820837206427715,1,3.9842099608639123
2863.37335562706,5.833573418320579,1,3.977022861183123
2863.467106103897,5.818289964049146,1,3.985647380800068
2863.55997133255,5.815742721670578,1,3.9870848007362234
2863.6391847133636,5.831026175942004,1,3.978460281119282
2863.716017484665,5.823384448806291,1,3.982772540927753
2863.7930829524994,5.836120660699148,1,3.975585441246967
2863.9016132354736,5.828478933563435,1,3.979897701055438
2863.993244409561,5.815742721670578,1,3.9870848007362234
2864.0721340179443,5.825931691184859,1,3.9813351209915973
2864.1489238739014,5.818289964049146,1,3.985647380800068
2864.2406780719757,5.831026175942004,1,3.978460281119282
2864.335132598877,5.825931691184859,1,3.9813351209915973
2864.4272854328156,5.818289964049146,1,3.985647380800068
2864.5195479393005,5.831026175942004,1,3.978460281119282
2864.598342180252,5.828478933563435,1,3.979897701055438
2864.6898498535156,5.833573418320579,1,3.977022861183123
2864.7663657665253,5.823384448806291,1,3.982772540927753
2864.844225168228,5.813195479292002,1,3.988522220672383
2864.9220445156097,5.825931691184859,1,3.9813351209915973
2864.999841928482,5.823384448806291,1,3.982772540927753
2865.0772771835327,5.818289964049146,1,3.985647380800068
2865.155460357666,5.833573418320579,1,3.977022861183123
2865.2342462539673,5.825931691184859,1,3.9813351209915973
2865.311222553253,5.818289964049146,1,3.985647380800068
2865.3863282203674,5.823384448806291,1,3.982772540927753
2865.4643971920013,5.813195479292002,1,3.988522220672383
2865.5868549346924,5.825931691184859,1,3.9813351209915973
2865.6634147167206,5.823384448806291,1,3.982772540927753
2865.758775949478,5.836120660699148,1,3.975585441246967
2865.8367931842804,5.831026175942004,1,3.978460281119282
2865.914703845978,5.828478933563435,1,3.979897701055438
2866.0056664943695,5.836120660699148,1,3.975585441246967
2866.080644607544,5.813195479292002,1,3.988522220672383
2866.156703233719,5.838667903077724,1,3.974148021310808
2866.23349070549,5.828478933563435,1,3.979897701055438
2866.3103098869324,5.823384448806291,1,3.982772540927753
2866.3901076316833,5.831026175942004,1,3.978460281119282
2866.469120502472,5.825931691184859,1,3.9813351209915973
2866.5613379478455,5.825931691184859,1,3.9813351209915973
2866.638600587845,5.836120660699148,1,3.975585441246967
2866.7174191474915,5.836120660699148,1,3.975585441246967
2866.7946610450745,5.828478933563435,1,3.979897701055438
2866.887266397476,5.841215145456292,1,3.9727106013746525
2866.978087425232,5.813195479292002,1,3.988522220672383
2867.0713787078857,5.825931691184859,1,3.9813351209915973
2867.148532629013,5.831026175942004,1,3.978460281119282
2867.2539200782776,5.843762387834868,1,3.9712731814384927
2867.3316271305084,5.823384448806291,1,3.982772540927753
2867.4091300964355,5.828478933563435,1,3.979897701055438
2867.486811876297,5.843762387834868,1,3.9712731814384927
2867.5628163814545,5.823384448806291,1,3.982772540927753
2867.6565663814545,5.841215145456292,1,3.9727106013746525
2867.732444047928,5.831026175942004,1,3.978460281119282
2867.8114461898804,5.836120660699148,1,3.975585441246967
2867.8882489204407,5.848856872592005,1,3.9683983415661817
2867.9660642147064,5.825931691184859,1,3.9813351209915973
2868.06081032753,5.823384448806291,1,3.982772540927753
2868.1391894817352,5.836120660699148,1,3.975585441246967
2868.2178180217743,5.836120660699148,1,3.975585441246967
2868.297134876251,5.815742721670578,1,3.9870848007362234
2868.3886802196503,5.833573418320579,1,3.977022861183123
2868.4678649902344,5.828478933563435,1,3.979897701055438
2868.545403242111,5.823384448806291,1,3.982772540927753
2868.622989177704,5.846309630213437,1,3.9698357615023374
2868.7018489837646,5.846309630213437,1,3.9698357615023374
2868.778769016266,5.825931691184859,1,3.9813351209915973
2868.8878543376923,5.841215145456292,1,3.9727106013746525
2868.9658501148224,5.836120660699148,1,3.975585441246967
2869.044994354248,5.825931691184859,1,3.9813351209915973
2869.1231937408447,5.828478933563435,1,3.979897701055438
2869.218031167984,5.833573418320579,1,3.977022861183123
2869.295855998993,5.831026175942004,1,3.978460281119282
2869.3731637001038,5.843762387834868,1,3.9712731814384927
2869.4521424770355,5.823384448806291,1,3.982772540927753
2869.5296545028687,5.828478933563435,1,3.979897701055438
2869.6075444221497,5.828478933563435,1,3.979897701055438
2869.6868572235107,5.841215145456292,1,3.9727106013746525
2869.7646293640137,5.820837206427715,1,3.9842099608639123
2869.8555426597595,5.820837206427715,1,3.9842099608639123
2869.95147562027,5.831026175942004,1,3.978460281119282
2870.043304204941,5.833573418320579,1,3.977022861183123
2870.1212816238403,5.831026175942004,1,3.978460281119282
2870.2146883010864,5.825931691184859,1,3.9813351209915973
2870.2935049533844,5.828478933563435,1,3.979897701055438
2870.387485265732,5.833573418320579,1,3.977022861183123
2870.4653465747833,5.836120660699148,1,3.975585441246967
2870.574061393738,5.825931691184859,1,3.9813351209915973
2870.650964975357,5.841215145456292,1,3.9727106013746525
2870.7293181419373,5.823384448806291,1,3.982772540927753
2870.806780099869,5.825931691184859,1,3.9813351209915973
2870.8865971565247,5.838667903077724,1,3.974148021310808
2870.964424610138,5.833573418320579,1,3.977022861183123
2871.0443313121796,5.833573418320579,1,3.977022861183123
2871.1222603321075,5.836120660699148,1,3.975585441246967
2871.1992542743683,5.838667903077724,1,3.974148021310808
2871.2792134284973,5.825931691184859,1,3.9813351209915973
2871.357212781906,5.851404114970581,1,3.9669609216300223
2871.4508006572723,5.851404114970581,1,3.9669609216300223
2871.543984889984,5.828478933563435,1,3.979897701055438
2871.6210339069366,5.836120660699148,1,3.975585441246967
2871.6976251602173,5.836120660699148,1,3.975585441246967
2871.7746324539185,5.836120660699148,1,3.975585441246967
2871.8516409397125,5.841215145456292,1,3.9727106013746525
2871.9285967350006,5.846309630213437,1,3.9698357615023374
2872.0058920383453,5.838667903077724,1,3.974148021310808
2872.1006803512573,5.848856872592005,1,3.9683983415661817
2872.2093579769135,5.836120660699148,1,3.975585441246967
2872.301653623581,5.838667903077724,1,3.974148021310808
2872.3787302970886,5.838667903077724,1,3.974148021310808
2872.470859527588,5.846309630213437,1,3.9698357615023374
2872.5494854450226,5.846309630213437,1,3.9698357615023374
2872.6417529582977,5.831026175942004,1,3.978460281119282
2872.7205996513367,5.838667903077724,1,3.974148021310808
2872.8114013671875,5.838667903077724,1,3.974148021310808
2872.8897128105164,5.85395135734915,1,3.9655235016938666
2872.968601465225,5.851404114970581,1,3.9669609216300223
2873.0473601818085,5.825931691184859,1,3.9813351209915973
2873.1392226219177,5.843762387834868,1,3.9712731814384927
2873.232246160507,5.836120660699148,1,3.975585441246967
2873.311583518982,5.831026175942004,1,3.978460281119282
2873.3877987861633,5.836120660699148,1,3.975585441246967
2873.480156183243,5.843762387834868,1,3.9712731814384927
2873.5589940547943,5.841215145456292,1,3.9727106013746525
2873.6387956142426,5.838667903077724,1,3.974148021310808
2873.730495929718,5.846309630213437,1,3.9698357615023374
2873.822760105133,5.848856872592005,1,3.9683983415661817
2873.946429014206,5.831026175942004,1,3.978460281119282
2874.0400202274323,5.846309630213437,1,3.9698357615023374
2874.1194348335266,5.833573418320579,1,3.977022861183123
2874.199203968048,5.841215145456292,1,3.9727106013746525
2874.292930841446,5.825931691184859,1,3.9813351209915973
2874.37148809433,5.841215145456292,1,3.9727106013746525
2874.463186264038,5.833573418320579,1,3.977022861183123
2874.541027069092,5.836120660699148,1,3.975585441246967
2874.618680715561,5.831026175942004,1,3.978460281119282
2874.696774959564,5.833573418320579,1,3.977022861183123
2874.774178504944,5.846309630213437,1,3.9698357615023374
2874.851994752884,5.838667903077724,1,3.974148021310808
2874.9452028274536,5.836120660699148,1,3.975585441246967
2875.0242223739624,5.846309630213437,1,3.9698357615023374
2875.10272359848,5.841215145456292,1,3.9727106013746525
2875.1818594932556,5.828478933563435,1,3.979897701055438
2875.259785413742,5.85395135734915,1,3.9655235016938666
2875.338624238968,5.841215145456292,1,3.9727106013746525
2875.4174389839172,5.848856872592005,1,3.9683983415661817
2875.496250629425,5.836120660699148,1,3.975585441246967
2875.6199452877045,5.848856872592005,1,3.9683983415661817
2875.697203874588,5.836120660699148,1,3.975585441246967
2875.7748835086823,5.85395135734915,1,3.9655235016938666
2875.866634607315,5.846309630213437,1,3.9698357615023374
2875.9434456825256,5.848856872592005,1,3.9683983415661817
2876.0371947288513,5.8564985997277255,1,3.9640860817577073
2876.1319665908813,5.843762387834868,1,3.9712731814384927
2876.2249076366425,5.846309630213437,1,3.9698357615023374
2876.317716360092,5.848856872592005,1,3.9683983415661817
2876.41077542305,5.836120660699148,1,3.975585441246967
2876.500648498535,5.851404114970581,1,3.9669609216300223
2876.5774414539337,5.838667903077724,1,3.974148021310808
2876.656719684601,5.846309630213437,1,3.9698357615023374
2876.749251842499,5.841215145456292,1,3.9727106013746525
2876.827297449112,5.843762387834868,1,3.9712731814384927
2876.919600009918,5.8564985997277255,1,3.9640860817577073
2876.9964616298676,5.841215145456292,1,3.9727106013746525
2877.0762526988983,5.841215145456292,1,3.9727106013746525
2877.1532320976257,5.838667903077724,1,3.974148021310808
2877.244870662689,5.833573418320579,1,3.977022861183123
2877.3526101112366,5.843762387834868,1,3.9712731814384927
2877.4436299800873,5.838667903077724,1,3.974148021310808
2877.535409450531,5.8564985997277255,1,3.9640860817577073
2877.61532998085,5.846309630213437,1,3.9698357615023374
2877.6937959194183,5.841215145456292,1,3.9727106013746525
2877.7727768421173,5.851404114970581,1,3.9669609216300223
2877.8497402668,5.843762387834868,1,3.9712731814384927
2877.940494775772,5.848856872592005,1,3.9683983415661817
2878.0156140327454,5.841215145456292,1,3.9727106013746525
2878.091813802719,5.851404114970581,1,3.9669609216300223
2878.1694979667664,5.846309630213437,1,3.9698357615023374
2878.248639345169,5.836120660699148,1,3.975585441246967
2878.3416061401367,5.846309630213437,1,3.9698357615023374
2878.4185132980347,5.851404114970581,1,3.9669609216300223
2878.512868642807,5.836120660699148,1,3.975585441246967
2878.5897459983826,5.851404114970581,1,3.9669609216300223
2878.667604446411,5.846309630213437,1,3.9698357615023374
2878.74632024765,5.848856872592005,1,3.9683983415661817
2878.8228657245636,5.85395135734915,1,3.9655235016938666
2878.8999438285828,5.859045842106294,1,3.9626486618215515
2879.007930278778,5.848856872592005,1,3.9683983415661817
2879.0859909057617,5.851404114970581,1,3.9669609216300223
2879.1636090278625,5.838667903077724,1,3.974148021310808
2879.2549114227295,5.8564985997277255,1,3.9640860817577073
2879.3307342529297,5.836120660699148,1,3.975585441246967
2879.4218628406525,5.8564985997277255,1,3.9640860817577073
2879.514534473419,5.831026175942004,1,3.978460281119282
2879.5913660526276,5.846309630213437,1,3.9698357615023374
2879.66902923584,5.851404114970581,1,3.9669609216300223
2879.7468078136444,5.833573418320579,1,3.977022861183123
2879.823830842972,5.8564985997277255,1,3.9640860817577073
2879.901955842972,5.848856872592005,1,3.9683983415661817
2879.97806763649,5.838667903077724,1,3.974148021310808
2880.0539133548737,5.859045842106294,1,3.9626486618215515
2880.13387298584,5.841215145456292,1,3.9727106013746525
2880.2106750011444,5.851404114970581,1,3.9669609216300223
2880.302859544754,5.8641403268634384,1,3.9597738219492364
2880.395031452179,5.846309630213437,1,3.9698357615023374
2880.471203327179,5.841215145456292,1,3.9727106013746525
2880.561891555786,5.846309630213437,1,3.9698357615023374
2880.6865577697754,5.838667903077724,1,3.974148021310808
2880.7645716667175,5.846309630213437,1,3.9698357615023374
2880.844327688217,5.838667903077724,1,3.974148021310808
2880.937085866928,5.851404114970581,1,3.9669609216300223
2881.014123439789,5.8564985997277255,1,3.9640860817577073
2881.0925290584564,5.836120660699148,1,3.975585441246967
2881.169459581375,5.848856872592005,1,3.9683983415661817
2881.248340845108,5.836120660699148,1,3.975585441246967
2881.3259115219116,5.846309630213437,1,3.9698357615023374
2881.403021812439,5.851404114970581,1,3.9669609216300223
2881.4968645572662,5.8564985997277255,1,3.9640860817577073
2881.5916509628296,5.846309630213437,1,3.9698357615023374
2881.670469760895,5.8564985997277255,1,3.9640860817577073
2881.765226125717,5.851404114970581,1,3.9669609216300223
2881.8440415859222,5.841215145456292,1,3.9727106013746525
2881.9359107017517,5.859045842106294,1,3.9626486618215515
2882.01251578331,5.851404114970581,1,3.9669609216300223
2882.0906772613525,5.85395135734915,1,3.9655235016938666
2882.168568134308,5.851404114970581,1,3.9669609216300223
2882.247389316559,5.838667903077724,1,3.974148021310808
2882.356077194214,5.85395135734915,1,3.9655235016938666
2882.432770729065,5.8564985997277255,1,3.9640860817577073
2882.525379896164,5.848856872592005,1,3.9683983415661817
2882.603180885315,5.846309630213437,1,3.9698357615023374
2882.6807148456573,5.838667903077724,1,3.974148021310808
2882.7726469039917,5.859045842106294,1,3.9626486618215515
2882.849589109421,5.851404114970581,1,3.9669609216300223
2882.940929889679,5.85395135734915,1,3.9655235016938666
2883.019143104553,5.848856872592005,1,3.9683983415661817
2883.09645652771,5.838667903077724,1,3.974148021310808
2883.1736602783203,5.851404114970581,1,3.9669609216300223
2883.2516469955444,5.851404114970581,1,3.9669609216300223
2883.329596757889,5.843762387834868,1,3.9712731814384927
2883.4216578006744,5.86159308448487,1,3.961211241885392
2883.5144345760345,5.836120660699148,1,3.975585441246967
2883.591662168503,5.843762387834868,1,3.9712731814384927
2883.686188220978,5.8564985997277255,1,3.9640860817577073
2883.7782111167908,5.843762387834868,1,3.9712731814384927
2883.857996940613,5.848856872592005,1,3.9683983415661817
2883.93678689003,5.85395135734915,1,3.9655235016938666
2884.0454959869385,5.843762387834868,1,3.9712731814384927
2884.1392748355865,5.859045842106294,1,3.9626486618215515
2884.231132030487,5.841215145456292,1,3.9727106013746525
2884.33784532547,5.851404114970581,1,3.9669609216300223
2884.4296000003815,5.833573418320579,1,3.977022861183123
2884.5191485881805,5.851404114970581,1,3.9669609216300223
2884.6109352111816,5.859045842106294,1,3.9626486618215515
2884.702887058258,5.8564985997277255,1,3.9640860817577073
2884.7807507514954,5.838667903077724,1,3.974148021310808
2884.858095407486,5.843762387834868,1,3.9712731814384927
2884.9370872974396,5.866687569242014,1,3.958336402013077
2885.0158319473267,5.8641403268634384,1,3.9597738219492364
2885.108257293701,5.85395135734915,1,3.9655235016938666
2885.1873774528503,5.86159308448487,1,3.961211241885392
2885.2793838977814,5.85395135734915,1,3.9655235016938666
2885.3570318222046,5.851404114970581,1,3.9669609216300223
2885.436814069748,5.866687569242014,1,3.958336402013077
2885.5290637016296,5.851404114970581,1,3.9669609216300223
2885.6215863227844,5.8641403268634384,1,3.9597738219492364
2885.7007415294647,5.86159308448487,1,3.961211241885392
2885.80827665329,5.848856872592005,1,3.9683983415661817
2885.99124956131,5.859045842106294,1,3.9626486618215515
2886.0825049877167,5.848856872592005,1,3.9683983415661817
2886.1617789268494,5.866687569242014,1,3.958336402013077
2886.238656282425,5.8564985997277255,1,3.9640860817577073
2886.3224515914917,5.851404114970581,1,3.9669609216300223
2886.4093542099,5.848856872592005,1,3.9683983415661817
2886.5001516342163,5.851404114970581,1,3.9669609216300223
2886.5940239429474,5.851404114970581,1,3.9669609216300223
2886.6699266433716,5.8641403268634384,1,3.9597738219492364
2886.74689745903,5.841215145456292,1,3.9727106013746525
2886.826655626297,5.846309630213437,1,3.9698357615023374
2886.9028899669647,5.876876538756296,1,3.952586722268451
2886.980656147003,5.866687569242014,1,3.958336402013077
2887.091425180435,5.85395135734915,1,3.9655235016938666
2887.197410106659,5.851404114970581,1,3.9669609216300223
2887.3061504364014,5.851404114970581,1,3.9669609216300223
2887.413818359375,5.8564985997277255,1,3.9640860817577073
2887.5245337486267,5.846309630213437,1,3.9698357615023374
2887.617823600769,5.8564985997277255,1,3.9640860817577073
2887.7728667259216,5.859045842106294,1,3.9626486618215515
2887.8497109413147,5.8641403268634384,1,3.9597738219492364
2887.943018913269,5.86159308448487,1,3.961211241885392
2888.019807577133,5.869234811620583,1,3.9568989820769214
2888.111610889435,5.86159308448487,1,3.961211241885392
2888.2034418582916,5.86159308448487,1,3.961211241885392
2888.295215368271,5.85395135734915,1,3.9655235016938666
2888.386970758438,5.869234811620583,1,3.9568989820769214
2888.463130235672,5.859045842106294,1,3.9626486618215515
2888.555812358856,5.8564985997277255,1,3.9640860817577073
2888.648917913437,5.866687569242014,1,3.958336402013077
2888.7418529987335,5.815742721670578,1,3.9870848007362234
2888.8180809020996,5.869234811620583,1,3.9568989820769214
2888.9116389751434,5.859045842106294,1,3.9626486618215515
2889.0028026103973,5.8717820539991585,1,3.955461562140762
2889.0948271751404,5.851404114970581,1,3.9669609216300223
2889.174673318863,5.86159308448487,1,3.961211241885392
2889.267256498337,5.859045842106294,1,3.9626486618215515
2889.3452875614166,5.8564985997277255,1,3.9640860817577073
2889.424225091934,5.8564985997277255,1,3.9640860817577073
2889.531120300293,5.859045842106294,1,3.9626486618215515
2889.608526945114,5.86159308448487,1,3.961211241885392
2889.700829744339,5.866687569242014,1,3.958336402013077
2889.7925844192505,5.851404114970581,1,3.9669609216300223
2889.872408390045,5.8717820539991585,1,3.955461562140762
2889.950087070465,5.8641403268634384,1,3.9597738219492364
2890.0260214805603,5.8564985997277255,1,3.9640860817577073
2890.105878829956,5.859045842106294,1,3.9626486618215515
2890.181314468384,5.859045842106294,1,3.9626486618215515
2890.2728157043457,5.874329296377727,1,3.9540241422046063
2890.3523013591766,5.876876538756296,1,3.952586722268451
2890.4289684295654,5.841215145456292,1,3.9727106013746525
2890.505030155182,5.866687569242014,1,3.958336402013077
2890.5814292430878,5.866687569242014,1,3.958336402013077
2890.659152984619,5.85395135734915,1,3.9655235016938666
2890.751454591751,5.869234811620583,1,3.9568989820769214
2890.843802690506,5.859045842106294,1,3.9626486618215515
2890.9357874393463,5.8717820539991585,1,3.955461562140762
2891.014853477478,5.874329296377727,1,3.9540241422046063
2891.092930793762,5.846309630213437,1,3.9698357615023374
2891.20112490654,5.88197102351344,1,3.949711882396136
2891.278897047043,5.85395135734915,1,3.9655235016938666
2891.355768442154,5.86159308448487,1,3.961211241885392
2891.432546854019,5.866687569242014,1,3.958336402013077
2891.5127766132355,5.859045842106294,1,3.9626486618215515
2891.604851961136,5.876876538756296,1,3.952586722268451
2891.681195497513,5.8717820539991585,1,3.955461562140762
2891.775284767151,5.8564985997277255,1,3.9640860817577073
2891.8510851860046,5.88197102351344,1,3.949711882396136
2891.9439442157745,5.85395135734915,1,3.9655235016938666
2892.023627281189,5.846309630213437,1,3.9698357615023374
2892.116758584976,5.869234811620583,1,3.9568989820769214
2892.1942162513733,5.848856872592005,1,3.9683983415661817
2892.2716450691223,5.86159308448487,1,3.961211241885392
2892.3635075092316,5.869234811620583,1,3.9568989820769214
2892.443170785904,5.866687569242014,1,3.958336402013077
2892.5209641456604,5.874329296377727,1,3.9540241422046063
2892.5985181331635,5.866687569242014,1,3.958336402013077
2892.6907670497894,5.851404114970581,1,3.9669609216300223
2892.76783823967,5.876876538756296,1,3.952586722268451
2892.874652147293,5.866687569242014,1,3.958336402013077
2892.953080892563,5.884518265892016,1,3.948274462459976
2893.0286400318146,5.8564985997277255,1,3.9640860817577073
2893.107633829117,5.8641403268634384,1,3.9597738219492364
2893.191428899765,5.8641403268634384,1,3.9597738219492364
2893.280240058899,5.8564985997277255,1,3.9640860817577073
2893.358471393585,5.874329296377727,1,3.9540241422046063
2893.4367237091064,5.866687569242014,1,3.958336402013077
2893.5132989883423,5.869234811620583,1,3.9568989820769214
2893.5926582813263,5.859045842106294,1,3.9626486618215515
2893.6836800575256,5.876876538756296,1,3.952586722268451
2893.7606575489044,5.866687569242014,1,3.958336402013077
2893.839551925659,5.866687569242014,1,3.958336402013077
2893.9327228069305,5.869234811620583,1,3.9568989820769214
2894.0107641220093,5.8717820539991585,1,3.955461562140762
2894.090666294098,5.8641403268634384,1,3.9597738219492364
2894.18368268013,5.869234811620583,1,3.9568989820769214
2894.2625048160553,5.866687569242014,1,3.958336402013077
2894.354284286499,5.8717820539991585,1,3.955461562140762
2894.4459569454193,5.866687569242014,1,3.958336402013077
2894.5577404499054,5.866687569242014,1,3.958336402013077
2894.6357474327087,5.866687569242014,1,3.958336402013077
2894.7136754989624,5.8717820539991585,1,3.955461562140762
2894.7922480106354,5.86159308448487,1,3.961211241885392
2894.885004043579,5.86159308448487,1,3.961211241885392
2894.964151620865,5.866687569242014,1,3.958336402013077
2895.043916940689,5.85395135734915,1,3.9655235016938666
2895.1209836006165,5.8794237811348715,1,3.9511493023322912
2895.199113368988,5.869234811620583,1,3.9568989820769214
2895.2773101329803,5.874329296377727,1,3.9540241422046063
2895.353716611862,5.88197102351344,1,3.949711882396136
2895.4326169490814,5.866687569242014,1,3.958336402013077
2895.526750564575,5.866687569242014,1,3.958336402013077
2895.603821992874,5.876876538756296,1,3.952586722268451
2895.682896375656,5.869234811620583,1,3.9568989820769214
2895.759733915329,5.8641403268634384,1,3.9597738219492364
2895.836165189743,5.869234811620583,1,3.9568989820769214
2895.912735939026,5.8641403268634384,1,3.9597738219492364
2895.9912207126617,5.8717820539991585,1,3.955461562140762
2896.0820083618164,5.88197102351344,1,3.949711882396136
2896.1897943019867,5.869234811620583,1,3.9568989820769214
2896.2668268680573,5.8794237811348715,1,3.9511493023322912
2896.343775987625,5.866687569242014,1,3.958336402013077
2896.4205992221832,5.88197102351344,1,3.949711882396136
2896.4978890419006,5.866687569242014,1,3.958336402013077
2896.5919399261475,5.8717820539991585,1,3.955461562140762
2896.671256542206,5.869234811620583,1,3.9568989820769214
2896.74897646904,5.8641403268634384,1,3.9597738219492364
2896.8271522521973,5.866687569242014,1,3.958336402013077
2896.9054124355316,5.874329296377727,1,3.9540241422046063
2896.982459783554,5.8717820539991585,1,3.955461562140762
2897.0745480060577,5.866687569242014,1,3.958336402013077
2897.1539828777313,5.869234811620583,1,3.9568989820769214
2897.246342420578,5.874329296377727,1,3.9540241422046063
2897.324867248535,5.8564985997277255,1,3.9640860817577073
2897.403661251068,5.8794237811348715,1,3.9511493023322912
2897.4795701503754,5.869234811620583,1,3.9568989820769214
2897.557487010956,5.874329296377727,1,3.9540241422046063
2897.635818719864,5.876876538756296,1,3.952586722268451
2897.728511095047,5.8641403268634384,1,3.9597738219492364
2897.852749824524,5.8717820539991585,1,3.955461562140762
2897.9446017742157,5.8794237811348715,1,3.9511493023322912
2898.0237073898315,5.8717820539991585,1,3.955461562140762
2898.0995140075684,5.876876538756296,1,3.952586722268451
2898.1755635738373,5.8641403268634384,1,3.9597738219492364
2898.2543716430664,5.876876538756296,1,3.952586722268451
2898.331226825714,5.876876538756296,1,3.952586722268451
2898.407056093216,5.8717820539991585,1,3.955461562140762
2898.486606836319,5.8717820539991585,1,3.955461562140762
2898.5630700588226,5.859045842106294,1,3.9626486618215515
2898.6396355628967,5.874329296377727,1,3.9540241422046063
2898.71954369545,5.874329296377727,1,3.9540241422046063
2898.7971980571747,5.874329296377727,1,3.9540241422046063
2898.8949387073517,5.876876538756296,1,3.952586722268451
2898.9818046092987,5.874329296377727,1,3.9540241422046063
2899.058902025223,5.876876538756296,1,3.952586722268451
2899.1366760730743,5.884518265892016,1,3.948274462459976
2899.2164916992188,5.8794237811348715,1,3.9511493023322912
2899.294288635254,5.866687569242014,1,3.958336402013077
2899.3716456890106,5.88197102351344,1,3.949711882396136
2899.48215508461,5.874329296377727,1,3.9540241422046063
2899.558925151825,5.8717820539991585,1,3.955461562140762
2899.6354598999023,5.88197102351344,1,3.949711882396136
2899.7277612686157,5.874329296377727,1,3.9540241422046063
2899.805335998535,5.869234811620583,1,3.9568989820769214
2899.8976912498474,5.88197102351344,1,3.949711882396136
2899.9739050865173,5.8717820539991585,1,3.955461562140762
2900.0667011737823,5.884518265892016,1,3.948274462459976
2900.142895936966,5.869234811620583,1,3.9568989820769214
2900.2344284057617,5.892159993027729,1,3.9439622026515058
2900.3099462985992,5.869234811620583,1,3.9568989820769214
2900.3879306316376,5.884518265892016,1,3.948274462459976
2900.4655196666718,5.884518265892016,1,3.948274462459976
2900.5578665733337,5.866687569242014,1,3.958336402013077
2900.650133371353,5.8794237811348715,1,3.9511493023322912
2900.7419877052307,5.8717820539991585,1,3.955461562140762
2900.8218607902527,5.88961275064916,1,3.945399622587661
2900.8988959789276,5.884518265892016,1,3.948274462459976
2900.990568637848,5.8717820539991585,1,3.955461562140762
2901.0689573287964,5.8870655082705845,1,3.946837042523821
2901.176560640335,5.8717820539991585,1,3.955461562140762
2901.2675807476044,5.869234811620583,1,3.9568989820769214
2901.344836473465,5.8564985997277255,1,3.9640860817577073
2901.42090177536,5.874329296377727,1,3.9540241422046063
2901.498147249222,5.88197102351344,1,3.949711882396136
2901.5768365859985,5.866687569242014,1,3.958336402013077
2901.6542031764984,5.8794237811348715,1,3.9511493023322912
2901.732047557831,5.8870655082705845,1,3.946837042523821
2901.811184644699,5.8717820539991585,1,3.955461562140762
2901.8891661167145,5.869234811620583,1,3.9568989820769214
2901.967447042465,5.876876538756296,1,3.952586722268451
2902.059907436371,5.86159308448487,1,3.961211241885392
2902.1357402801514,5.8717820539991585,1,3.955461562140762
2902.214928150177,5.88197102351344,1,3.949711882396136
2902.30686044693,5.8717820539991585,1,3.955461562140762
2902.3996121883392,5.869234811620583,1,3.9568989820769214
2902.478129386902,5.8717820539991585,1,3.955461562140762
2902.5720493793488,5.8717820539991585,1,3.955461562140762
2902.649089574814,5.876876538756296,1,3.952586722268451
2902.7280797958374,5.86159308448487,1,3.961211241885392
2902.8358516693115,5.88197102351344,1,3.949711882396136
2902.914356470108,5.892159993027729,1,3.9439622026515058
2902.992322921753,5.869234811620583,1,3.9568989820769214
2903.08381152153,5.884518265892016,1,3.948274462459976
2903.162387609482,5.869234811620583,1,3.9568989820769214
2903.2393457889557,5.866687569242014,1,3.958336402013077
2903.3307325839996,5.8794237811348715,1,3.9511493023322912
2903.4232699871063,5.874329296377727,1,3.9540241422046063
2903.5166385173798,5.8870655082705845,1,3.946837042523821
2903.593834400177,5.8717820539991585,1,3.955461562140762
2903.670775413513,5.874329296377727,1,3.9540241422046063
2903.762782096863,5.8870655082705845,1,3.946837042523821
2903.840653181076,5.8717820539991585,1,3.955461562140762
2903.919852256775,5.884518265892016,1,3.948274462459976
2903.9968354701996,5.876876538756296,1,3.952586722268451
2904.089673757553,5.884518265892016,1,3.948274462459976
2904.1658244132996,5.8794237811348715,1,3.9511493023322912
2904.256617307663,5.869234811620583,1,3.9568989820769214
2904.348529815674,5.874329296377727,1,3.9540241422046063
2904.439334630966,5.874329296377727,1,3.9540241422046063
2904.5476298332214,5.88197102351344,1,3.949711882396136
2904.6403958797455,5.874329296377727,1,3.9540241422046063
2904.733211517334,5.8717820539991585,1,3.955461562140762
2904.812631368637,5.8794237811348715,1,3.9511493023322912
2904.890564441681,5.876876538756296,1,3.952586722268451
2904.9687769412994,5.8870655082705845,1,3.946837042523821
2905.04731297493,5.876876538756296,1,3.952586722268451
2905.123779773712,5.876876538756296,1,3.952586722268451
2905.217631816864,5.892159993027729,1,3.9439622026515058
2905.2946627140045,5.869234811620583,1,3.9568989820769214
2905.370974779129,5.884518265892016,1,3.948274462459976
2905.448835849762,5.88961275064916,1,3.945399622587661
2905.5279471874237,5.874329296377727,1,3.9540241422046063
2905.6048831939697,5.884518265892016,1,3.948274462459976
2905.682821750641,5.892159993027729,1,3.9439622026515058
2905.7765803337097,5.876876538756296,1,3.952586722268451
2905.868423461914,5.8870655082705845,1,3.946837042523821
2905.945228099823,5.8794237811348715,1,3.9511493023322912
2906.0250356197357,5.8794237811348715,1,3.9511493023322912
2906.102861881256,5.899801720163449,1,3.939649942843031
2906.210559129715,5.869234811620583,1,3.9568989820769214
2906.2870347499847,5.8794237811348715,1,3.9511493023322912
2906.3648629188538,5.8870655082705845,1,3.946837042523821
2906.441082715988,5.884518265892016,1,3.948274462459976
2906.5182704925537,5.88961275064916,1,3.945399622587661
2906.595205783844,5.8641403268634384,1,3.9597738219492364
2906.671819448471,5.876876538756296,1,3.952586722268451
2906.7628729343414,5.88961275064916,1,3.945399622587661
2906.8401663303375,5.8870655082705845,1,3.946837042523821
2906.934973716736,5.8870655082705845,1,3.946837042523821
2907.011965036392,5.8870655082705845,1,3.946837042523821
2907.088325023651,5.874329296377727,1,3.9540241422046063
2907.181444644928,5.884518265892016,1,3.948274462459976
2907.2592334747314,5.8717820539991585,1,3.955461562140762
2907.335855960846,5.88197102351344,1,3.949711882396136
2907.41485953331,5.88961275064916,1,3.945399622587661
2907.4916427135468,5.869234811620583,1,3.9568989820769214
2907.5836577415466,5.902348962542018,1,3.9382125229068756
2907.6634368896484,5.88197102351344,1,3.949711882396136
2907.7563347816467,5.8794237811348715,1,3.9511493023322912
2907.864583015442,5.8794237811348715,1,3.9511493023322912
2907.9396891593933,5.884518265892016,1,3.948274462459976
2908.033394575119,5.894707235406305,1,3.942524782715346
2908.1282000541687,5.8870655082705845,1,3.946837042523821
2908.205243587494,5.884518265892016,1,3.948274462459976
2908.282484292984,5.899801720163449,1,3.939649942843031
2908.3610134124756,5.876876538756296,1,3.952586722268451
2908.4377946853638,5.897254477784873,1,3.9410873627791907
2908.5146753787994,5.897254477784873,1,3.9410873627791907
2908.5924015045166,5.8794237811348715,1,3.9511493023322912
2908.6694779396057,5.897254477784873,1,3.9410873627791907
2908.761192560196,5.874329296377727,1,3.9540241422046063
2908.839442014694,5.88961275064916,1,3.945399622587661
2908.917469024658,5.8870655082705845,1,3.946837042523821
2909.009337902069,5.884518265892016,1,3.948274462459976
2909.086196422577,5.899801720163449,1,3.939649942843031
2909.1799573898315,5.88961275064916,1,3.945399622587661
2909.259878396988,5.88197102351344,1,3.949711882396136
2909.3368604183197,5.897254477784873,1,3.9410873627791907
2909.429611682892,5.876876538756296,1,3.952586722268451
2909.536362171173,5.894707235406305,1,3.942524782715346
2909.6278693675995,5.892159993027729,1,3.9439622026515058
2909.7186272144318,5.88961275064916,1,3.945399622587661
2909.7955985069275,5.8794237811348715,1,3.9511493023322912
2909.871678352356,5.892159993027729,1,3.9439622026515058
2909.9476296901703,5.8870655082705845,1,3.946837042523821
2910.0266563892365,5.8870655082705845,1,3.946837042523821
2910.1055228710175,5.8870655082705845,1,3.946837042523821
2910.1826446056366,5.897254477784873,1,3.9410873627791907
2910.2751734256744,5.8794237811348715,1,3.9511493023322912
2910.3679823875427,5.897254477784873,1,3.9410873627791907
2910.4598290920258,5.892159993027729,1,3.9439622026515058
2910.537626504898,5.88961275064916,1,3.945399622587661
2910.6154174804688,5.899801720163449,1,3.939649942843031
2910.708205461502,5.884518265892016,1,3.948274462459976
2910.7856233119965,5.894707235406305,1,3.942524782715346
2910.8786511421204,5.8870655082705845,1,3.946837042523821
2910.9549288749695,5.894707235406305,1,3.942524782715346
2911.0486261844635,5.8870655082705845,1,3.946837042523821
2911.1249465942383,5.8870655082705845,1,3.946837042523821
2911.233003139496,5.894707235406305,1,3.942524782715346
2911.309984922409,5.8794237811348715,1,3.9511493023322912
2911.3898828029633,5.8870655082705845,1,3.946837042523821
2911.4809029102325,5.894707235406305,1,3.942524782715346
2911.5739319324493,5.884518265892016,1,3.948274462459976
2911.6518528461456,5.904896204920586,1,3.93677510297072
2911.7290551662445,5.912537932056306,1,3.9324628431622455
2911.822893857956,5.88961275064916,1,3.945399622587661
2911.8998832702637,5.8870655082705845,1,3.946837042523821
2911.9789164066315,5.884518265892016,1,3.948274462459976
2912.057320356369,5.8870655082705845,1,3.946837042523821
2912.134105205536,5.902348962542018,1,3.9382125229068756
2912.2118446826935,5.88961275064916,1,3.945399622587661
2912.3046419620514,5.892159993027729,1,3.9439622026515058
2912.3825657367706,5.907443447299162,1,3.9353376830345606
2912.4603929519653,5.88197102351344,1,3.949711882396136
2912.554135084152,5.88961275064916,1,3.945399622587661
2912.647951602936,5.894707235406305,1,3.942524782715346
2912.7249295711517,5.892159993027729,1,3.9439622026515058
2912.8040363788605,5.907443447299162,1,3.9353376830345606
2912.91162109375,5.884518265892016,1,3.948274462459976
2912.9876532554626,5.897254477784873,1,3.9410873627791907
2913.065605163574,5.902348962542018,1,3.9382125229068756
2913.144397497177,5.8870655082705845,1,3.946837042523821
2913.237293481827,5.899801720163449,1,3.939649942843031
2913.3153171539307,5.899801720163449,1,3.939649942843031
2913.407028913498,5.884518265892016,1,3.948274462459976
2913.484087705612,5.892159993027729,1,3.9439622026515058
2913.5601167678833,5.892159993027729,1,3.9439622026515058
2913.6376259326935,5.904896204920586,1,3.93677510297072
2913.7175147533417,5.902348962542018,1,3.9382125229068756
2913.811264514923,5.88961275064916,1,3.945399622587661
2913.8888866901398,5.894707235406305,1,3.942524782715346
2913.968403816223,5.899801720163449,1,3.939649942843031
2914.0450806617737,5.894707235406305,1,3.942524782715346
2914.120947122574,5.897254477784873,1,3.9410873627791907
2914.1997067928314,5.897254477784873,1,3.9410873627791907
2914.2776098251343,5.884518265892016,1,3.948274462459976
2914.3555750846863,5.892159993027729,1,3.9439622026515058
2914.4334983825684,5.904896204920586,1,3.93677510297072
2914.540376663208,5.892159993027729,1,3.9439622026515058
2914.631644964218,5.897254477784873,1,3.9410873627791907
2914.709259748459,5.897254477784873,1,3.9410873627791907
2914.8009889125824,5.902348962542018,1,3.9382125229068756
2914.8938138484955,5.894707235406305,1,3.942524782715346
2914.970691919327,5.907443447299162,1,3.9353376830345606
2915.0476248264313,5.897254477784873,1,3.9410873627791907
2915.126490354538,5.88961275064916,1,3.945399622587661
2915.218351125717,5.894707235406305,1,3.942524782715346
2915.2945482730865,5.874329296377727,1,3.9540241422046063
2915.3718667030334,5.8870655082705845,1,3.946837042523821
2915.4628777503967,5.892159993027729,1,3.9439622026515058
2915.5405740737915,5.899801720163449,1,3.939649942843031
2915.6186537742615,5.899801720163449,1,3.939649942843031
2915.7108919620514,5.892159993027729,1,3.9439622026515058
2915.789880990982,5.907443447299162,1,3.9353376830345606
2915.8687279224396,5.904896204920586,1,3.93677510297072
2915.9614074230194,5.897254477784873,1,3.9410873627791907
2916.05601477623,5.897254477784873,1,3.9410873627791907
2916.13316822052,5.897254477784873,1,3.9410873627791907
2916.2406721115112,5.894707235406305,1,3.942524782715346
2916.3186049461365,5.897254477784873,1,3.9410873627791907
2916.4095270633698,5.8870655082705845,1,3.946837042523821
2916.4873871803284,5.902348962542018,1,3.9382125229068756
2916.5650918483734,5.899801720163449,1,3.939649942843031
2916.641467809677,5.88197102351344,1,3.949711882396136
2916.719023704529,5.907443447299162,1,3.9353376830345606
2916.7952122688293,5.88961275064916,1,3.945399622587661
2916.8728239536285,5.8870655082705845,1,3.946837042523821
2916.9491469860077,5.904896204920586,1,3.93677510297072
2917.0440289974213,5.894707235406305,1,3.942524782715346
2917.150671005249,5.920179659192019,1,3.9281505833537746
2917.2295553684235,5.907443447299162,1,3.9353376830345606
2917.3074173927307,5.899801720163449,1,3.939649942843031
2917.3988478183746,5.902348962542018,1,3.9382125229068756
2917.47877907753,5.8870655082705845,1,3.946837042523821
2917.5712661743164,5.897254477784873,1,3.9410873627791907
2917.6490128040314,5.907443447299162,1,3.9353376830345606
2917.7281584739685,5.894707235406305,1,3.942524782715346
2917.8046708106995,5.8870655082705845,1,3.946837042523821
2917.9130289554596,5.902348962542018,1,3.9382125229068756
2917.989376306534,5.909990689677731,1,3.933900263098405
2918.0812623500824,5.897254477784873,1,3.9410873627791907
2918.1590073108673,5.892159993027729,1,3.9439622026515058
2918.252941131592,5.902348962542018,1,3.9382125229068756
2918.3461203575134,5.8870655082705845,1,3.946837042523821
2918.4249982833862,5.894707235406305,1,3.942524782715346
2918.515798807144,5.902348962542018,1,3.9382125229068756
2918.593891143799,5.892159993027729,1,3.9439622026515058
2918.6707842350006,5.904896204920586,1,3.93677510297072
2918.749319791794,5.902348962542018,1,3.9382125229068756
2918.8285508155823,5.894707235406305,1,3.942524782715346
2918.9206686019897,5.912537932056306,1,3.9324628431622455
2918.998577594757,5.904896204920586,1,3.93677510297072
2919.076523065567,5.892159993027729,1,3.9439622026515058
2919.169425725937,5.912537932056306,1,3.9324628431622455
2919.247392654419,5.902348962542018,1,3.9382125229068756
2919.32448887825,5.902348962542018,1,3.9382125229068756
2919.4200162887573,5.909990689677731,1,3.933900263098405
2919.5120301246643,5.892159993027729,1,3.9439622026515058
2919.621294736862,5.907443447299162,1,3.9353376830345606
2919.6987421512604,5.915085174434875,1,3.9310254232260897
2919.7778191566467,5.8870655082705845,1,3.946837042523821
2919.8546204566956,5.899801720163449,1,3.939649942843031
2919.9319789409637,5.925274143949164,1,3.9252757434814596
2920.0118129253387,5.88961275064916,1,3.945399622587661
2920.089074611664,5.897254477784873,1,3.9410873627791907
2920.16579079628,5.920179659192019,1,3.9281505833537746
2920.2585904598236,5.897254477784873,1,3.9410873627791907
2920.3354663848877,5.909990689677731,1,3.933900263098405
2920.413274526596,5.892159993027729,1,3.9439622026515058
2920.5084161758423,5.894707235406305,1,3.942524782715346
2920.600953578949,5.907443447299162,1,3.9353376830345606
2920.677495241165,5.904896204920586,1,3.93677510297072
2920.757492542267,5.899801720163449,1,3.939649942843031
2920.847600221634,5.894707235406305,1,3.942524782715346
2920.925516843796,5.897254477784873,1,3.9410873627791907
2921.001362323761,5.902348962542018,1,3.9382125229068756
2921.0786287784576,5.894707235406305,1,3.942524782715346
2921.15660905838,5.907443447299162,1,3.9353376830345606
2921.263016462326,5.899801720163449,1,3.939649942843031
2921.3405117988586,5.897254477784873,1,3.9410873627791907
2921.4191670417786,5.912537932056306,1,3.9324628431622455
2921.509810447693,5.88961275064916,1,3.945399622587661
2921.5876071453094,5.912537932056306,1,3.9324628431622455
2921.6673901081085,5.912537932056306,1,3.9324628431622455
2921.7600865364075,5.902348962542018,1,3.9382125229068756
2921.850845336914,5.907443447299162,1,3.9353376830345606
2921.929272413254,5.897254477784873,1,3.9410873627791907
2922.0052943229675,5.902348962542018,1,3.9382125229068756
2922.0809922218323,5.912537932056306,1,3.9324628431622455
2922.158744096756,5.897254477784873,1,3.9410873627791907
2922.2355904579163,5.907443447299162,1,3.9353376830345606
2922.327938556671,5.892159993027729,1,3.9439622026515058
2922.4062163829803,5.897254477784873,1,3.9410873627791907
2922.495976448059,5.909990689677731,1,3.933900263098405
2922.5885643959045,5.912537932056306,1,3.9324628431622455
2922.6663134098053,5.909990689677731,1,3.933900263098405
2922.7586913108826,5.894707235406305,1,3.942524782715346
2922.8528339862823,5.915085174434875,1,3.9310254232260897
2922.9600627422333,5.8870655082705845,1,3.946837042523821
2923.040046453476,5.915085174434875,1,3.9310254232260897
2923.118009328842,5.912537932056306,1,3.9324628431622455
2923.2098944187164,5.902348962542018,1,3.9382125229068756
2923.286899805069,5.917632416813451,1,3.9295880032899304
2923.379626750946,5.902348962542018,1,3.9382125229068756
2923.4563755989075,5.907443447299162,1,3.9353376830345606
2923.547890663147,5.894707235406305,1,3.942524782715346
2923.624794960022,5.899801720163449,1,3.939649942843031
2923.7017302513123,5.917632416813451,1,3.9295880032899304
2923.7801275253296,5.909990689677731,1,3.933900263098405
2923.8719325065613,5.899801720163449,1,3.939649942843031
2923.9650571346283,5.894707235406305,1,3.942524782715346
2924.044523715973,5.897254477784873,1,3.9410873627791907
2924.1223199367523,5.892159993027729,1,3.9439622026515058
2924.1983580589294,5.907443447299162,1,3.9353376830345606
2924.2764570713043,5.907443447299162,1,3.9353376830345606
2924.3533411026,5.917632416813451,1,3.9295880032899304
2924.4480838775635,5.917632416813451,1,3.9295880032899304
2924.541832447052,5.894707235406305,1,3.942524782715346
2924.650857925415,5.912537932056306,1,3.9324628431622455
2924.7277410030365,5.899801720163449,1,3.939649942843031
2924.805688381195,5.917632416813451,1,3.9295880032899304
2924.899438381195,5.904896204920586,1,3.93677510297072
2924.9921901226044,5.904896204920586,1,3.93677510297072
2925.0839869976044,5.912537932056306,1,3.9324628431622455
2925.178792953491,5.902348962542018,1,3.9382125229068756
2925.255769968033,5.909990689677731,1,3.933900263098405
2925.3332147598267,5.912537932056306,1,3.9324628431622455
2925.4130578041077,5.907443447299162,1,3.9353376830345606
2925.504827260971,5.917632416813451,1,3.9295880032899304
2925.5975499153137,5.907443447299162,1,3.9353376830345606
2925.689222574234,5.909990689677731,1,3.933900263098405
2925.781581878662,5.912537932056306,1,3.9324628431622455
2925.876233816147,5.902348962542018,1,3.9382125229068756
2925.95264172554,5.912537932056306,1,3.9324628431622455
2926.030447244644,5.915085174434875,1,3.9310254232260897
2926.1103370189667,5.894707235406305,1,3.942524782715346
2926.2160539627075,5.915085174434875,1,3.9310254232260897
2926.3108015060425,5.904896204920586,1,3.93677510297072
2926.4205079078674,5.912537932056306,1,3.9324628431622455
2926.5112659931183,5.894707235406305,1,3.942524782715346
2926.590453863144,5.912537932056306,1,3.9324628431622455
2926.6684391498566,5.912537932056306,1,3.9324628431622455
2926.7457189559937,5.912537932056306,1,3.9324628431622455
2926.825568675995,5.915085174434875,1,3.9310254232260897
2926.917601585388,5.912537932056306,1,3.9324628431622455
2926.9953620433807,5.897254477784873,1,3.9410873627791907
2927.07363653183,5.907443447299162,1,3.9353376830345606
2927.1505658626556,5.925274143949164,1,3.9252757434814596
2927.228079557419,5.904896204920586,1,3.93677510297072
2927.3068709373474,5.909990689677731,1,3.933900263098405
2927.3986251354218,5.909990689677731,1,3.933900263098405
2927.4944038391113,5.904896204920586,1,3.93677510297072
2927.587121486664,5.920179659192019,1,3.9281505833537746
2927.67995262146,5.899801720163449,1,3.939649942843031
2927.759043455124,5.907443447299162,1,3.9353376830345606
2927.8351640701294,5.915085174434875,1,3.9310254232260897
2927.927039861679,5.897254477784873,1,3.9410873627791907
2928.00488948822,5.909990689677731,1,3.933900263098405
2928.109729528427,5.917632416813451,1,3.9295880032899304
2928.18922662735,5.904896204920586,1,3.93677510297072
2928.2654237747192,5.917632416813451,1,3.9295880032899304
2928.3419778347015,5.902348962542018,1,3.9382125229068756
2928.4190061092377,5.902348962542018,1,3.9382125229068756
2928.509763479233,5.902348962542018,1,3.9382125229068756
2928.6020064353943,5.922726901570595,1,3.9267131634176153
2928.678221464157,5.904896204920586,1,3.93677510297072
2928.7691814899445,5.915085174434875,1,3.9310254232260897
2928.846027135849,5.907443447299162,1,3.9353376830345606
2928.924231529236,5.912537932056306,1,3.9324628431622455
2929.0015943050385,5.917632416813451,1,3.9295880032899304
2929.078943014145,5.902348962542018,1,3.9382125229068756
2929.1567299365997,5.917632416813451,1,3.9295880032899304
2929.2490870952606,5.917632416813451,1,3.9295880032899304
2929.3269777297974,5.912537932056306,1,3.9324628431622455
2929.4048845767975,5.927821386327739,1,3.9238383235453003
2929.4826459884644,5.922726901570595,1,3.9267131634176153
2929.575441598892,5.907443447299162,1,3.9353376830345606
2929.670178413391,5.920179659192019,1,3.9281505833537746
2929.777977705002,5.904896204920586,1,3.93677510297072
2929.8574764728546,5.909990689677731,1,3.933900263098405
2929.949072122574,5.920179659192019,1,3.9281505833537746
2930.0270051956177,5.904896204920586,1,3.93677510297072
2930.1051845550537,5.915085174434875,1,3.9310254232260897
2930.182454109192,5.912537932056306,1,3.9324628431622455
2930.2601251602173,5.904896204920586,1,3.93677510297072
2930.339267730713,5.927821386327739,1,3.9238383235453003
2930.4168272018433,5.922726901570595,1,3.9267131634176153
2930.4940090179443,5.909990689677731,1,3.933900263098405
2930.5736062526703,5.912537932056306,1,3.9324628431622455
2930.6656563282013,5.927821386327739,1,3.9238383235453003
2930.7584290504456,5.904896204920586,1,3.93677510297072
2930.850483894348,5.917632416813451,1,3.9295880032899304
2930.928298473358,5.904896204920586,1,3.93677510297072
2931.008113384247,5.920179659192019,1,3.9281505833537746
2931.085706949234,5.915085174434875,1,3.9310254232260897
2931.1625843048096,5.917632416813451,1,3.9295880032899304
2931.2395284175873,5.917632416813451,1,3.9295880032899304
2931.3154296875,5.925274143949164,1,3.9252757434814596
2931.422166824341,5.917632416813451,1,3.9295880032899304
2931.499975681305,5.884518265892016,1,3.948274462459976
2931.5766768455505,5.922726901570595,1,3.9267131634176153
2931.668707847595,5.922726901570595,1,3.9267131634176153
2931.747529029846,5.917632416813451,1,3.9295880032899304
2931.8380088806152,5.927821386327739,1,3.9238383235453003
2931.930319786072,5.915085174434875,1,3.9310254232260897
2932.009509086609,5.912537932056306,1,3.9324628431622455
2932.086611509323,5.912537932056306,1,3.9324628431622455
2932.163465976715,5.915085174434875,1,3.9310254232260897
2932.2415018081665,5.925274143949164,1,3.9252757434814596
2932.3330595493317,5.930368628706308,1,3.9224009036091445
2932.4100387096405,5.912537932056306,1,3.9324628431622455
2932.502317905426,5.920179659192019,1,3.9281505833537746
2932.593670129776,5.904896204920586,1,3.93677510297072
2932.673154592514,5.930368628706308,1,3.9224009036091445
2932.7498059272766,5.920179659192019,1,3.9281505833537746
2932.8274648189545,5.912537932056306,1,3.9324628431622455
2932.906692504883,5.920179659192019,1,3.9281505833537746
2932.9860208034515,5.927821386327739,1,3.9238383235453003
2933.0959985256195,5.917632416813451,1,3.9295880032899304
2933.175995826721,5.912537932056306,1,3.9324628431622455
2933.250794649124,5.920179659192019,1,3.9281505833537746
2933.3281416893005,5.925274143949164,1,3.9252757434814596
2933.4077467918396,5.907443447299162,1,3.9353376830345606
2933.484842300415,5.925274143949164,1,3.9252757434814596
2933.561990737915,5.917632416813451,1,3.9295880032899304
2933.6398191452026,5.917632416813451,1,3.9295880032899304
2933.7157893180847,5.927821386327739,1,3.9238383235453003
2933.794627428055,5.907443447299162,1,3.9353376830345606
2933.873866558075,5.927821386327739,1,3.9238383235453003
2933.9507451057434,5.922726901570595,1,3.9267131634176153
2934.028080224991,5.922726901570595,1,3.9267131634176153
2934.1055297851562,5.935463113463452,1,3.9195260637368294
2934.1973707675934,5.917632416813451,1,3.9295880032899304
2934.274804830551,5.927821386327739,1,3.9238383235453003
2934.366097688675,5.920179659192019,1,3.9281505833537746
2934.44385099411,5.909990689677731,1,3.933900263098405
2934.5358855724335,5.920179659192019,1,3.9281505833537746
2934.6129155158997,5.912537932056306,1,3.9324628431622455
2934.7195596694946,5.917632416813451,1,3.9295880032899304
2934.798413515091,5.920179659192019,1,3.9281505833537746
2934.889216899872,5.927821386327739,1,3.9238383235453003
2934.966396331787,5.932915871084877,1,3.920963483672989
2935.043805360794,5.909990689677731,1,3.933900263098405
2935.1202907562256,5.922726901570595,1,3.9267131634176153
2935.199416399002,5.917632416813451,1,3.9295880032899304
2935.278774023056,5.915085174434875,1,3.9310254232260897
2935.369416475296,5.927821386327739,1,3.9238383235453003
2935.44784784317,5.920179659192019,1,3.9281505833537746
2935.5249874591827,5.927821386327739,1,3.9238383235453003
2935.6018075942993,5.922726901570595,1,3.9267131634176153
2935.6816494464874,5.915085174434875,1,3.9310254232260897
2935.760526418686,5.909990689677731,1,3.933900263098405
2935.836974620819,5.930368628706308,1,3.9224009036091445
2935.9288341999054,5.917632416813451,1,3.9295880032899304
2936.021640062332,5.925274143949164,1,3.9252757434814596
2936.11252951622,5.935463113463452,1,3.9195260637368294
2936.190452814102,5.927821386327739,1,3.9238383235453003
2936.280658006668,5.912537932056306,1,3.9324628431622455
2936.3993620872498,5.930368628706308,1,3.9224009036091445
2936.484134912491,5.915085174434875,1,3.9310254232260897
2936.5614714622498,5.909990689677731,1,3.933900263098405
2936.6400847434998,5.930368628706308,1,3.9224009036091445
2936.7308707237244,5.912537932056306,1,3.9324628431622455
2936.808708667755,5.917632416813451,1,3.9295880032899304
2936.886636018753,5.927821386327739,1,3.9238383235453003
2936.9645652770996,5.922726901570595,1,3.9267131634176153
2937.056740760803,5.932915871084877,1,3.920963483672989
2937.136545419693,5.932915871084877,1,3.920963483672989
2937.228665828705,5.922726901570595,1,3.9267131634176153
2937.321804046631,5.922726901570595,1,3.9267131634176153
2937.3996970653534,5.927821386327739,1,3.9238383235453003
2937.476498603821,5.917632416813451,1,3.9295880032899304
2937.570039987564,5.925274143949164,1,3.9252757434814596
2937.664783000946,5.912537932056306,1,3.9324628431622455
2937.7416446208954,5.915085174434875,1,3.9310254232260897
2937.819601535797,5.925274143949164,1,3.9252757434814596
2937.9106278419495,5.915085174434875,1,3.9310254232260897
2938.001298189163,5.938010355842021,1,3.918088643800674
2938.1104674339294,5.927821386327739,1,3.9238383235453003
2938.188372373581,5.925274143949164,1,3.9252757434814596
2938.268168926239,5.943104840599165,1,3.915213803928359
2938.3439824581146,5.917632416813451,1,3.9295880032899304
2938.4208929538727,5.927821386327739,1,3.9238383235453003
2938.4990088939667,5.917632416813451,1,3.9295880032899304
2938.576959133148,5.917632416813451,1,3.9295880032899304
2938.654814720154,5.930368628706308,1,3.9224009036091445
2938.7505609989166,5.917632416813451,1,3.9295880032899304
2938.827353477478,5.915085174434875,1,3.9310254232260897
2938.90389919281,5.922726901570595,1,3.9267131634176153
2938.9832174777985,5.917632416813451,1,3.9295880032899304
2939.060455083847,5.915085174434875,1,3.9310254232260897
2939.1528956890106,5.925274143949164,1,3.9252757434814596
2939.232879638672,5.912537932056306,1,3.9324628431622455
2939.309494972229,5.927821386327739,1,3.9238383235453003
2939.3881301879883,5.932915871084877,1,3.920963483672989
2939.4675376415253,5.932915871084877,1,3.920963483672989
2939.5593390464783,5.917632416813451,1,3.9295880032899304
2939.637761116028,5.932915871084877,1,3.920963483672989
2939.744889974594,5.917632416813451,1,3.9295880032899304
2939.838528394699,5.932915871084877,1,3.920963483672989
2939.9318041801453,5.922726901570595,1,3.9267131634176153
2940.008071422577,5.927821386327739,1,3.9238383235453003
2940.0868344306946,5.930368628706308,1,3.9224009036091445
2940.1646826267242,5.925274143949164,1,3.9252757434814596
2940.24045920372,5.927821386327739,1,3.9238383235453003
2940.3152828216553,5.925274143949164,1,3.9252757434814596
2940.391841650009,5.935463113463452,1,3.9195260637368294
2940.4697506427765,5.938010355842021,1,3.918088643800674
2940.54762506485,5.909990689677731,1,3.933900263098405
2940.6251814365387,5.927821386327739,1,3.9238383235453003
2940.7030301094055,5.932915871084877,1,3.920963483672989
2940.7809085845947,5.920179659192019,1,3.9281505833537746
2940.8606917858124,5.935463113463452,1,3.9195260637368294
2940.9525275230408,5.925274143949164,1,3.9252757434814596
2941.0456194877625,5.922726901570595,1,3.9267131634176153
2941.139753341675,5.927821386327739,1,3.9238383235453003
2941.2321887016296,5.925274143949164,1,3.9252757434814596
2941.3245997428894,5.925274143949164,1,3.9252757434814596
2941.430451631546,5.912537932056306,1,3.9324628431622455
2941.5082063674927,5.917632416813451,1,3.9295880032899304
2941.5880658626556,5.940557598220597,1,3.9166512238645144
2941.6649928092957,5.922726901570595,1,3.9267131634176153
2941.742862224579,5.925274143949164,1,3.9252757434814596
2941.821661233902,5.925274143949164,1,3.9252757434814596
2941.9127502441406,5.920179659192019,1,3.9281505833537746
2942.006445169449,5.930368628706308,1,3.9224009036091445
2942.0981998443604,5.917632416813451,1,3.9295880032899304
2942.190819501877,5.920179659192019,1,3.9281505833537746
2942.2676470279694,5.920179659192019,1,3.9281505833537746
2942.3448157310486,5.915085174434875,1,3.9310254232260897
2942.421655654907,5.925274143949164,1,3.9252757434814596
2942.5155572891235,5.917632416813451,1,3.9295880032899304
2942.591500043869,5.915085174434875,1,3.9310254232260897
2942.6693770885468,5.943104840599165,1,3.915213803928359
2942.7483122348785,5.915085174434875,1,3.9310254232260897
2942.8259749412537,5.925274143949164,1,3.9252757434814596
2942.9029161930084,5.927821386327739,1,3.9238383235453003
2942.9795467853546,5.917632416813451,1,3.9295880032899304
2943.0873506069183,5.927821386327739,1,3.9238383235453003
2943.1662259101868,5.920179659192019,1,3.9281505833537746
2943.2440388202667,5.922726901570595,1,3.9267131634176153
2943.3369884490967,5.925274143949164,1,3.9252757434814596
2943.415149450302,5.925274143949164,1,3.9252757434814596
2943.4929900169373,5.932915871084877,1,3.920963483672989
2943.5845181941986,5.935463113463452,1,3.9195260637368294
2943.6633570194244,5.922726901570595,1,3.9267131634176153
2943.740152359009,5.932915871084877,1,3.920963483672989
2943.8306715488434,5.917632416813451,1,3.9295880032899304
2943.9105310440063,5.925274143949164,1,3.9252757434814596
2943.9874272346497,5.925274143949164,1,3.9252757434814596
2944.079817056656,5.927821386327739,1,3.9238383235453003
2944.1735348701477,5.930368628706308,1,3.9224009036091445
2944.2496376037598,5.922726901570595,1,3.9267131634176153
2944.326863527298,5.930368628706308,1,3.9224009036091445
2944.4196298122406,5.925274143949164,1,3.9252757434814596
2944.5118536949158,5.932915871084877,1,3.920963483672989
2944.59179353714,5.925274143949164,1,3.9252757434814596
2944.668783187866,5.932915871084877,1,3.920963483672989
2944.776649951935,5.920179659192019,1,3.9281505833537746
2944.8544476032257,5.943104840599165,1,3.915213803928359
2944.945878505707,5.922726901570595,1,3.9267131634176153
2945.0250704288483,5.932915871084877,1,3.920963483672989
2945.1034862995148,5.925274143949164,1,3.9252757434814596
2945.195248365402,5.920179659192019,1,3.9281505833537746
2945.2738864421844,5.927821386327739,1,3.9238383235453003
2945.3673012256622,5.94819932535631,1,3.912338964056044
2945.4446935653687,5.927821386327739,1,3.9238383235453003
2945.5238103866577,5.938010355842021,1,3.918088643800674
2945.6137042045593,5.932915871084877,1,3.920963483672989
2945.705749988556,5.927821386327739,1,3.9238383235453003
2945.782795190811,5.920179659192019,1,3.9281505833537746
2945.8742213249207,5.935463113463452,1,3.9195260637368294
2945.967221260071,5.920179659192019,1,3.9281505833537746
2946.046174764633,5.927821386327739,1,3.9238383235453003
2946.1230478286743,5.935463113463452,1,3.9195260637368294
2946.201891183853,5.922726901570595,1,3.9267131634176153
2946.280790567398,5.927821386327739,1,3.9238383235453003
2946.3568930625916,5.932915871084877,1,3.920963483672989
2946.4645812511444,5.917632416813451,1,3.9295880032899304
2946.5403842926025,5.932915871084877,1,3.920963483672989
2946.6173520088196,5.938010355842021,1,3.918088643800674
2946.7130484580994,5.920179659192019,1,3.9281505833537746
2946.8050158023834,5.917632416813451,1,3.9295880032899304
2946.882031917572,5.938010355842021,1,3.918088643800674
2946.961906671524,5.917632416813451,1,3.9295880032899304
2947.038068294525,5.938010355842021,1,3.918088643800674
2947.1148598194122,5.920179659192019,1,3.9281505833537746
2947.2069144248962,5.935463113463452,1,3.9195260637368294
2947.297648191452,5.917632416813451,1,3.9295880032899304
2947.376673936844,5.938010355842021,1,3.918088643800674
2947.453450679779,5.927821386327739,1,3.9238383235453003
2947.5452370643616,5.922726901570595,1,3.9267131634176153
2947.622833967209,5.932915871084877,1,3.920963483672989
2947.6990807056427,5.917632416813451,1,3.9295880032899304
2947.791389942169,5.938010355842021,1,3.918088643800674
2947.8863174915314,5.940557598220597,1,3.9166512238645144
2947.9636328220367,5.930368628706308,1,3.9224009036091445
2948.0567440986633,5.932915871084877,1,3.920963483672989
2948.167322397232,5.932915871084877,1,3.920963483672989
2948.244144678116,5.922726901570595,1,3.9267131634176153
2948.320718765259,5.927821386327739,1,3.9238383235453003
2948.3984582424164,5.920179659192019,1,3.9281505833537746
2948.47464799881,5.935463113463452,1,3.9195260637368294
2948.5527873039246,5.935463113463452,1,3.9195260637368294
2948.631264925003,5.927821386327739,1,3.9238383235453003
2948.7081406116486,5.920179659192019,1,3.9281505833537746
2948.7859733104706,5.940557598220597,1,3.9166512238645144
2948.8783342838287,5.927821386327739,1,3.9238383235453003
2948.9710767269135,5.935463113463452,1,3.9195260637368294
2949.0488953590393,5.915085174434875,1,3.9310254232260897
2949.1257405281067,5.922726901570595,1,3.9267131634176153
2949.218111515045,5.938010355842021,1,3.918088643800674
2949.2959084510803,5.927821386327739,1,3.9238383235453003
2949.387050151825,5.927821386327739,1,3.9238383235453003
2949.466456890106,5.927821386327739,1,3.9238383235453003
2949.5449006557465,5.927821386327739,1,3.9238383235453003
2949.621780395508,5.940557598220597,1,3.9166512238645144
2949.7011935710907,5.930368628706308,1,3.9224009036091445
2949.809883117676,5.940557598220597,1,3.9166512238645144
2949.888364315033,5.938010355842021,1,3.918088643800674
2949.9643454551697,5.917632416813451,1,3.9295880032899304
2950.0575807094574,5.930368628706308,1,3.9224009036091445
2950.1528792381287,5.938010355842021,1,3.918088643800674
2950.232811689377,5.922726901570595,1,3.9267131634176153
2950.325452566147,5.927821386327739,1,3.9238383235453003
2950.4030060768127,5.935463113463452,1,3.9195260637368294
2950.481931209564,5.917632416813451,1,3.9295880032899304
2950.5754570961,5.935463113463452,1,3.9195260637368294
2950.6548595428467,5.935463113463452,1,3.9195260637368294
2950.732818841934,5.912537932056306,1,3.9324628431622455
2950.8110406398773,5.935463113463452,1,3.9195260637368294
2950.903812646866,5.927821386327739,1,3.9238383235453003
2950.9806957244873,5.917632416813451,1,3.9295880032899304
2951.0605602264404,5.938010355842021,1,3.918088643800674
2951.1387116909027,5.945652082977741,1,3.9137763839921993
2951.230966091156,5.922726901570595,1,3.9267131634176153
2951.308477640152,5.930368628706308,1,3.9224009036091445
2951.388259410858,5.938010355842021,1,3.918088643800674
2951.4970722198486,5.938010355842021,1,3.918088643800674
2951.576330423355,5.922726901570595,1,3.9267131634176153
2951.6532278060913,5.938010355842021,1,3.918088643800674
2951.731455564499,5.932915871084877,1,3.920963483672989
2951.8076515197754,5.95584105249203,1,3.908026704247569
2951.9004232883453,5.940557598220597,1,3.9166512238645144
2951.9923508167267,5.945652082977741,1,3.9137763839921993
2952.0711603164673,5.940557598220597,1,3.9166512238645144
2952.147567510605,5.930368628706308,1,3.9224009036091445
2952.2262947559357,5.950746567734885,1,3.910901544119884
2952.3043916225433,5.925274143949164,1,3.9252757434814596
2952.3981409072876,5.927821386327739,1,3.9238383235453003
2952.4779331684113,5.927821386327739,1,3.9238383235453003
2952.557734966278,5.94819932535631,1,3.912338964056044
2952.6356270313263,5.932915871084877,1,3.920963483672989
2952.713618993759,5.930368628706308,1,3.9224009036091445
2952.7930085659027,5.927821386327739,1,3.9238383235453003
2952.88671708107,5.930368628706308,1,3.9224009036091445
2952.9665038585663,5.935463113463452,1,3.9195260637368294
2953.046291589737,5.938010355842021,1,3.918088643800674
2953.1559970378876,5.953293810113454,1,3.909464124183729
2953.235783815384,5.940557598220597,1,3.9166512238645144
2953.326541185379,5.938010355842021,1,3.918088643800674
2953.4194614887238,5.938010355842021,1,3.918088643800674
2953.511896133423,5.927821386327739,1,3.9238383235453003
2953.6026561260223,5.953293810113454,1,3.909464124183729
2953.679488658905,5.943104840599165,1,3.915213803928359
2953.773207426071,5.943104840599165,1,3.915213803928359
2953.8507697582245,5.930368628706308,1,3.9224009036091445
2953.929803133011,5.940557598220597,1,3.9166512238645144
2954.00684261322,5.953293810113454,1,3.909464124183729
2954.086651325226,5.940557598220597,1,3.9166512238645144
2954.1662085056305,5.925274143949164,1,3.9252757434814596
2954.256749391556,5.940557598220597,1,3.9166512238645144
2954.334624528885,5.938010355842021,1,3.918088643800674
2954.413152694702,5.927821386327739,1,3.9238383235453003
2954.489636182785,5.940557598220597,1,3.9166512238645144
2954.5672376155853,5.940557598220597,1,3.9166512238645144
2954.6470823287964,5.94819932535631,1,3.912338964056044
2954.73894238472,5.94819932535631,1,3.912338964056044
2954.8451867103577,5.935463113463452,1,3.9195260637368294
2954.936057329178,5.940557598220597,1,3.9166512238645144
2955.028683900833,5.932915871084877,1,3.920963483672989
2955.122232913971,5.943104840599165,1,3.915213803928359
2955.2001156806946,5.935463113463452,1,3.9195260637368294
2955.2780458927155,5.932915871084877,1,3.920963483672989
2955.369404554367,5.95584105249203,1,3.908026704247569
2955.4471435546875,5.938010355842021,1,3.918088643800674
2955.5267701148987,5.935463113463452,1,3.9195260637368294
2955.6066653728485,5.953293810113454,1,3.909464124183729
2955.6828594207764,5.927821386327739,1,3.9238383235453003
2955.761003255844,5.940557598220597,1,3.9166512238645144
2955.853759765625,5.945652082977741,1,3.9137763839921993
2955.931701183319,5.943104840599165,1,3.915213803928359
2956.009923219681,5.950746567734885,1,3.910901544119884
2956.087857723236,5.953293810113454,1,3.909464124183729
2956.1805250644684,5.932915871084877,1,3.920963483672989
2956.257776737213,5.945652082977741,1,3.9137763839921993
2956.349749803543,5.945652082977741,1,3.9137763839921993
2956.427584171295,5.938010355842021,1,3.918088643800674
2956.5365862846375,5.94819932535631,1,3.912338964056044
2956.613482236862,5.935463113463452,1,3.9195260637368294
2956.706531763077,5.958388294870598,1,3.906589284311414
2956.7843024730682,5.938010355842021,1,3.918088643800674
2956.8777153491974,5.930368628706308,1,3.9224009036091445
2956.971506357193,5.950746567734885,1,3.910901544119884
2957.047415971756,5.943104840599165,1,3.915213803928359
2957.124902486801,5.940557598220597,1,3.9166512238645144
2957.202880859375,5.945652082977741,1,3.9137763839921993
2957.279689311981,5.940557598220597,1,3.9166512238645144
2957.35670542717,5.935463113463452,1,3.9195260637368294
2957.4336977005005,5.940557598220597,1,3.9166512238645144
2957.524198770523,5.935463113463452,1,3.9195260637368294
2957.604290485382,5.943104840599165,1,3.915213803928359
2957.6832082271576,5.938010355842021,1,3.918088643800674
2957.759003162384,5.935463113463452,1,3.9195260637368294
2957.836987257004,5.953293810113454,1,3.909464124183729
2957.915636777878,5.932915871084877,1,3.920963483672989
2957.9928772449493,5.950746567734885,1,3.910901544119884
2958.086638212204,5.945652082977741,1,3.9137763839921993
2958.1986327171326,5.935463113463452,1,3.9195260637368294
2958.2759006023407,5.958388294870598,1,3.906589284311414
2958.367651462555,5.950746567734885,1,3.910901544119884
2958.4456346035004,5.938010355842021,1,3.918088643800674
2958.523512363434,5.94819932535631,1,3.912338964056044
2958.602639198303,5.938010355842021,1,3.918088643800674
2958.680649995804,5.938010355842021,1,3.918088643800674
2958.7597110271454,5.95584105249203,1,3.908026704247569
2958.837226629257,5.945652082977741,1,3.9137763839921993
2958.915590763092,5.945652082977741,1,3.9137763839921993
2958.993383407593,5.943104840599165,1,3.915213803928359
2959.069685935974,5.953293810113454,1,3.909464124183729
2959.1459584236145,5.932915871084877,1,3.920963483672989
2959.238906145096,5.950746567734885,1,3.910901544119884
2959.331693172455,5.938010355842021,1,3.918088643800674
2959.4228508472443,5.958388294870598,1,3.906589284311414
2959.501652240753,5.945652082977741,1,3.9137763839921993
2959.5953528881073,5.940557598220597,1,3.9166512238645144
2959.6872901916504,5.94819932535631,1,3.912338964056044
2959.781403064728,5.94819932535631,1,3.912338964056044
2959.9349915981293,5.945652082977741,1,3.9137763839921993
2960.0277943611145,5.932915871084877,1,3.920963483672989
2960.1335043907166,5.950746567734885,1,3.910901544119884
2960.2426767349243,5.94819932535631,1,3.912338964056044
2960.349913597107,5.94819932535631,1,3.912338964056044
2960.4437985420227,5.95584105249203,1,3.908026704247569
2960.5365781784058,5.94819932535631,1,3.912338964056044
2960.6278562545776,5.950746567734885,1,3.910901544119884
2960.7189722061157,5.94819932535631,1,3.912338964056044
2960.797501564026,5.938010355842021,1,3.918088643800674
2960.906662940979,5.953293810113454,1,3.909464124183729
2961.0147881507874,5.943104840599165,1,3.915213803928359
2961.1067345142365,5.95584105249203,1,3.908026704247569
2961.2008521556854,5.945652082977741,1,3.9137763839921993
2961.278729200363,5.935463113463452,1,3.9195260637368294
2961.3719766139984,5.95584105249203,1,3.908026704247569
2961.4508664608,5.943104840599165,1,3.915213803928359
2961.5445873737335,5.94819932535631,1,3.912338964056044
2961.6224358081818,5.950746567734885,1,3.910901544119884
2961.7023117542267,5.958388294870598,1,3.906589284311414
2961.812034368515,5.945652082977741,1,3.9137763839921993
2961.8898420333862,5.953293810113454,1,3.909464124183729
2961.9675798416138,5.938010355842021,1,3.918088643800674
2962.0594668388367,5.945652082977741,1,3.9137763839921993
2962.1365509033203,5.958388294870598,1,3.906589284311414
2962.228276014328,5.940557598220597,1,3.9166512238645144
2962.3211097717285,5.950746567734885,1,3.910901544119884
2962.416258096695,5.938010355842021,1,3.918088643800674
2962.494443655014,5.958388294870598,1,3.906589284311414
2962.5844781398773,5.943104840599165,1,3.915213803928359
2962.6762850284576,5.932915871084877,1,3.920963483672989
2962.7683951854706,5.945652082977741,1,3.9137763839921993
2962.8613605499268,5.938010355842021,1,3.918088643800674
2962.9392218589783,5.953293810113454,1,3.909464124183729
2963.0309064388275,5.935463113463452,1,3.9195260637368294
2963.124834060669,5.94819932535631,1,3.912338964056044
2963.2167632579803,5.943104840599165,1,3.915213803928359
2963.2947800159454,5.938010355842021,1,3.918088643800674
2963.386713027954,5.958388294870598,1,3.906589284311414
2963.465665578842,5.938010355842021,1,3.918088643800674
2963.5728011131287,5.940557598220597,1,3.9166512238645144
2963.6654381752014,5.935463113463452,1,3.9195260637368294
2963.7435567379,5.930368628706308,1,3.9224009036091445
2963.851266860962,5.94819932535631,1,3.912338964056044
2963.9310853481293,5.935463113463452,1,3.9195260637368294
2964.010840177536,5.943104840599165,1,3.915213803928359
2964.088632106781,5.94819932535631,1,3.912338964056044
2964.1824152469635,5.945652082977741,1,3.9137763839921993
2964.2621717453003,5.938010355842021,1,3.918088643800674
2964.3394877910614,5.94819932535631,1,3.912338964056044
2964.418310880661,5.935463113463452,1,3.9195260637368294
2964.4949522018433,5.94819932535631,1,3.912338964056044
2964.5718643665314,5.953293810113454,1,3.909464124183729
2964.6637105941772,5.943104840599165,1,3.915213803928359
2964.7709271907806,5.953293810113454,1,3.909464124183729
2964.847897529602,5.945652082977741,1,3.9137763839921993
2964.9406127929688,5.963482779627743,1,3.9037144444390988
2965.031373977661,5.938010355842021,1,3.918088643800674
2965.1092116832733,5.938010355842021,1,3.918088643800674
2965.1883323192596,5.95584105249203,1,3.908026704247569
2965.2961959838867,5.94819932535631,1,3.912338964056044
2965.376038312912,5.95584105249203,1,3.908026704247569
2965.451444864273,5.94819932535631,1,3.912338964056044
2965.5290744304657,5.95584105249203,1,3.908026704247569
2965.605991601944,5.958388294870598,1,3.906589284311414
2965.6828207969666,5.94819932535631,1,3.912338964056044
2965.7750537395477,5.958388294870598,1,3.906589284311414
2965.8680238723755,5.950746567734885,1,3.910901544119884
2965.9467401504517,5.950746567734885,1,3.910901544119884
2966.038944005966,5.963482779627743,1,3.9037144444390988
2966.1330349445343,5.935463113463452,1,3.9195260637368294
2966.2111263275146,5.953293810113454,1,3.909464124183729
2966.2909531593323,5.958388294870598,1,3.906589284311414
2966.369213581085,5.943104840599165,1,3.915213803928359
2966.46115398407,5.950746567734885,1,3.910901544119884
2966.5551595687866,5.95584105249203,1,3.908026704247569
2966.6340539455414,5.940557598220597,1,3.9166512238645144
2966.710416316986,5.95584105249203,1,3.908026704247569
2966.789214849472,5.94819932535631,1,3.912338964056044
2966.8679568767548,5.950746567734885,1,3.910901544119884
2966.9754478931427,5.958388294870598,1,3.906589284311414
2967.054693698883,5.94819932535631,1,3.912338964056044
2967.1471869945526,5.945652082977741,1,3.9137763839921993
2967.2419197559357,5.966030022006311,1,3.902277024502943
2967.321553468704,5.950746567734885,1,3.910901544119884
2967.3994834423065,5.94819932535631,1,3.912338964056044
2967.478584289551,5.943104840599165,1,3.915213803928359
2967.5573959350586,5.958388294870598,1,3.906589284311414
2967.634285926819,5.938010355842021,1,3.918088643800674
2967.711085319519,5.958388294870598,1,3.906589284311414
2967.7887184619904,5.966030022006311,1,3.902277024502943
2967.865619659424,5.943104840599165,1,3.915213803928359
2967.9442698955536,5.953293810113454,1,3.909464124183729
2968.021617412567,5.958388294870598,1,3.906589284311414
2968.0983996391296,5.945652082977741,1,3.9137763839921993
2968.190584421158,5.95584105249203,1,3.908026704247569
2968.269459962845,5.938010355842021,1,3.918088643800674
2968.362224817276,5.945652082977741,1,3.9137763839921993
2968.453069448471,5.950746567734885,1,3.910901544119884
2968.530872821808,5.940557598220597,1,3.9166512238645144
2968.639724969864,5.958388294870598,1,3.906589284311414
2968.7178535461426,5.94819932535631,1,3.912338964056044
2968.7930953502655,5.958388294870598,1,3.906589284311414
2968.8865389823914,5.95584105249203,1,3.908026704247569
2968.965672492981,5.940557598220597,1,3.9166512238645144
2969.0569920539856,5.94819932535631,1,3.912338964056044
2969.1338527202606,5.94819932535631,1,3.912338964056044
2969.2130353450775,5.938010355842021,1,3.918088643800674
2969.289665699005,5.95584105249203,1,3.908026704247569
2969.3686666488647,5.943104840599165,1,3.915213803928359
2969.4475603103638,5.950746567734885,1,3.910901544119884
2969.5392627716064,5.958388294870598,1,3.906589284311414
2969.6191658973694,5.960935537249174,1,3.905151864375254
2969.710792541504,5.966030022006311,1,3.902277024502943
2969.788684606552,5.958388294870598,1,3.906589284311414
2969.867225408554,5.950746567734885,1,3.910901544119884
2969.958750486374,5.950746567734885,1,3.910901544119884
2970.053061723709,5.94819932535631,1,3.912338964056044
2970.129422903061,5.963482779627743,1,3.9037144444390988
2970.206820487976,5.960935537249174,1,3.905151864375254
2970.3164105415344,5.94819932535631,1,3.912338964056044
2970.3926372528076,5.960935537249174,1,3.905151864375254
2970.4705317020416,5.950746567734885,1,3.910901544119884
2970.562829732895,5.95584105249203,1,3.908026704247569
2970.6551105976105,5.966030022006311,1,3.902277024502943
2970.7491738796234,5.94819932535631,1,3.912338964056044
2970.825469017029,5.95584105249203,1,3.908026704247569
2970.901344060898,5.94819932535631,1,3.912338964056044
2970.979241371155,5.95584105249203,1,3.908026704247569
2971.0590591430664,5.958388294870598,1,3.906589284311414
2971.1368680000305,5.95584105249203,1,3.908026704247569
2971.21689248085,5.958388294870598,1,3.906589284311414
2971.295910835266,5.953293810113454,1,3.909464124183729
2971.3727684020996,5.966030022006311,1,3.902277024502943
2971.4508459568024,5.94819932535631,1,3.912338964056044
2971.527969121933,5.960935537249174,1,3.905151864375254
2971.604831933975,5.963482779627743,1,3.9037144444390988
2971.682804107666,5.943104840599165,1,3.915213803928359
2971.760591030121,5.960935537249174,1,3.905151864375254
2971.8681802749634,5.95584105249203,1,3.908026704247569
2971.976835012436,5.95584105249203,1,3.908026704247569
2972.054034948349,5.958388294870598,1,3.906589284311414
2972.1316332817078,5.940557598220597,1,3.9166512238645144
2972.210288286209,5.968577264384887,1,3.9008396045667837
2972.2881696224213,5.966030022006311,1,3.902277024502943
2972.3668966293335,5.95584105249203,1,3.908026704247569
2972.444893836975,5.958388294870598,1,3.906589284311414
2972.5368688106537,5.953293810113454,1,3.909464124183729
2972.6139283180237,5.958388294870598,1,3.906589284311414
2972.7045578956604,5.968577264384887,1,3.9008396045667837
2972.7801234722137,5.953293810113454,1,3.909464124183729
2972.87384057045,5.968577264384887,1,3.9008396045667837
2972.9686346054077,5.953293810113454,1,3.909464124183729
2973.0634441375732,5.953293810113454,1,3.909464124183729
2973.156214952469,5.953293810113454,1,3.909464124183729
2973.247617959976,5.945652082977741,1,3.9137763839921993
2973.3403930664062,5.963482779627743,1,3.9037144444390988
2973.435289144516,5.945652082977741,1,3.9137763839921993
2973.5128920078278,5.958388294870598,1,3.906589284311414
2973.590693473816,5.958388294870598,1,3.906589284311414
2973.700477361679,5.938010355842021,1,3.918088643800674
2973.7804288864136,5.963482779627743,1,3.9037144444390988
2973.8602180480957,5.963482779627743,1,3.9037144444390988
2973.9381642341614,5.960935537249174,1,3.905151864375254
2974.0328612327576,5.945652082977741,1,3.9137763839921993
2974.126480817795,5.968577264384887,1,3.9008396045667837
2974.217766046524,5.94819932535631,1,3.912338964056044
2974.2976956367493,5.950746567734885,1,3.910901544119884
2974.3756370544434,5.968577264384887,1,3.9008396045667837
2974.4537196159363,5.963482779627743,1,3.9037144444390988
2974.5468277931213,5.95584105249203,1,3.908026704247569
2974.6372725963593,5.950746567734885,1,3.910901544119884
2974.716142177582,5.945652082977741,1,3.9137763839921993
2974.793643951416,5.9736717491420315,1,3.8979647646944686
2974.870751619339,5.963482779627743,1,3.9037144444390988
2974.948661327362,5.95584105249203,1,3.908026704247569
2975.0416119098663,5.968577264384887,1,3.9008396045667837
2975.119194507599,5.963482779627743,1,3.9037144444390988
2975.2128989696503,5.95584105249203,1,3.908026704247569
2975.3057186603546,5.963482779627743,1,3.9037144444390988
2975.4146094322205,5.94819932535631,1,3.912338964056044
2975.492401123047,5.917632416813451,1,3.9295880032899304
2975.569463968277,5.95584105249203,1,3.908026704247569
2975.646295785904,5.958388294870598,1,3.906589284311414
2975.724815607071,5.960935537249174,1,3.905151864375254
2975.801640510559,5.94819932535631,1,3.912338964056044
2975.8814680576324,5.963482779627743,1,3.9037144444390988
2975.958039999008,5.966030022006311,1,3.902277024502943
2976.0348875522614,5.960935537249174,1,3.905151864375254
2976.112815141678,5.958388294870598,1,3.906589284311414
2976.1920549869537,5.95584105249203,1,3.908026704247569
2976.269488811493,5.95584105249203,1,3.908026704247569
2976.356238603592,5.953293810113454,1,3.909464124183729
2976.441177845001,5.960935537249174,1,3.905151864375254
2976.5348539352417,5.950746567734885,1,3.910901544119884
2976.610727787018,5.968577264384887,1,3.9008396045667837
2976.68856215477,5.968577264384887,1,3.9008396045667837
2976.7648985385895,5.94819932535631,1,3.912338964056044
2976.844865322113,5.966030022006311,1,3.902277024502943
2976.9227583408356,5.953293810113454,1,3.909464124183729
2977.0299682617188,5.958388294870598,1,3.906589284311414
2977.1100900173187,5.950746567734885,1,3.910901544119884
2977.2043244838715,5.94819932535631,1,3.912338964056044
2977.2810435295105,5.94819932535631,1,3.912338964056044
2977.3600311279297,5.963482779627743,1,3.9037144444390988
2977.4372720718384,5.953293810113454,1,3.909464124183729
2977.531357049942,5.968577264384887,1,3.9008396045667837
2977.6112978458405,5.963482779627743,1,3.9037144444390988
2977.6889612674713,5.966030022006311,1,3.902277024502943
2977.7679097652435,5.953293810113454,1,3.909464124183729
2977.85888671875,5.960935537249174,1,3.905151864375254
2977.93572640419,5.950746567734885,1,3.910901544119884
2978.015834093094,5.950746567734885,1,3.910901544119884
2978.1081063747406,5.963482779627743,1,3.9037144444390988
2978.200688123703,5.950746567734885,1,3.910901544119884
2978.2796835899353,5.960935537249174,1,3.905151864375254
2978.356545448303,5.960935537249174,1,3.905151864375254
2978.434154987335,5.958388294870598,1,3.906589284311414
2978.5252039432526,5.963482779627743,1,3.9037144444390988
2978.601487159729,5.95584105249203,1,3.908026704247569
2978.711053609848,5.968577264384887,1,3.9008396045667837
2978.7879452705383,5.95584105249203,1,3.908026704247569
2978.8651072978973,5.953293810113454,1,3.909464124183729
2978.943950653076,5.966030022006311,1,3.902277024502943
2979.019873857498,5.94819932535631,1,3.912338964056044
2979.0958998203278,5.950746567734885,1,3.910901544119884
2979.1740238666534,5.960935537249174,1,3.905151864375254
2979.250724554062,5.953293810113454,1,3.909464124183729
2979.3286011219025,5.960935537249174,1,3.905151864375254
2979.4072329998016,5.953293810113454,1,3.909464124183729
2979.4836752414703,5.963482779627743,1,3.9037144444390988
2979.576658964157,5.95584105249203,1,3.908026704247569
2979.6555664539337,5.968577264384887,1,3.9008396045667837
2979.7498161792755,5.953293810113454,1,3.909464124183729
2979.844009876251,5.966030022006311,1,3.902277024502943
2979.9218015670776,5.958388294870598,1,3.906589284311414
2980.015617132187,5.958388294870598,1,3.906589284311414
2980.09401679039,5.963482779627743,1,3.9037144444390988
2980.173664331436,5.968577264384887,1,3.9008396045667837
2980.2516458034515,5.950746567734885,1,3.910901544119884
2980.3586523532867,5.958388294870598,1,3.906589284311414
2980.4375278949738,5.945652082977741,1,3.9137763839921993
2980.5295910835266,5.966030022006311,1,3.902277024502943
2980.6075019836426,5.971124506763456,1,3.899402184630628
2980.69832611084,5.958388294870598,1,3.906589284311414
2980.776673078537,5.950746567734885,1,3.910901544119884
2980.856554746628,5.966030022006311,1,3.902277024502943
2980.94731426239,5.958388294870598,1,3.906589284311414
2981.041782140732,5.966030022006311,1,3.902277024502943
2981.120801448822,5.950746567734885,1,3.910901544119884
2981.2135746479034,5.963482779627743,1,3.9037144444390988
2981.291113138199,5.963482779627743,1,3.9037144444390988
2981.368502140045,5.953293810113454,1,3.909464124183729
2981.445736885071,5.958388294870598,1,3.906589284311414
2981.525204896927,5.968577264384887,1,3.9008396045667837
2981.6045532226562,5.953293810113454,1,3.909464124183729
2981.6814892292023,5.958388294870598,1,3.906589284311414
2981.7600605487823,5.978766233899176,1,3.8950899248221535
2981.8386557102203,5.960935537249174,1,3.905151864375254
2981.9148473739624,5.963482779627743,1,3.9037144444390988
2982.0230870246887,5.971124506763456,1,3.899402184630628
2982.1162588596344,5.945652082977741,1,3.9137763839921993
2982.1957342624664,5.960935537249174,1,3.905151864375254
2982.2727749347687,5.963482779627743,1,3.9037144444390988
2982.3501303195953,5.95584105249203,1,3.908026704247569
2982.4290001392365,5.9736717491420315,1,3.8979647646944686
2982.5214817523956,5.953293810113454,1,3.909464124183729
2982.6143684387207,5.95584105249203,1,3.908026704247569
2982.6910305023193,5.963482779627743,1,3.9037144444390988
2982.769723176956,5.958388294870598,1,3.906589284311414
2982.847127199173,5.960935537249174,1,3.905151864375254
2982.925795316696,5.953293810113454,1,3.909464124183729
2983.0028104782104,5.953293810113454,1,3.909464124183729
2983.0807127952576,5.958388294870598,1,3.906589284311414
2983.1751952171326,5.958388294870598,1,3.906589284311414
2983.267040014267,5.95584105249203,1,3.908026704247569
2983.3590035438538,5.950746567734885,1,3.910901544119884
2983.4385719299316,5.958388294870598,1,3.906589284311414
2983.515832424164,5.960935537249174,1,3.905151864375254
2983.5947074890137,5.963482779627743,1,3.9037144444390988
2983.7036340236664,5.958388294870598,1,3.906589284311414
2983.781500339508,5.963482779627743,1,3.9037144444390988
2983.858340024948,5.960935537249174,1,3.905151864375254
2983.9342410564423,5.968577264384887,1,3.9008396045667837
2984.026445388794,5.966030022006311,1,3.902277024502943
2984.120526075363,5.95584105249203,1,3.908026704247569
2984.213083267212,5.960935537249174,1,3.905151864375254
2984.3055968284607,5.950746567734885,1,3.910901544119884
2984.399964094162,5.960935537249174,1,3.905151864375254
2984.476675271988,5.968577264384887,1,3.9008396045667837
2984.556627035141,5.958388294870598,1,3.906589284311414
2984.635420322418,5.953293810113454,1,3.909464124183729
2984.7281715869904,5.966030022006311,1,3.902277024502943
2984.8237640857697,5.953293810113454,1,3.909464124183729
2984.9168767929077,5.950746567734885,1,3.910901544119884
2985.009685277939,5.966030022006311,1,3.902277024502943
2985.088625431061,5.953293810113454,1,3.909464124183729
2985.1799421310425,5.966030022006311,1,3.902277024502943
2985.257767677307,5.971124506763456,1,3.899402184630628
2985.3356342315674,5.953293810113454,1,3.909464124183729
2985.4453530311584,5.960935537249174,1,3.905151864375254
2985.5406291484833,5.966030022006311,1,3.902277024502943
2985.6163301467896,5.950746567734885,1,3.910901544119884
2985.7086250782013,5.94819932535631,1,3.912338964056044
2985.785629749298,5.966030022006311,1,3.902277024502943
2985.8766288757324,5.966030022006311,1,3.902277024502943
2985.955814599991,5.94819932535631,1,3.912338964056044
2986.047635793686,5.958388294870598,1,3.906589284311414
2986.1397235393524,5.963482779627743,1,3.9037144444390988
2986.219528198242,5.960935537249174,1,3.905151864375254
2986.2977249622345,5.9762189915206,1,3.896527344758313
2986.3763320446014,5.971124506763456,1,3.899402184630628
2986.4538989067078,5.958388294870598,1,3.906589284311414
2986.5466256141663,5.9762189915206,1,3.896527344758313
2986.640375852585,5.960935537249174,1,3.905151864375254
2986.7183377742767,5.95584105249203,1,3.908026704247569
2986.795041322708,5.968577264384887,1,3.9008396045667837
2986.872816324234,5.968577264384887,1,3.9008396045667837
2986.9526019096375,5.95584105249203,1,3.908026704247569
2987.030423641205,5.968577264384887,1,3.9008396045667837
2987.139225244522,5.960935537249174,1,3.905151864375254
2987.229971885681,5.971124506763456,1,3.899402184630628
2987.308822631836,5.966030022006311,1,3.902277024502943
2987.4029290676117,5.95584105249203,1,3.908026704247569
2987.4808797836304,5.968577264384887,1,3.9008396045667837
2987.5588591098785,5.963482779627743,1,3.9037144444390988
2987.638684988022,5.94819932535631,1,3.912338964056044
2987.7169790267944,5.966030022006311,1,3.902277024502943
2987.8110411167145,5.978766233899176,1,3.8950899248221535
2987.889078140259,5.953293810113454,1,3.909464124183729
2987.9650468826294,5.958388294870598,1,3.906589284311414
2988.044548511505,5.966030022006311,1,3.902277024502943
2988.1238169670105,5.966030022006311,1,3.902277024502943
2988.2169330120087,5.95584105249203,1,3.908026704247569
2988.309939146042,5.968577264384887,1,3.9008396045667837
2988.4009523391724,5.950746567734885,1,3.910901544119884
2988.4789638519287,5.963482779627743,1,3.9037144444390988
2988.5568928718567,5.953293810113454,1,3.909464124183729
2988.634912252426,5.971124506763456,1,3.899402184630628
2988.7111394405365,5.978766233899176,1,3.8950899248221535
2988.8228874206543,5.953293810113454,1,3.909464124183729
2988.9171736240387,5.960935537249174,1,3.905151864375254
2988.996025085449,5.971124506763456,1,3.899402184630628
2989.073841571808,5.95584105249203,1,3.908026704247569
2989.1506497859955,5.958388294870598,1,3.906589284311414
2989.2301921844482,5.978766233899176,1,3.8950899248221535
2989.308056116104,5.971124506763456,1,3.899402184630628
2989.385873556137,5.960935537249174,1,3.905151864375254
2989.4652891159058,5.966030022006311,1,3.902277024502943
2989.5452094078064,5.966030022006311,1,3.902277024502943
2989.6222553253174,5.963482779627743,1,3.9037144444390988
2989.700197696686,5.960935537249174,1,3.905151864375254
2989.778910636902,5.966030022006311,1,3.902277024502943
2989.8566257953644,5.968577264384887,1,3.9008396045667837
2989.934538125992,5.971124506763456,1,3.899402184630628
2990.014343738556,5.963482779627743,1,3.9037144444390988
2990.1078765392303,5.978766233899176,1,3.8950899248221535
2990.1877241134644,5.963482779627743,1,3.9037144444390988
2990.2661883831024,5.968577264384887,1,3.9008396045667837
2990.358147621155,5.963482779627743,1,3.9037144444390988
2990.4808535575867,5.9813134762777445,1,3.893652504885998
2990.5587344169617,5.9736717491420315,1,3.8979647646944686
2990.636536359787,5.971124506763456,1,3.899402184630628
2990.713686943054,5.9736717491420315,1,3.8979647646944686
2990.790690422058,5.968577264384887,1,3.9008396045667837
2990.8696463108063,5.963482779627743,1,3.9037144444390988
2990.9489471912384,5.9736717491420315,1,3.8979647646944686
2991.025890350342,5.9813134762777445,1,3.893652504885998
2991.1038081645966,5.958388294870598,1,3.906589284311414
2991.183602333069,5.960935537249174,1,3.905151864375254
2991.277867078781,5.971124506763456,1,3.899402184630628
2991.3560020923615,5.94819932535631,1,3.912338964056044
2991.435830116272,5.940557598220597,1,3.9166512238645144
2991.527411699295,5.968577264384887,1,3.9008396045667837
2991.6066546440125,5.95584105249203,1,3.908026704247569
2991.6855792999268,5.953293810113454,1,3.909464124183729
2991.7633426189423,5.978766233899176,1,3.8950899248221535
2991.841487646103,5.978766233899176,1,3.8950899248221535
2991.9208295345306,5.968577264384887,1,3.9008396045667837
2991.9975724220276,5.9889552034134645,1,3.8893402450775234
2992.10658288002,5.953293810113454,1,3.909464124183729
2992.1838870048523,5.966030022006311,1,3.902277024502943
2992.262640953064,5.978766233899176,1,3.8950899248221535
2992.355396747589,5.963482779627743,1,3.9037144444390988
2992.4331851005554,5.968577264384887,1,3.9008396045667837
2992.511548757553,5.9813134762777445,1,3.893652504885998
2992.588458299637,5.960935537249174,1,3.905151864375254
2992.6803357601166,5.968577264384887,1,3.9008396045667837
2992.7603454589844,5.960935537249174,1,3.905151864375254
2992.8528661727905,5.966030022006311,1,3.902277024502943
2992.932484149933,5.98386071865632,1,3.8922150849498385
2993.0123784542084,5.9736717491420315,1,3.8979647646944686
2993.091553211212,5.971124506763456,1,3.899402184630628
2993.183906555176,5.9762189915206,1,3.896527344758313
2993.261914730072,5.9762189915206,1,3.896527344758313
2993.354888677597,5.95584105249203,1,3.908026704247569
2993.4466483592987,5.966030022006311,1,3.902277024502943
2993.5386695861816,5.966030022006311,1,3.902277024502943
2993.6165730953217,5.9762189915206,1,3.896527344758313
2993.694757938385,5.9762189915206,1,3.896527344758313
2993.802796602249,5.958388294870598,1,3.906589284311414
2993.8815581798553,5.968577264384887,1,3.9008396045667837
2993.960968732834,5.968577264384887,1,3.9008396045667837
2994.04022192955,5.95584105249203,1,3.908026704247569
2994.119072675705,5.968577264384887,1,3.9008396045667837
2994.1978919506073,5.971124506763456,1,3.899402184630628
2994.2738156318665,5.9762189915206,1,3.896527344758313
2994.3526663780212,5.971124506763456,1,3.899402184630628
2994.4296407699585,5.9813134762777445,1,3.893652504885998
2994.520534515381,5.968577264384887,1,3.9008396045667837
2994.6122901439667,5.9762189915206,1,3.896527344758313
2994.7052030563354,5.978766233899176,1,3.8950899248221535
2994.782094478607,5.971124506763456,1,3.899402184630628
2994.8741846084595,5.971124506763456,1,3.899402184630628
2994.9518649578094,5.9813134762777445,1,3.893652504885998
2995.0296733379364,5.978766233899176,1,3.8950899248221535
2995.108722925186,5.9736717491420315,1,3.8979647646944686
2995.1875541210175,5.953293810113454,1,3.909464124183729
2995.2644588947296,5.9889552034134645,1,3.8893402450775234
2995.356027841568,5.963482779627743,1,3.9037144444390988
2995.4636890888214,5.978766233899176,1,3.8950899248221535
2995.540724515915,5.958388294870598,1,3.906589284311414
2995.6175258159637,5.971124506763456,1,3.899402184630628
2995.699891805649,5.963482779627743,1,3.9037144444390988
2995.7906754016876,5.963482779627743,1,3.9037144444390988
2995.869710922241,5.968577264384887,1,3.9008396045667837
2995.9458096027374,5.9736717491420315,1,3.8979647646944686
2996.0223829746246,5.960935537249174,1,3.905151864375254
2996.0998435020447,5.9736717491420315,1,3.8979647646944686
2996.1936049461365,5.98386071865632,1,3.8922150849498385
2996.2697203159332,5.960935537249174,1,3.905151864375254
2996.3494601249695,5.971124506763456,1,3.899402184630628
2996.4265933036804,5.971124506763456,1,3.899402184630628
2996.5194635391235,5.958388294870598,1,3.906589284311414
2996.5960602760315,5.978766233899176,1,3.8950899248221535
2996.688247203827,5.966030022006311,1,3.902277024502943
2996.766093969345,5.9813134762777445,1,3.893652504885998
2996.8575077056885,5.963482779627743,1,3.9037144444390988
2996.9518451690674,5.963482779627743,1,3.9037144444390988
2997.0296697616577,5.978766233899176,1,3.8950899248221535
2997.137026786804,5.960935537249174,1,3.905151864375254
2997.2158081531525,5.9736717491420315,1,3.8979647646944686
2997.295613527298,5.986407961034889,1,3.8907776650136827
2997.387893676758,5.968577264384887,1,3.9008396045667837
2997.467184782028,5.971124506763456,1,3.899402184630628
2997.5438599586487,5.9762189915206,1,3.896527344758313
2997.622948408127,5.971124506763456,1,3.899402184630628
2997.7022099494934,5.978766233899176,1,3.8950899248221535
2997.778239965439,5.968577264384887,1,3.9008396045667837
2997.8549988269806,5.978766233899176,1,3.8950899248221535
2997.933935403824,5.966030022006311,1,3.902277024502943
2998.0270404815674,5.9813134762777445,1,3.893652504885998
2998.120870113373,5.9762189915206,1,3.896527344758313
2998.198047876358,5.978766233899176,1,3.8950899248221535
2998.275083065033,5.978766233899176,1,3.8950899248221535
2998.368098974228,5.971124506763456,1,3.899402184630628
2998.4468083381653,5.978766233899176,1,3.8950899248221535
2998.538473367691,5.960935537249174,1,3.905151864375254
2998.616400718689,5.9762189915206,1,3.896527344758313
2998.6952130794525,5.963482779627743,1,3.9037144444390988
2998.803869485855,5.960935537249174,1,3.905151864375254
2998.883645296097,5.9762189915206,1,3.896527344758313
2998.9615371227264,5.9813134762777445,1,3.893652504885998
2999.0410356521606,5.966030022006311,1,3.902277024502943
2999.118143796921,5.963482779627743,1,3.9037144444390988
2999.210860013962,5.9736717491420315,1,3.8979647646944686
2999.304296016693,5.978766233899176,1,3.8950899248221535
2999.384078025818,5.971124506763456,1,3.899402184630628
2999.460864543915,5.98386071865632,1,3.8922150849498385
2999.53902387619,5.960935537249174,1,3.905151864375254
2999.6177656650543,5.991502445792033,1,3.8879028251413676
2999.7100710868835,5.968577264384887,1,3.9008396045667837
2999.7877101898193,5.978766233899176,1,3.8950899248221535
2999.8809213638306,5.991502445792033,1,3.8879028251413676
2999.957864522934,5.978766233899176,1,3.8950899248221535
3000.034095287323,5.9889552034134645,1,3.8893402450775234
3000.1252765655518,5.971124506763456,1,3.899402184630628
3000.201375722885,5.9736717491420315,1,3.8979647646944686
3000.2812280654907,5.9736717491420315,1,3.8979647646944686
3000.3763489723206,5.9813134762777445,1,3.893652504885998
3000.485138654709,5.9762189915206,1,3.896527344758313
3000.5636746883392,5.9762189915206,1,3.896527344758313
3000.656539440155,5.960935537249174,1,3.905151864375254
3000.7343888282776,5.98386071865632,1,3.8922150849498385
3000.8124561309814,5.9813134762777445,1,3.893652504885998
3000.8894398212433,5.9762189915206,1,3.896527344758313
3000.9668390750885,5.978766233899176,1,3.8950899248221535
3001.04380607605,5.9736717491420315,1,3.8979647646944686
3001.1208260059357,5.963482779627743,1,3.9037144444390988
3001.199048757553,5.9813134762777445,1,3.893652504885998
3001.2768807411194,5.9762189915206,1,3.896527344758313
3001.3697068691254,5.9736717491420315,1,3.8979647646944686
3001.4495165348053,5.963482779627743,1,3.9037144444390988
3001.542560338974,5.9813134762777445,1,3.893652504885998
3001.6206443309784,5.971124506763456,1,3.899402184630628
3001.698566198349,5.9813134762777445,1,3.893652504885998
3001.775663614273,5.9762189915206,1,3.896527344758313
3001.8555192947388,5.978766233899176,1,3.8950899248221535
3001.9336059093475,5.986407961034889,1,3.8907776650136827
3002.011437177658,5.968577264384887,1,3.9008396045667837
3002.1220161914825,5.9813134762777445,1,3.893652504885998
3002.199689388275,5.9813134762777445,1,3.893652504885998
3002.276535987854,5.986407961034889,1,3.8907776650136827
3002.3554980754852,5.968577264384887,1,3.9008396045667837
3002.4324786663055,5.994049688170602,1,3.8864654052052123
3002.5246369838715,5.963482779627743,1,3.9037144444390988
3002.618222475052,5.9736717491420315,1,3.8979647646944686
3002.7116560935974,5.9889552034134645,1,3.8893402450775234
3002.8047292232513,5.978766233899176,1,3.8950899248221535
3002.8826944828033,5.978766233899176,1,3.8950899248221535
3002.959387779236,5.991502445792033,1,3.8879028251413676
3003.0386447906494,5.971124506763456,1,3.899402184630628
3003.118483543396,5.966030022006311,1,3.902277024502943
3003.2118413448334,5.986407961034889,1,3.8907776650136827
3003.289939880371,5.968577264384887,1,3.9008396045667837
3003.381395816803,5.98386071865632,1,3.8922150849498385
3003.4582254886627,5.978766233899176,1,3.8950899248221535
3003.5353870391846,5.971124506763456,1,3.899402184630628
3003.6127231121063,5.9889552034134645,1,3.8893402450775234
3003.703812599182,5.9736717491420315,1,3.8979647646944686
3003.8278715610504,5.986407961034889,1,3.8907776650136827
3003.919981956482,5.9736717491420315,1,3.8979647646944686
3003.996935606003,5.971124506763456,1,3.899402184630628
3004.0748653411865,5.9762189915206,1,3.896527344758313
3004.152686357498,5.9889552034134645,1,3.8893402450775234
3004.232522249222,5.98386071865632,1,3.8922150849498385
3004.311597585678,5.986407961034889,1,3.8907776650136827
3004.4044156074524,5.9889552034134645,1,3.8893402450775234
3004.481867790222,5.9889552034134645,1,3.8893402450775234
3004.5588397979736,5.98386071865632,1,3.8922150849498385
3004.6350286006927,5.9762189915206,1,3.896527344758313
3004.713869333267,5.9889552034134645,1,3.8893402450775234
3004.7915472984314,5.971124506763456,1,3.899402184630628
3004.884485244751,5.978766233899176,1,3.8950899248221535
3004.9628491401672,5.9889552034134645,1,3.8893402450775234
3005.055505990982,5.978766233899176,1,3.8950899248221535
3005.134862422943,5.971124506763456,1,3.899402184630628
3005.2122764587402,5.994049688170602,1,3.8864654052052123
3005.289741754532,5.968577264384887,1,3.9008396045667837
3005.3676512241364,5.9762189915206,1,3.896527344758313
3005.477395772934,5.98386071865632,1,3.8922150849498385
3005.5545156002045,5.9736717491420315,1,3.8979647646944686
3005.6313457489014,5.986407961034889,1,3.8907776650136827
3005.7106890678406,5.994049688170602,1,3.8864654052052123
3005.7876534461975,5.978766233899176,1,3.8950899248221535
3005.8812158107758,5.991502445792033,1,3.8879028251413676
3005.9578263759613,5.9762189915206,1,3.896527344758313
3006.0485525131226,5.978766233899176,1,3.8950899248221535
3006.140670776367,5.971124506763456,1,3.899402184630628
3006.23220038414,5.978766233899176,1,3.8950899248221535
3006.341902256012,5.986407961034889,1,3.8907776650136827
3006.4218549728394,5.971124506763456,1,3.899402184630628
3006.499687194824,5.991502445792033,1,3.8879028251413676
3006.577558517456,5.991502445792033,1,3.8879028251413676
3006.6559998989105,5.98386071865632,1,3.8922150849498385
3006.733806371689,5.986407961034889,1,3.8907776650136827
3006.8128731250763,5.986407961034889,1,3.8907776650136827
3006.8910830020905,5.978766233899176,1,3.8950899248221535
3006.9688246250153,5.98386071865632,1,3.8922150849498385
3007.046206712723,5.98386071865632,1,3.8922150849498385
3007.1529829502106,5.9889552034134645,1,3.8893402450775234
3007.2461104393005,5.999144172927746,1,3.8835905653328973
3007.3238191604614,5.98386071865632,1,3.8922150849498385
3007.4016547203064,5.9889552034134645,1,3.8893402450775234
3007.48064494133,5.9889552034134645,1,3.8893402450775234
3007.5576350688934,5.971124506763456,1,3.899402184630628
3007.6346724033356,5.9813134762777445,1,3.893652504885998
3007.7145268917084,5.9889552034134645,1,3.8893402450775234
3007.791656732559,5.98386071865632,1,3.8922150849498385
3007.868507385254,5.968577264384887,1,3.9008396045667837
3007.946629047394,5.986407961034889,1,3.8907776650136827
3008.0256898403168,5.991502445792033,1,3.8879028251413676
3008.102471113205,5.98386071865632,1,3.8922150849498385
3008.1813502311707,5.991502445792033,1,3.8879028251413676
3008.2597448825836,5.986407961034889,1,3.8907776650136827
3008.352319717407,5.978766233899176,1,3.8950899248221535
3008.4316353797913,5.994049688170602,1,3.8864654052052123
3008.524701356888,5.999144172927746,1,3.8835905653328973
3008.603012084961,5.9889552034134645,1,3.8893402450775234
3008.680892944336,5.9889552034134645,1,3.8893402450775234
3008.7894678115845,5.986407961034889,1,3.8907776650136827
3008.868839740753,5.9762189915206,1,3.896527344758313
3008.948173046112,5.9889552034134645,1,3.8893402450775234
3009.0410327911377,5.9889552034134645,1,3.8893402450775234
3009.1198749542236,5.986407961034889,1,3.8907776650136827
3009.215793132782,5.999144172927746,1,3.8835905653328973
3009.292851448059,5.9965969305491775,1,3.8850279852690526
3009.369893550873,5.98386071865632,1,3.8922150849498385
3009.4496443271637,5.978766233899176,1,3.8950899248221535
3009.5422735214233,5.994049688170602,1,3.8864654052052123
3009.621247291565,5.994049688170602,1,3.8864654052052123
3009.6989657878876,5.986407961034889,1,3.8907776650136827
3009.775974750519,5.986407961034889,1,3.8907776650136827
3009.868912220001,5.971124506763456,1,3.899402184630628
3009.9469180107117,5.991502445792033,1,3.8879028251413676
3010.0246534347534,5.978766233899176,1,3.8950899248221535
3010.116798877716,5.991502445792033,1,3.8879028251413676
3010.1935534477234,5.994049688170602,1,3.8864654052052123
3010.271853685379,5.971124506763456,1,3.899402184630628
3010.364019393921,5.999144172927746,1,3.8835905653328973
3010.47163772583,5.986407961034889,1,3.8907776650136827
3010.549439430237,5.999144172927746,1,3.8835905653328973
3010.643429040909,5.991502445792033,1,3.8879028251413676
3010.719537258148,5.9813134762777445,1,3.893652504885998
3010.7983922958374,5.986407961034889,1,3.8907776650136827
3010.8772311210632,5.9889552034134645,1,3.8893402450775234
3010.954082250595,5.978766233899176,1,3.8950899248221535
3011.032864332199,5.999144172927746,1,3.8835905653328973
3011.1090924739838,5.98386071865632,1,3.8922150849498385
3011.1869049072266,5.9889552034134645,1,3.8893402450775234
3011.263939142227,5.9965969305491775,1,3.8850279852690526
3011.3416543006897,5.999144172927746,1,3.8835905653328973
3011.419020175934,5.9813134762777445,1,3.893652504885998
3011.5128729343414,6.001691415306322,1,3.8821531453967375
3011.5896768569946,5.9813134762777445,1,3.893652504885998
3011.681487560272,5.994049688170602,1,3.8864654052052123
3011.776622533798,5.994049688170602,1,3.8864654052052123
3011.8544981479645,5.994049688170602,1,3.8864654052052123
3011.9338824748993,5.9889552034134645,1,3.8893402450775234
3012.0130274295807,5.999144172927746,1,3.8835905653328973
3012.1207122802734,5.986407961034889,1,3.8907776650136827
3012.198644399643,5.999144172927746,1,3.8835905653328973
3012.277569293976,5.9889552034134645,1,3.8893402450775234
3012.3555986881256,5.9889552034134645,1,3.8893402450775234
3012.4316482543945,5.999144172927746,1,3.8835905653328973
3012.5244002342224,5.986407961034889,1,3.8907776650136827
3012.603844642639,5.986407961034889,1,3.8907776650136827
3012.6836683750153,5.994049688170602,1,3.8864654052052123
3012.7615883350372,5.999144172927746,1,3.8835905653328973
3012.855396270752,5.9762189915206,1,3.896527344758313
3012.949235677719,5.994049688170602,1,3.8864654052052123
3013.0271937847137,6.0042386576848905,1,3.880715725460582
3013.105882167816,5.9813134762777445,1,3.893652504885998
3013.1847157478333,5.9762189915206,1,3.896527344758313
3013.261539697647,6.001691415306322,1,3.8821531453967375
3013.354455947876,5.9965969305491775,1,3.8850279852690526
3013.43364071846,5.994049688170602,1,3.8864654052052123
3013.5257115364075,5.994049688170602,1,3.8864654052052123
3013.604649782181,5.98386071865632,1,3.8922150849498385
3013.681831598282,6.0042386576848905,1,3.880715725460582
3013.7903394699097,5.9762189915206,1,3.896527344758313
3013.8692717552185,5.986407961034889,1,3.8907776650136827
3013.950056552887,5.994049688170602,1,3.8864654052052123
3014.040806531906,5.991502445792033,1,3.8879028251413676
3014.11892414093,5.9889552034134645,1,3.8893402450775234
3014.1952085494995,5.986407961034889,1,3.8907776650136827
3014.272846221924,5.9736717491420315,1,3.8979647646944686
3014.3507261276245,5.991502445792033,1,3.8879028251413676
3014.4279952049255,5.999144172927746,1,3.8835905653328973
3014.521056652069,5.9965969305491775,1,3.8850279852690526
3014.59921002388,5.9965969305491775,1,3.8850279852690526
3014.6750943660736,5.991502445792033,1,3.8879028251413676
3014.752963066101,5.9813134762777445,1,3.893652504885998
3014.8318803310394,5.991502445792033,1,3.8879028251413676
3014.90997505188,5.986407961034889,1,3.8907776650136827
3015.001804828644,5.9965969305491775,1,3.8850279852690526
3015.079870700836,5.9889552034134645,1,3.8893402450775234
3015.1727430820465,5.9736717491420315,1,3.8979647646944686
3015.265102624893,5.991502445792033,1,3.8879028251413676
3015.344923734665,5.9889552034134645,1,3.8893402450775234
3015.4539256095886,5.994049688170602,1,3.8864654052052123
3015.532280921936,5.98386071865632,1,3.8922150849498385
3015.609280347824,5.991502445792033,1,3.8879028251413676
3015.6868903636932,5.986407961034889,1,3.8907776650136827
3015.763825893402,5.9965969305491775,1,3.8850279852690526
3015.857807159424,5.9736717491420315,1,3.8979647646944686
3015.9357874393463,5.991502445792033,1,3.8879028251413676
3016.014023065567,6.001691415306322,1,3.8821531453967375
3016.0929260253906,5.9889552034134645,1,3.8893402450775234
3016.170642375946,5.98386071865632,1,3.8922150849498385
3016.2664906978607,5.98386071865632,1,3.8922150849498385
3016.3595933914185,5.986407961034889,1,3.8907776650136827
3016.437397003174,5.9889552034134645,1,3.8893402450775234
3016.5150232315063,5.999144172927746,1,3.8835905653328973
3016.5924565792084,5.9889552034134645,1,3.8893402450775234
3016.6838841438293,5.9813134762777445,1,3.893652504885998
3016.7762060165405,5.986407961034889,1,3.8907776650136827
3016.8529918193817,5.9889552034134645,1,3.8893402450775234
3016.9308042526245,5.986407961034889,1,3.8907776650136827
3017.02517414093,5.9889552034134645,1,3.8893402450775234
3017.134790420532,5.991502445792033,1,3.8879028251413676
3017.21457862854,5.999144172927746,1,3.8835905653328973
3017.2906630039215,5.9813134762777445,1,3.893652504885998
3017.3685088157654,5.9965969305491775,1,3.8850279852690526
3017.447859287262,6.009333142442035,1,3.877840885588267
3017.5406708717346,5.9889552034134645,1,3.8893402450775234
3017.6168472766876,5.991502445792033,1,3.8879028251413676
3017.693856239319,6.006785900063466,1,3.8792783055244224
3017.7696669101715,6.001691415306322,1,3.8821531453967375
3017.846653699875,5.991502445792033,1,3.8879028251413676
3017.922874689102,5.994049688170602,1,3.8864654052052123
3018.000518798828,5.994049688170602,1,3.8864654052052123
3018.0783915519714,5.9965969305491775,1,3.8850279852690526
3018.1702904701233,5.98386071865632,1,3.8922150849498385
3018.2627832889557,5.9965969305491775,1,3.8850279852690526
3018.339724779129,5.986407961034889,1,3.8907776650136827
3018.419539451599,5.986407961034889,1,3.8907776650136827
3018.5133352279663,5.994049688170602,1,3.8864654052052123
3018.607797384262,5.98386071865632,1,3.8922150849498385
3018.687208890915,5.986407961034889,1,3.8907776650136827
3018.7966673374176,6.0042386576848905,1,3.880715725460582
3018.8754370212555,5.999144172927746,1,3.8835905653328973
3018.951503753662,5.9965969305491775,1,3.8850279852690526
3019.044435739517,5.9965969305491775,1,3.8850279852690526
3019.1217687129974,5.9965969305491775,1,3.8850279852690526
3019.198599100113,5.999144172927746,1,3.8835905653328973
3019.275412797928,6.001691415306322,1,3.8821531453967375
3019.3552770614624,5.994049688170602,1,3.8864654052052123
3019.4346237182617,5.9965969305491775,1,3.8850279852690526
3019.5117135047913,5.999144172927746,1,3.8835905653328973
3019.5881266593933,5.986407961034889,1,3.8907776650136827
3019.6810131073,5.994049688170602,1,3.8864654052052123
3019.7751908302307,5.9965969305491775,1,3.8850279852690526
3019.8688502311707,5.986407961034889,1,3.8907776650136827
3019.945811510086,6.0042386576848905,1,3.880715725460582
3020.0246398448944,5.991502445792033,1,3.8879028251413676
3020.102563858032,5.9813134762777445,1,3.893652504885998
3020.1950466632843,5.994049688170602,1,3.8864654052052123
3020.274661064148,6.001691415306322,1,3.8821531453967375
3020.353674173355,5.9889552034134645,1,3.8893402450775234
3020.464094400406,6.014427627199179,1,3.874966045715952
3020.5418684482574,5.9889552034134645,1,3.8893402450775234
3020.6198613643646,5.9813134762777445,1,3.893652504885998
3020.697149515152,5.9889552034134645,1,3.8893402450775234
3020.774051427841,5.98386071865632,1,3.8922150849498385
3020.866911172867,5.9889552034134645,1,3.8893402450775234
3020.9449965953827,5.999144172927746,1,3.8835905653328973
3021.021491289139,5.991502445792033,1,3.8879028251413676
3021.0979640483856,6.0042386576848905,1,3.880715725460582
3021.1769156455994,5.986407961034889,1,3.8907776650136827
3021.2561841011047,5.9762189915206,1,3.896527344758313
3021.3487677574158,6.001691415306322,1,3.8821531453967375
3021.4260325431824,5.991502445792033,1,3.8879028251413676
3021.504984140396,5.991502445792033,1,3.8879028251413676
3021.596966981888,6.0042386576848905,1,3.880715725460582
3021.6742689609528,5.9965969305491775,1,3.8850279852690526
3021.7529213428497,5.991502445792033,1,3.8879028251413676
3021.844831943512,5.999144172927746,1,3.8835905653328973
3021.931674718857,5.991502445792033,1,3.8879028251413676
3022.015145778656,5.999144172927746,1,3.8835905653328973
3022.126364707947,6.014427627199179,1,3.874966045715952
3022.2030272483826,5.9889552034134645,1,3.8893402450775234
3022.2796578407288,6.011880384820611,1,3.876403465652108
3022.358991622925,6.001691415306322,1,3.8821531453967375
3022.4357953071594,5.999144172927746,1,3.8835905653328973
3022.5124866962433,6.001691415306322,1,3.8821531453967375
3022.59063577652,5.999144172927746,1,3.8835905653328973
3022.6699879169464,5.9965969305491775,1,3.8850279852690526
3022.747442483902,6.0042386576848905,1,3.880715725460582
3022.826900959015,6.001691415306322,1,3.8821531453967375
3022.906018972397,5.999144172927746,1,3.8835905653328973
3022.997719526291,6.006785900063466,1,3.8792783055244224
3023.0844237804413,5.986407961034889,1,3.8907776650136827
3023.173174381256,6.001691415306322,1,3.8821531453967375
3023.2517564296722,5.994049688170602,1,3.8864654052052123
3023.3295867443085,5.9965969305491775,1,3.8850279852690526
3023.4084424972534,5.999144172927746,1,3.8835905653328973
3023.5004782676697,5.9889552034134645,1,3.8893402450775234
3023.5782692432404,6.011880384820611,1,3.876403465652108
3023.656492471695,5.991502445792033,1,3.8879028251413676
3023.7663609981537,5.999144172927746,1,3.8835905653328973
3023.8616814613342,5.991502445792033,1,3.8879028251413676
3023.9530415534973,5.999144172927746,1,3.8835905653328973
3024.0296726226807,6.001691415306322,1,3.8821531453967375
3024.109148979187,6.001691415306322,1,3.8821531453967375
3024.186945915222,5.999144172927746,1,3.8835905653328973
3024.266843557358,5.9965969305491775,1,3.8850279852690526
3024.3588528633118,5.999144172927746,1,3.8835905653328973
3024.453104734421,5.994049688170602,1,3.8864654052052123
3024.5328805446625,6.001691415306322,1,3.8821531453967375
3024.6096892356873,5.999144172927746,1,3.8835905653328973
3024.687849521637,5.994049688170602,1,3.8864654052052123
3024.764937877655,6.011880384820611,1,3.876403465652108
3024.857928752899,5.9965969305491775,1,3.8850279852690526
3024.9507501125336,6.0042386576848905,1,3.880715725460582
3025.0297224521637,5.999144172927746,1,3.8835905653328973
3025.1056139469147,5.98386071865632,1,3.8922150849498385
3025.200676202774,6.006785900063466,1,3.8792783055244224
3025.2780487537384,6.001691415306322,1,3.8821531453967375
3025.356709241867,5.9813134762777445,1,3.893652504885998
3025.4812009334564,6.006785900063466,1,3.8792783055244224
3025.5586626529694,6.006785900063466,1,3.8792783055244224
3025.6385004520416,5.994049688170602,1,3.8864654052052123
3025.7167463302612,5.994049688170602,1,3.8864654052052123
3025.794040441513,6.001691415306322,1,3.8821531453967375
3025.8718032836914,6.009333142442035,1,3.877840885588267
3025.950777053833,5.999144172927746,1,3.8835905653328973
3026.0281949043274,5.999144172927746,1,3.8835905653328973
3026.106050014496,5.986407961034889,1,3.8907776650136827
3026.185106754303,5.999144172927746,1,3.8835905653328973
3026.2620441913605,6.009333142442035,1,3.877840885588267
3026.3419654369354,5.999144172927746,1,3.8835905653328973
3026.418029308319,5.9965969305491775,1,3.8850279852690526
3026.50998210907,5.999144172927746,1,3.8835905653328973
3026.604583978653,5.9965969305491775,1,3.8850279852690526
3026.696843624115,6.011880384820611,1,3.876403465652108
3026.774635076523,5.999144172927746,1,3.8835905653328973
3026.8667454719543,6.001691415306322,1,3.8821531453967375
3026.943706512451,6.011880384820611,1,3.876403465652108
3027.035698890686,5.991502445792033,1,3.8879028251413676
3027.1448018550873,6.006785900063466,1,3.8792783055244224
3027.2237527370453,5.999144172927746,1,3.8835905653328973
3027.3156147003174,6.011880384820611,1,3.876403465652108
3027.4079773426056,6.001691415306322,1,3.8821531453967375
3027.5011019706726,5.9889552034134645,1,3.8893402450775234
3027.579915046692,5.9965969305491775,1,3.8850279852690526
3027.673691034317,6.0042386576848905,1,3.880715725460582
3027.766487598419,6.006785900063466,1,3.8792783055244224
3027.8590643405914,6.009333142442035,1,3.877840885588267
3027.936931371689,5.999144172927746,1,3.8835905653328973
3028.0149672031403,6.006785900063466,1,3.8792783055244224
3028.0922186374664,5.994049688170602,1,3.8864654052052123
3028.1701300144196,5.999144172927746,1,3.8835905653328973
3028.2500619888306,6.006785900063466,1,3.8792783055244224
3028.342833518982,6.0042386576848905,1,3.880715725460582
3028.4206721782684,5.9965969305491775,1,3.8850279852690526
3028.4986612796783,6.006785900063466,1,3.8792783055244224
3028.575752258301,6.011880384820611,1,3.876403465652108
3028.6694979667664,5.994049688170602,1,3.8864654052052123
3028.748344182968,6.011880384820611,1,3.876403465652108
3028.857993364334,6.006785900063466,1,3.8792783055244224
3028.951680660248,6.0042386576848905,1,3.880715725460582
3029.029492378235,6.016974869577755,1,3.8735286257797927
3029.1085159778595,6.014427627199179,1,3.874966045715952
3029.1874821186066,5.994049688170602,1,3.8864654052052123
3029.2656819820404,6.0042386576848905,1,3.880715725460582
3029.3435583114624,6.014427627199179,1,3.874966045715952
3029.4216656684875,5.9965969305491775,1,3.8850279852690526
3029.499991416931,6.009333142442035,1,3.877840885588267
3029.578842639923,6.016974869577755,1,3.8735286257797927
3029.657636642456,6.011880384820611,1,3.876403465652108
3029.734837770462,5.9965969305491775,1,3.8850279852690526
3029.8118143081665,6.009333142442035,1,3.877840885588267
3029.8888552188873,5.98386071865632,1,3.8922150849498385
3029.9815895557404,6.0042386576848905,1,3.880715725460582
3030.0759286880493,6.009333142442035,1,3.877840885588267
3030.1709637641907,5.9965969305491775,1,3.8850279852690526
3030.2625579833984,6.001691415306322,1,3.8821531453967375
3030.3421359062195,6.0042386576848905,1,3.880715725460582
3030.418749332428,5.98386071865632,1,3.8922150849498385
3030.542018175125,6.016974869577755,1,3.8735286257797927
3030.6214520931244,5.994049688170602,1,3.8864654052052123
3030.6985318660736,5.999144172927746,1,3.8835905653328973
3030.7757482528687,6.0042386576848905,1,3.880715725460582
3030.8528175354004,5.9889552034134645,1,3.8893402450775234
3030.9299714565277,6.009333142442035,1,3.877840885588267
3031.0087599754333,6.0042386576848905,1,3.880715725460582
3031.085469484329,6.0042386576848905,1,3.880715725460582
3031.178680419922,6.006785900063466,1,3.8792783055244224
3031.258495569229,6.019522111956324,1,3.872091205843637
3031.3513157367706,5.994049688170602,1,3.8864654052052123
3031.4281134605408,6.009333142442035,1,3.877840885588267
3031.504894018173,6.001691415306322,1,3.8821531453967375
3031.5969228744507,6.0042386576848905,1,3.880715725460582
3031.675859451294,6.001691415306322,1,3.8821531453967375
3031.752858400345,6.001691415306322,1,3.8821531453967375
3031.8450543880463,6.014427627199179,1,3.874966045715952
3031.922201395035,6.001691415306322,1,3.8821531453967375
3032.000889778137,6.0042386576848905,1,3.880715725460582
3032.0771617889404,6.014427627199179,1,3.874966045715952
3032.1869266033173,5.9889552034134645,1,3.8893402450775234
3032.2668511867523,6.009333142442035,1,3.877840885588267
3032.36084651947,6.001691415306322,1,3.8821531453967375
3032.4528596401215,6.006785900063466,1,3.8792783055244224
3032.52986907959,6.022069354334892,1,3.8706537859074817
3032.608723640442,6.006785900063466,1,3.8792783055244224
3032.7015302181244,5.999144172927746,1,3.8835905653328973
3032.778330564499,6.014427627199179,1,3.874966045715952
3032.8582484722137,6.009333142442035,1,3.877840885588267
3032.9382791519165,5.999144172927746,1,3.8835905653328973
3033.0161311626434,6.006785900063466,1,3.8792783055244224
3033.093904733658,6.009333142442035,1,3.877840885588267
3033.1728098392487,5.9965969305491775,1,3.8850279852690526
3033.249666452408,5.999144172927746,1,3.8835905653328973
3033.3276040554047,6.016974869577755,1,3.8735286257797927
3033.4047253131866,6.001691415306322,1,3.8821531453967375
3033.5137329101562,6.009333142442035,1,3.877840885588267
3033.5926415920258,6.014427627199179,1,3.874966045715952
3033.685433626175,5.9965969305491775,1,3.8850279852690526
3033.762570142746,6.001691415306322,1,3.8821531453967375
3033.872861623764,5.9965969305491775,1,3.8850279852690526
3033.9489345550537,6.011880384820611,1,3.876403465652108
3034.026872396469,6.019522111956324,1,3.872091205843637
3034.103693962097,6.006785900063466,1,3.8792783055244224
3034.196630716324,6.009333142442035,1,3.877840885588267
3034.273470401764,6.011880384820611,1,3.876403465652108
3034.349642753601,6.001691415306322,1,3.8821531453967375
3034.425559282303,6.019522111956324,1,3.872091205843637
3034.5020866394043,5.991502445792033,1,3.8879028251413676
3034.581875562668,5.999144172927746,1,3.8835905653328973
3034.6737875938416,6.011880384820611,1,3.876403465652108
3034.7648158073425,6.006785900063466,1,3.8792783055244224
3034.8442664146423,6.016974869577755,1,3.8735286257797927
3034.9217026233673,5.9965969305491775,1,3.8850279852690526
3035.013780593872,6.014427627199179,1,3.874966045715952
3035.0916454792023,6.001691415306322,1,3.8821531453967375
3035.1684918403625,5.999144172927746,1,3.8835905653328973
3035.2458114624023,6.011880384820611,1,3.876403465652108
3035.3246347904205,6.006785900063466,1,3.8792783055244224
3035.403632879257,5.999144172927746,1,3.8835905653328973
3035.515418767929,5.994049688170602,1,3.8864654052052123
3035.5926752090454,6.009333142442035,1,3.877840885588267
3035.671635866165,5.999144172927746,1,3.8835905653328973
3035.7653946876526,5.9889552034134645,1,3.8893402450775234
3035.8739142417908,6.009333142442035,1,3.877840885588267
3035.951122522354,5.9965969305491775,1,3.8850279852690526
3036.0279088020325,6.014427627199179,1,3.874966045715952
3036.1059601306915,6.011880384820611,1,3.876403465652108
3036.1849105358124,6.011880384820611,1,3.876403465652108
3036.2619099617004,5.999144172927746,1,3.8835905653328973
3036.3402814865112,6.001691415306322,1,3.8821531453967375
3036.4179561138153,6.009333142442035,1,3.877840885588267
3036.4937360286713,6.006785900063466,1,3.8792783055244224
3036.570538520813,6.006785900063466,1,3.8792783055244224
3036.6628561019897,6.001691415306322,1,3.8821531453967375
3036.7549316883087,6.014427627199179,1,3.874966045715952
3036.845200061798,5.999144172927746,1,3.8835905653328973
3036.938950061798,6.011880384820611,1,3.876403465652108
3037.0308876037598,6.009333142442035,1,3.877840885588267
3037.1087300777435,6.006785900063466,1,3.8792783055244224
3037.2166497707367,6.006785900063466,1,3.8792783055244224
3037.294821023941,6.022069354334892,1,3.8706537859074817
3037.372218847275,6.0042386576848905,1,3.880715725460582
3037.4501814842224,6.001691415306322,1,3.8821531453967375
3037.5280854701996,6.019522111956324,1,3.872091205843637
3037.6081082820892,6.009333142442035,1,3.877840885588267
3037.6840801239014,5.999144172927746,1,3.8835905653328973
3037.7638466358185,6.009333142442035,1,3.877840885588267
3037.8416817188263,6.009333142442035,1,3.877840885588267
3037.9197294712067,6.0042386576848905,1,3.880715725460582
3038.0075299739838,6.0042386576848905,1,3.880715725460582
3038.0903055667877,6.011880384820611,1,3.876403465652108
3038.167216539383,6.001691415306322,1,3.8821531453967375
3038.2599606513977,6.019522111956324,1,3.872091205843637
3038.353687286377,5.9965969305491775,1,3.8850279852690526
3038.4307627677917,6.014427627199179,1,3.874966045715952
3038.5087554454803,6.011880384820611,1,3.876403465652108
3038.5857994556427,5.9965969305491775,1,3.8850279852690526
3038.6774821281433,6.009333142442035,1,3.877840885588267
3038.7552423477173,6.006785900063466,1,3.8792783055244224
3038.863157749176,6.009333142442035,1,3.877840885588267
3038.940998315811,6.019522111956324,1,3.872091205843637
3039.018045425415,6.009333142442035,1,3.877840885588267
3039.0947947502136,6.006785900063466,1,3.8792783055244224
3039.1885492801666,6.009333142442035,1,3.877840885588267
3039.28221988678,5.994049688170602,1,3.8864654052052123
3039.3595974445343,6.011880384820611,1,3.876403465652108
3039.4373195171356,6.006785900063466,1,3.8792783055244224
3039.5152039527893,5.999144172927746,1,3.8835905653328973
3039.592874288559,6.016974869577755,1,3.8735286257797927
3039.6705203056335,5.994049688170602,1,3.8864654052052123
3039.750459909439,6.0042386576848905,1,3.880715725460582
3039.842721939087,6.006785900063466,1,3.8792783055244224
3039.9206602573395,6.001691415306322,1,3.8821531453967375
3039.9976546764374,6.006785900063466,1,3.8792783055244224
3040.0758242607117,6.011880384820611,1,3.876403465652108
3040.153651714325,6.001691415306322,1,3.8821531453967375
3040.2306826114655,6.011880384820611,1,3.876403465652108
3040.3253211975098,6.014427627199179,1,3.874966045715952
3040.4186367988586,5.999144172927746,1,3.8835905653328973
3040.526348590851,6.006785900063466,1,3.8792783055244224
3040.604704141617,6.019522111956324,1,3.872091205843637
3040.684489250183,5.9965969305491775,1,3.8850279852690526
3040.7623739242554,6.009333142442035,1,3.877840885588267
3040.842180490494,6.014427627199179,1,3.874966045715952
3040.919685602188,6.001691415306322,1,3.8821531453967375
3041.010354042053,6.006785900063466,1,3.8792783055244224
3041.088402032852,6.006785900063466,1,3.8792783055244224
3041.1806836128235,6.019522111956324,1,3.872091205843637
3041.2584133148193,6.011880384820611,1,3.876403465652108
3041.336502313614,5.9965969305491775,1,3.8850279852690526
3041.4136185646057,6.016974869577755,1,3.8735286257797927
3041.4933593273163,6.009333142442035,1,3.877840885588267
3041.5871555805206,6.006785900063466,1,3.8792783055244224
3041.6649663448334,6.019522111956324,1,3.872091205843637
3041.743983745575,6.024616596713468,1,3.869216365971322
3041.838273525238,5.999144172927746,1,3.8835905653328973
3041.9158339500427,6.006785900063466,1,3.8792783055244224
3041.99480676651,6.009333142442035,1,3.877840885588267
3042.0866532325745,6.006785900063466,1,3.8792783055244224
3042.195030450821,6.014427627199179,1,3.874966045715952
3042.27291059494,6.016974869577755,1,3.8735286257797927
3042.350516796112,6.009333142442035,1,3.877840885588267
3042.43035364151,6.016974869577755,1,3.8735286257797927
3042.510448217392,6.001691415306322,1,3.8821531453967375
3042.6019287109375,5.999144172927746,1,3.8835905653328973
3042.694191455841,6.016974869577755,1,3.8735286257797927
3042.7732129096985,6.0042386576848905,1,3.880715725460582
3042.849890232086,6.009333142442035,1,3.877840885588267
3042.943786382675,6.009333142442035,1,3.877840885588267
3043.0345606803894,5.999144172927746,1,3.8835905653328973
3043.125561475754,6.016974869577755,1,3.8735286257797927
3043.2045423984528,6.0042386576848905,1,3.880715725460582
3043.2807149887085,6.009333142442035,1,3.877840885588267
3043.360567331314,6.011880384820611,1,3.876403465652108
3043.440395116806,6.014427627199179,1,3.874966045715952
3043.532423734665,6.006785900063466,1,3.8792783055244224
3043.6092178821564,6.011880384820611,1,3.876403465652108
3043.6872396469116,5.9889552034134645,1,3.8893402450775234
3043.779277086258,6.019522111956324,1,3.872091205843637
3043.888211965561,6.001691415306322,1,3.8821531453967375
3043.9640550613403,6.014427627199179,1,3.874966045715952
3044.040899515152,6.016974869577755,1,3.8735286257797927
3044.118693113327,6.006785900063466,1,3.8792783055244224
3044.1970682144165,6.014427627199179,1,3.874966045715952
3044.2738950252533,6.009333142442035,1,3.877840885588267
3044.351689338684,6.009333142442035,1,3.877840885588267
3044.4295897483826,6.011880384820611,1,3.876403465652108
3044.5058419704437,6.022069354334892,1,3.8706537859074817
3044.5856256484985,5.9965969305491775,1,3.8850279852690526
3044.676656961441,6.019522111956324,1,3.872091205843637
3044.7534024715424,6.011880384820611,1,3.876403465652108
3044.846169948578,6.024616596713468,1,3.869216365971322
3044.937924861908,6.014427627199179,1,3.874966045715952
3045.031145334244,6.016974869577755,1,3.8735286257797927
3045.1104774475098,6.014427627199179,1,3.874966045715952
3045.2027842998505,6.019522111956324,1,3.872091205843637
3045.2806169986725,6.016974869577755,1,3.8735286257797927
3045.3576130867004,6.022069354334892,1,3.8706537859074817
3045.4366731643677,6.016974869577755,1,3.8735286257797927
3045.5455133914948,6.014427627199179,1,3.874966045715952
3045.6234741210938,6.024616596713468,1,3.869216365971322
3045.7028720378876,6.001691415306322,1,3.8821531453967375
3045.782641649246,6.006785900063466,1,3.8792783055244224
3045.860464811325,6.029711081470612,1,3.866341526099007
3045.937403202057,6.009333142442035,1,3.877840885588267
3046.0301814079285,6.019522111956324,1,3.872091205843637
3046.1223900318146,6.011880384820611,1,3.876403465652108
3046.2002897262573,6.016974869577755,1,3.8735286257797927
3046.2790145874023,6.029711081470612,1,3.866341526099007
3046.3708412647247,6.014427627199179,1,3.874966045715952
3046.449477672577,6.009333142442035,1,3.877840885588267
3046.542815923691,6.014427627199179,1,3.874966045715952
3046.622185230255,6.014427627199179,1,3.874966045715952
3046.7018253803253,6.016974869577755,1,3.8735286257797927
3046.77800989151,6.029711081470612,1,3.866341526099007
3046.8718445301056,6.019522111956324,1,3.872091205843637
3046.94996881485,6.009333142442035,1,3.877840885588267
3047.0269615650177,6.024616596713468,1,3.869216365971322
3047.105749130249,6.022069354334892,1,3.8706537859074817
3047.2169070243835,6.009333142442035,1,3.877840885588267
3047.2953288555145,6.029711081470612,1,3.866341526099007
3047.372907400131,6.011880384820611,1,3.876403465652108
3047.450369119644,6.006785900063466,1,3.8792783055244224
3047.527325630188,6.016974869577755,1,3.8735286257797927
3047.6190946102142,6.011880384820611,1,3.876403465652108
3047.6969175338745,6.019522111956324,1,3.872091205843637
3047.7914893627167,6.019522111956324,1,3.872091205843637
3047.8872394561768,6.019522111956324,1,3.872091205843637
3047.980214357376,6.014427627199179,1,3.874966045715952
3048.057053565979,6.0042386576848905,1,3.880715725460582
3048.1361479759216,6.011880384820611,1,3.876403465652108
3048.2129530906677,6.032258323849181,1,3.8649041061628515
3048.298718690872,5.999144172927746,1,3.8835905653328973
3048.3848299980164,6.011880384820611,1,3.876403465652108
3048.4759805202484,6.022069354334892,1,3.8706537859074817
3048.5695927143097,6.006785900063466,1,3.8792783055244224
3048.662573337555,6.022069354334892,1,3.8706537859074817
3048.7412672042847,6.027163839092037,1,3.8677789460351666
3048.8316202163696,6.014427627199179,1,3.874966045715952
3048.939635515213,6.014427627199179,1,3.874966045715952
3049.01633310318,6.001691415306322,1,3.8821531453967375
3049.109714984894,6.029711081470612,1,3.866341526099007
3049.1871271133423,6.011880384820611,1,3.876403465652108
3049.264844417572,6.019522111956324,1,3.872091205843637
3049.3427748680115,6.024616596713468,1,3.869216365971322
3049.420521736145,6.009333142442035,1,3.877840885588267
3049.515470981598,6.016974869577755,1,3.8735286257797927
3049.5930337905884,6.029711081470612,1,3.866341526099007
3049.672781229019,6.014427627199179,1,3.874966045715952
3049.7516593933105,6.019522111956324,1,3.872091205843637
3049.828062772751,6.022069354334892,1,3.8706537859074817
3049.906861305237,6.016974869577755,1,3.8735286257797927
3049.9986839294434,6.016974869577755,1,3.8735286257797927
3050.0754776000977,6.029711081470612,1,3.866341526099007
3050.1544761657715,6.0042386576848905,1,3.880715725460582
3050.233372449875,6.009333142442035,1,3.877840885588267
3050.3258440494537,6.014427627199179,1,3.874966045715952
3050.4036734104156,6.016974869577755,1,3.8735286257797927
3050.4816002845764,6.016974869577755,1,3.8735286257797927
3050.592358112335,6.024616596713468,1,3.869216365971322
3050.6841158866882,6.019522111956324,1,3.872091205843637
3050.7620837688446,6.024616596713468,1,3.869216365971322
3050.840671300888,6.006785900063466,1,3.8792783055244224
3050.918497800827,6.016974869577755,1,3.8735286257797927
3050.996399641037,6.019522111956324,1,3.872091205843637
3051.0735306739807,6.014427627199179,1,3.874966045715952
3051.1528131961823,6.009333142442035,1,3.877840885588267
3051.230700969696,6.029711081470612,1,3.866341526099007
3051.3086416721344,6.024616596713468,1,3.869216365971322
3051.386561155319,6.014427627199179,1,3.874966045715952
3051.463038921356,6.014427627199179,1,3.874966045715952
3051.5427055358887,6.019522111956324,1,3.872091205843637
3051.637547969818,6.006785900063466,1,3.8792783055244224
3051.7151293754578,6.016974869577755,1,3.8735286257797927
3051.825666666031,6.019522111956324,1,3.872091205843637
3051.916687965393,6.019522111956324,1,3.872091205843637
3051.995290517807,6.011880384820611,1,3.876403465652108
3052.0895597934723,6.019522111956324,1,3.872091205843637
3052.182451248169,6.011880384820611,1,3.876403465652108
3052.2928516864777,6.019522111956324,1,3.872091205843637
3052.370898246765,6.016974869577755,1,3.8735286257797927
3052.4498105049133,6.016974869577755,1,3.8735286257797927
3052.5421059131622,6.011880384820611,1,3.876403465652108
3052.6200799942017,6.019522111956324,1,3.872091205843637
3052.7000453472137,6.019522111956324,1,3.872091205843637
3052.7796380519867,6.029711081470612,1,3.866341526099007
3052.8575110435486,6.022069354334892,1,3.8706537859074817
3052.9526603221893,6.006785900063466,1,3.8792783055244224
3053.029650449753,6.029711081470612,1,3.866341526099007
3053.1057789325714,6.019522111956324,1,3.872091205843637
3053.184024810791,6.0042386576848905,1,3.880715725460582
3053.2625300884247,6.016974869577755,1,3.8735286257797927
3053.353856563568,5.999144172927746,1,3.8835905653328973
3053.433035850525,6.006785900063466,1,3.8792783055244224
3053.526759624481,6.029711081470612,1,3.866341526099007
3053.6056604385376,6.009333142442035,1,3.877840885588267
3053.698793411255,6.006785900063466,1,3.8792783055244224
3053.777850151062,6.024616596713468,1,3.869216365971322
3053.854818582535,6.001691415306322,1,3.8821531453967375
3053.9637730121613,6.022069354334892,1,3.8706537859074817
3054.0406012535095,6.0042386576848905,1,3.880715725460582
3054.1344492435455,6.027163839092037,1,3.8677789460351666
3054.2115745544434,6.024616596713468,1,3.869216365971322
3054.2884595394135,6.019522111956324,1,3.872091205843637
3054.368413925171,6.016974869577755,1,3.8735286257797927
3054.44749045372,6.024616596713468,1,3.869216365971322
3054.5232729911804,6.019522111956324,1,3.872091205843637
3054.6001448631287,6.014427627199179,1,3.874966045715952
3054.6789095401764,6.029711081470612,1,3.866341526099007
3054.7559719085693,6.019522111956324,1,3.872091205843637
3054.834300518036,6.019522111956324,1,3.872091205843637
3054.910336494446,6.027163839092037,1,3.8677789460351666
3055.001324415207,6.034805566227757,1,3.8634666862266918
3055.0791296958923,6.027163839092037,1,3.8677789460351666
3055.1719119548798,6.034805566227757,1,3.8634666862266918
3055.2648074626923,6.022069354334892,1,3.8706537859074817
3055.3431358337402,6.019522111956324,1,3.872091205843637
3055.4340448379517,6.016974869577755,1,3.8735286257797927
3055.5278861522675,6.022069354334892,1,3.8706537859074817
3055.6356477737427,6.027163839092037,1,3.8677789460351666
3055.714477300644,6.027163839092037,1,3.8677789460351666
3055.7907547950745,6.024616596713468,1,3.869216365971322
3055.8666050434113,6.019522111956324,1,3.872091205843637
3055.943650484085,6.027163839092037,1,3.8677789460351666
3056.022615671158,6.022069354334892,1,3.8706537859074817
3056.1015989780426,6.011880384820611,1,3.876403465652108
3056.180436849594,6.024616596713468,1,3.869216365971322
3056.2572915554047,6.027163839092037,1,3.8677789460351666
3056.350428581238,6.022069354334892,1,3.8706537859074817
3056.444719552994,6.024616596713468,1,3.869216365971322
3056.5239305496216,6.037352808606325,1,3.8620292662905364
3056.601769924164,6.016974869577755,1,3.8735286257797927
3056.6952860355377,6.022069354334892,1,3.8706537859074817
3056.7736411094666,6.032258323849181,1,3.8649041061628515
3056.8504729270935,6.022069354334892,1,3.8706537859074817
3056.9275467395782,6.027163839092037,1,3.8677789460351666
3057.0066385269165,6.006785900063466,1,3.8792783055244224
3057.082903623581,6.029711081470612,1,3.866341526099007
3057.1628749370575,6.024616596713468,1,3.869216365971322
3057.2719271183014,6.022069354334892,1,3.8706537859074817
3057.350517272949,6.022069354334892,1,3.8706537859074817
3057.428474664688,6.037352808606325,1,3.8620292662905364
3057.5222239494324,6.014427627199179,1,3.874966045715952
3057.615302324295,6.016974869577755,1,3.8735286257797927
3057.6920726299286,6.022069354334892,1,3.8706537859074817
3057.7691185474396,6.019522111956324,1,3.872091205843637
3057.858965396881,6.019522111956324,1,3.872091205843637
3057.93803024292,6.016974869577755,1,3.8735286257797927
3058.0308561325073,6.039900050984901,1,3.8605918463543767
3058.108781337738,6.024616596713468,1,3.869216365971322
3058.185786008835,6.016974869577755,1,3.8735286257797927
3058.2769565582275,6.022069354334892,1,3.8706537859074817
3058.370719432831,6.016974869577755,1,3.8735286257797927
3058.4480636119843,6.022069354334892,1,3.8706537859074817
3058.5400145053864,6.024616596713468,1,3.869216365971322
3058.6319823265076,6.029711081470612,1,3.866341526099007
3058.723970890045,6.016974869577755,1,3.8735286257797927
3058.8020219802856,6.022069354334892,1,3.8706537859074817
3058.8810741901398,6.027163839092037,1,3.8677789460351666
3058.987139225006,6.034805566227757,1,3.8634666862266918
3059.064992427826,6.024616596713468,1,3.869216365971322
3059.1417486667633,6.032258323849181,1,3.8649041061628515
3059.217436313629,6.014427627199179,1,3.874966045715952
3059.310148000717,6.032258323849181,1,3.8649041061628515
3059.3892164230347,6.032258323849181,1,3.8649041061628515
3059.4810876846313,6.027163839092037,1,3.8677789460351666
3059.5723361968994,6.022069354334892,1,3.8706537859074817
3059.6498641967773,6.034805566227757,1,3.8634666862266918
3059.7286829948425,6.034805566227757,1,3.8634666862266918
3059.823061943054,6.011880384820611,1,3.876403465652108
3059.899576663971,6.029711081470612,1,3.866341526099007
3059.978694677353,6.029711081470612,1,3.866341526099007
3060.05761551857,6.022069354334892,1,3.8706537859074817
3060.149672269821,6.032258323849181,1,3.8649041061628515
3060.2276220321655,6.024616596713468,1,3.869216365971322
3060.307116985321,6.009333142442035,1,3.877840885588267
3060.3845653533936,6.024616596713468,1,3.869216365971322
3060.464535474777,6.034805566227757,1,3.8634666862266918
3060.5409145355225,6.024616596713468,1,3.869216365971322
3060.648895740509,6.032258323849181,1,3.8649041061628515
3060.7268307209015,6.032258323849181,1,3.8649041061628515
3060.805881023407,6.014427627199179,1,3.874966045715952
3060.898612976074,6.009333142442035,1,3.877840885588267
3060.9943771362305,6.029711081470612,1,3.866341526099007
3061.0714497566223,6.024616596713468,1,3.869216365971322
3061.1505842208862,6.019522111956324,1,3.872091205843637
3061.2296402454376,6.039900050984901,1,3.8605918463543767
3061.3225355148315,6.024616596713468,1,3.869216365971322
3061.4003314971924,6.024616596713468,1,3.869216365971322
3061.4928212165833,6.019522111956324,1,3.872091205843637
3061.5706403255463,6.011880384820611,1,3.876403465652108
3061.6478836536407,6.034805566227757,1,3.8634666862266918
3061.7250390052795,6.027163839092037,1,3.8677789460351666
3061.815609693527,6.029711081470612,1,3.866341526099007
3061.9076483249664,6.014427627199179,1,3.874966045715952
3061.9854724407196,6.019522111956324,1,3.872091205843637
3062.0794365406036,6.024616596713468,1,3.869216365971322
3062.1573581695557,6.024616596713468,1,3.869216365971322
3062.2356176376343,6.019522111956324,1,3.872091205843637
3062.3425419330597,6.039900050984901,1,3.8605918463543767
3062.4216475486755,6.029711081470612,1,3.866341526099007
3062.513608932495,6.029711081470612,1,3.866341526099007
3062.592576265335,6.029711081470612,1,3.866341526099007
3062.683657884598,6.022069354334892,1,3.8706537859074817
3062.761713027954,6.044994535742045,1,3.8577170064820616
3062.8406386375427,6.016974869577755,1,3.8735286257797927
3062.9184052944183,6.032258323849181,1,3.8649041061628515
3063.0112538337708,6.029711081470612,1,3.866341526099007
3063.088103532791,6.019522111956324,1,3.872091205843637
3063.180826663971,6.034805566227757,1,3.8634666862266918
3063.2759358882904,6.016974869577755,1,3.8735286257797927
3063.3547310829163,6.019522111956324,1,3.872091205843637
3063.4318075180054,6.032258323849181,1,3.8649041061628515
3063.5239152908325,6.024616596713468,1,3.869216365971322
3063.6018040180206,6.022069354334892,1,3.8706537859074817
3063.694899082184,6.029711081470612,1,3.866341526099007
3063.7748515605927,6.022069354334892,1,3.8706537859074817
3063.8648059368134,6.032258323849181,1,3.8649041061628515
3063.944019317627,6.034805566227757,1,3.8634666862266918
3064.064806699753,6.029711081470612,1,3.866341526099007
3064.1416041851044,6.022069354334892,1,3.8706537859074817
3064.219488620758,6.024616596713468,1,3.869216365971322
3064.3122792243958,6.034805566227757,1,3.8634666862266918
3064.405225753784,6.019522111956324,1,3.872091205843637
3064.4829466342926,6.029711081470612,1,3.866341526099007
3064.5768592357635,6.034805566227757,1,3.8634666862266918
3064.654842376709,6.029711081470612,1,3.866341526099007
3064.731843471527,6.027163839092037,1,3.8677789460351666
3064.808439731598,6.024616596713468,1,3.869216365971322
3064.8883233070374,6.022069354334892,1,3.8706537859074817
3064.966874599457,6.027163839092037,1,3.8677789460351666
3065.0437846183777,6.029711081470612,1,3.866341526099007
3065.1227838993073,6.024616596713468,1,3.869216365971322
3065.201671361923,6.022069354334892,1,3.8706537859074817
3065.279232263565,6.034805566227757,1,3.8634666862266918
3065.358042240143,6.016974869577755,1,3.8735286257797927
3065.4348459243774,6.029711081470612,1,3.866341526099007
3065.527009010315,6.039900050984901,1,3.8605918463543767
3065.606825351715,6.022069354334892,1,3.8706537859074817
3065.7150757312775,6.04244729336347,1,3.8591544264182214
3065.7937841415405,6.029711081470612,1,3.866341526099007
3065.870696783066,6.022069354334892,1,3.8706537859074817
3065.9487495422363,6.034805566227757,1,3.8634666862266918
3066.025703191757,6.014427627199179,1,3.874966045715952
3066.103889942169,6.032258323849181,1,3.8649041061628515
3066.182870388031,6.037352808606325,1,3.8620292662905364
3066.2597239017487,6.034805566227757,1,3.8634666862266918
3066.3387367725372,6.022069354334892,1,3.8706537859074817
3066.4165716171265,6.034805566227757,1,3.8634666862266918
3066.493476629257,6.027163839092037,1,3.8677789460351666
3066.5687408447266,6.04244729336347,1,3.8591544264182214
3066.662455558777,6.024616596713468,1,3.869216365971322
3066.753665447235,6.019522111956324,1,3.872091205843637
3066.8327116966248,6.027163839092037,1,3.8677789460351666
3066.92463183403,6.019522111956324,1,3.872091205843637
3067.001640319824,6.037352808606325,1,3.8620292662905364
3067.079320907593,6.039900050984901,1,3.8605918463543767
3067.157152891159,6.032258323849181,1,3.8649041061628515
3067.2337963581085,6.034805566227757,1,3.8634666862266918
3067.342840909958,6.027163839092037,1,3.8677789460351666
3067.418659925461,6.039900050984901,1,3.8605918463543767
3067.496668815613,6.034805566227757,1,3.8634666862266918
3067.5750482082367,6.014427627199179,1,3.874966045715952
3067.669694662094,6.029711081470612,1,3.866341526099007
3067.7485020160675,6.034805566227757,1,3.8634666862266918
3067.8572862148285,6.019522111956324,1,3.872091205843637
3067.937161922455,6.029711081470612,1,3.866341526099007
3068.016092777252,6.037352808606325,1,3.8620292662905364
3068.0930104255676,6.027163839092037,1,3.8677789460351666
3068.171681880951,6.032258323849181,1,3.8649041061628515
3068.2643752098083,6.039900050984901,1,3.8605918463543767
3068.3557999134064,6.029711081470612,1,3.866341526099007
3068.4342501163483,6.032258323849181,1,3.8649041061628515
3068.52605175972,6.032258323849181,1,3.8649041061628515
3068.6047155857086,6.034805566227757,1,3.8634666862266918
3068.6845347881317,6.032258323849181,1,3.8649041061628515
3068.7758893966675,6.014427627199179,1,3.874966045715952
3068.854057788849,6.029711081470612,1,3.866341526099007
3068.9478092193604,6.034805566227757,1,3.8634666862266918
3069.0568907260895,6.032258323849181,1,3.8649041061628515
3069.1358330249786,6.029711081470612,1,3.866341526099007
3069.2139010429382,6.034805566227757,1,3.8634666862266918
3069.291967868805,6.024616596713468,1,3.869216365971322
3069.3710658550262,6.027163839092037,1,3.8677789460351666
3069.4479355812073,6.034805566227757,1,3.8634666862266918
3069.524760723114,6.019522111956324,1,3.872091205843637
3069.6018571853638,6.034805566227757,1,3.8634666862266918
3069.6788153648376,6.037352808606325,1,3.8620292662905364
3069.756073951721,6.022069354334892,1,3.8706537859074817
3069.83575630188,6.034805566227757,1,3.8634666862266918
3069.913848876953,6.039900050984901,1,3.8605918463543767
3069.9916503429413,6.027163839092037,1,3.8677789460351666
3070.08341050148,6.032258323849181,1,3.8649041061628515
3070.176733493805,6.019522111956324,1,3.872091205843637
3070.2545087337494,6.027163839092037,1,3.8677789460351666
3070.345143556595,6.024616596713468,1,3.869216365971322
3070.4224321842194,6.027163839092037,1,3.8677789460351666
3070.4997634887695,6.04244729336347,1,3.8591544264182214
3070.578637123108,6.032258323849181,1,3.8649041061628515
3070.702031850815,6.04244729336347,1,3.8591544264182214
3070.7800018787384,6.032258323849181,1,3.8649041061628515
3070.857983112335,6.027163839092037,1,3.8677789460351666
3070.9348273277283,6.029711081470612,1,3.866341526099007
3071.0120351314545,6.044994535742045,1,3.8577170064820616
3071.0908839702606,6.037352808606325,1,3.8620292662905364
3071.1885237693787,6.034805566227757,1,3.8634666862266918
3071.2783551216125,6.029711081470612,1,3.866341526099007
3071.355945110321,6.029711081470612,1,3.866341526099007
3071.4333543777466,6.052636262877758,1,3.8534047466735912
3071.513155937195,6.037352808606325,1,3.8620292662905364
3071.5894389152527,6.027163839092037,1,3.8677789460351666
3071.6829855442047,6.047541778120614,1,3.8562795865459063
3071.760841846466,6.032258323849181,1,3.8649041061628515
3071.8387961387634,6.044994535742045,1,3.8577170064820616
3071.9157202243805,6.039900050984901,1,3.8605918463543767
3071.9939155578613,6.037352808606325,1,3.8620292662905364
3072.070631504059,6.034805566227757,1,3.8634666862266918
3072.1504752635956,6.037352808606325,1,3.8620292662905364
3072.2273473739624,6.029711081470612,1,3.866341526099007
3072.336056947708,6.044994535742045,1,3.8577170064820616
3072.413895368576,6.037352808606325,1,3.8620292662905364
3072.491941690445,6.027163839092037,1,3.8677789460351666
3072.5688531398773,6.032258323849181,1,3.8649041061628515
3072.6486859321594,6.039900050984901,1,3.8605918463543767
3072.7285175323486,6.039900050984901,1,3.8605918463543767
3072.805885076523,6.032258323849181,1,3.8649041061628515
3072.8856291770935,6.032258323849181,1,3.8649041061628515
3072.9630868434906,6.034805566227757,1,3.8634666862266918
3073.0397806167603,6.032258323849181,1,3.8649041061628515
3073.1164729595184,6.050089020499183,1,3.8548421666097505
3073.209133863449,6.027163839092037,1,3.8677789460351666
3073.2858262062073,6.039900050984901,1,3.8605918463543767
3073.363811969757,6.039900050984901,1,3.8605918463543767
3073.4430174827576,6.032258323849181,1,3.8649041061628515
3073.534612417221,6.04244729336347,1,3.8591544264182214
3073.6266763210297,6.032258323849181,1,3.8649041061628515
3073.7027764320374,6.029711081470612,1,3.866341526099007
3073.796535015106,6.039900050984901,1,3.8605918463543767
3073.8751969337463,6.019522111956324,1,3.872091205843637
3073.9837424755096,6.044994535742045,1,3.8577170064820616
3074.0615644454956,6.037352808606325,1,3.8620292662905364
3074.153874874115,6.039900050984901,1,3.8605918463543767
3074.23091840744,6.04244729336347,1,3.8591544264182214
3074.30814576149,6.027163839092037,1,3.8677789460351666
3074.3864991664886,6.04244729336347,1,3.8591544264182214
3074.465030670166,6.044994535742045,1,3.8577170064820616
3074.542256116867,6.029711081470612,1,3.866341526099007
3074.6192111968994,6.044994535742045,1,3.8577170064820616
3074.711132287979,6.034805566227757,1,3.8634666862266918
3074.7893359661102,6.037352808606325,1,3.8620292662905364
3074.868196964264,6.050089020499183,1,3.8548421666097505
3074.94753074646,6.039900050984901,1,3.8605918463543767
3075.025834083557,6.034805566227757,1,3.8634666862266918
3075.1178555488586,6.032258323849181,1,3.8649041061628515
3075.195993900299,6.039900050984901,1,3.8605918463543767
3075.273937702179,6.032258323849181,1,3.8649041061628515
3075.3669815063477,6.037352808606325,1,3.8620292662905364
3075.4447746276855,6.037352808606325,1,3.8620292662905364
3075.5245876312256,6.034805566227757,1,3.8634666862266918
3075.633980035782,6.034805566227757,1,3.8634666862266918
3075.71169090271,6.039900050984901,1,3.8605918463543767
3075.8044426441193,6.022069354334892,1,3.8706537859074817
3075.8988180160522,6.037352808606325,1,3.8620292662905364
3075.976358652115,6.034805566227757,1,3.8634666862266918
3076.0534121990204,6.039900050984901,1,3.8605918463543767
3076.146167039871,6.039900050984901,1,3.8605918463543767
3076.225023984909,6.029711081470612,1,3.866341526099007
3076.30126619339,6.032258323849181,1,3.8649041061628515
3076.37894654274,6.039900050984901,1,3.8605918463543767
3076.4580614566803,6.037352808606325,1,3.8620292662905364
3076.5358843803406,6.04244729336347,1,3.8591544264182214
3076.6142416000366,6.04244729336347,1,3.8591544264182214
3076.692802667618,6.039900050984901,1,3.8605918463543767
3076.783648252487,6.055183505256327,1,3.8519673267374355
3076.877215862274,6.039900050984901,1,3.8605918463543767
3076.969608783722,6.034805566227757,1,3.8634666862266918
3077.0475356578827,6.050089020499183,1,3.8548421666097505
3077.123481988907,6.037352808606325,1,3.8620292662905364
3077.199962615967,6.044994535742045,1,3.8577170064820616
3077.311821937561,6.029711081470612,1,3.866341526099007
3077.391289949417,6.029711081470612,1,3.866341526099007
3077.469143629074,6.039900050984901,1,3.8605918463543767
3077.5469999313354,6.044994535742045,1,3.8577170064820616
3077.624752998352,6.034805566227757,1,3.8634666862266918
3077.70264172554,6.039900050984901,1,3.8605918463543767
3077.780511856079,6.04244729336347,1,3.8591544264182214
3077.8594081401825,6.029711081470612,1,3.866341526099007
3077.9358327388763,6.047541778120614,1,3.8562795865459063
3078.012843132019,6.04244729336347,1,3.8591544264182214
3078.1087186336517,6.032258323849181,1,3.8649041061628515
3078.1866319179535,6.047541778120614,1,3.8562795865459063
3078.2657446861267,6.04244729336347,1,3.8591544264182214
3078.3446311950684,6.024616596713468,1,3.869216365971322
3078.420711994171,6.034805566227757,1,3.8634666862266918
3078.515597820282,6.047541778120614,1,3.8562795865459063
3078.5946526527405,6.032258323849181,1,3.8649041061628515
3078.6728842258453,6.032258323849181,1,3.8649041061628515
3078.766590833664,6.039900050984901,1,3.8605918463543767
3078.858458995819,6.039900050984901,1,3.8605918463543767
3078.971382379532,6.050089020499183,1,3.8548421666097505
3079.0464973449707,6.034805566227757,1,3.8634666862266918
3079.123313188553,6.029711081470612,1,3.866341526099007
3079.2024540901184,6.029711081470612,1,3.866341526099007
3079.294612646103,6.034805566227757,1,3.8634666862266918
3079.3724682331085,6.039900050984901,1,3.8605918463543767
3079.4516894817352,6.044994535742045,1,3.8577170064820616
3079.5293986797333,6.055183505256327,1,3.8519673267374355
3079.6077013015747,6.044994535742045,1,3.8577170064820616
3079.684942483902,6.037352808606325,1,3.8620292662905364
3079.7618572711945,6.032258323849181,1,3.8649041061628515
3079.840884923935,6.039900050984901,1,3.8605918463543767
3079.933963537216,6.039900050984901,1,3.8605918463543767
3080.0269060134888,6.04244729336347,1,3.8591544264182214
3080.106754541397,6.034805566227757,1,3.8634666862266918
3080.183899641037,6.044994535742045,1,3.8577170064820616
3080.260674238205,6.032258323849181,1,3.8649041061628515
3080.3545401096344,6.037352808606325,1,3.8620292662905364
3080.4486742019653,6.050089020499183,1,3.8548421666097505
3080.5265374183655,6.029711081470612,1,3.866341526099007
3080.635246992111,6.050089020499183,1,3.8548421666097505
3080.7263481616974,6.04244729336347,1,3.8591544264182214
3080.8221077919006,6.039900050984901,1,3.8605918463543767
3080.9139754772186,6.04244729336347,1,3.8591544264182214
3080.9906640052795,6.022069354334892,1,3.8706537859074817
3081.0697894096375,6.037352808606325,1,3.8620292662905364
3081.146758556366,6.037352808606325,1,3.8620292662905364
3081.2248935699463,6.039900050984901,1,3.8605918463543767
3081.3032467365265,6.04244729336347,1,3.8591544264182214
3081.3928215503693,6.04244729336347,1,3.8591544264182214
3081.4841554164886,6.044994535742045,1,3.8577170064820616
3081.5777921676636,6.032258323849181,1,3.8649041061628515
3081.6556282043457,6.04244729336347,1,3.8591544264182214
3081.7354555130005,6.04244729336347,1,3.8591544264182214
3081.8138949871063,6.04244729336347,1,3.8591544264182214
3081.8907873630524,6.032258323849181,1,3.8649041061628515
3081.983669281006,6.037352808606325,1,3.8620292662905364
3082.059395313263,6.032258323849181,1,3.8649041061628515
3082.137382030487,6.052636262877758,1,3.8534047466735912
3082.215407848358,6.047541778120614,1,3.8562795865459063
3082.3235132694244,6.039900050984901,1,3.8605918463543767
3082.402575492859,6.055183505256327,1,3.8519673267374355
3082.480793237686,6.04244729336347,1,3.8591544264182214
3082.557567358017,6.034805566227757,1,3.8634666862266918
3082.6513481140137,6.052636262877758,1,3.8534047466735912
3082.7310042381287,6.044994535742045,1,3.8577170064820616
3082.806871175766,6.032258323849181,1,3.8649041061628515
3082.8847217559814,6.037352808606325,1,3.8620292662905364
3082.9635260105133,6.050089020499183,1,3.8548421666097505
3083.055861234665,6.039900050984901,1,3.8605918463543767
3083.134181499481,6.050089020499183,1,3.8548421666097505
3083.212897539139,6.039900050984901,1,3.8605918463543767
3083.28968501091,6.039900050984901,1,3.8605918463543767
3083.3667907714844,6.039900050984901,1,3.8605918463543767
3083.4436287879944,6.039900050984901,1,3.8605918463543767
3083.5207257270813,6.050089020499183,1,3.8548421666097505
3083.6006462574005,6.039900050984901,1,3.8605918463543767
3083.679434776306,6.037352808606325,1,3.8620292662905364
3083.7562799453735,6.029711081470612,1,3.866341526099007
3083.8659451007843,6.037352808606325,1,3.8620292662905364
3083.9757311344147,6.039900050984901,1,3.8605918463543767
3084.053633213043,6.050089020499183,1,3.8548421666097505
3084.1328032016754,6.050089020499183,1,3.8548421666097505
3084.2237112522125,6.044994535742045,1,3.8577170064820616
3084.316655397415,6.039900050984901,1,3.8605918463543767
3084.4066586494446,6.04244729336347,1,3.8591544264182214
3084.4856762886047,6.032258323849181,1,3.8649041061628515
3084.5638778209686,6.029711081470612,1,3.866341526099007
3084.6416652202606,6.037352808606325,1,3.8620292662905364
3084.7194921970367,6.039900050984901,1,3.8605918463543767
3084.7985289096832,6.034805566227757,1,3.8634666862266918
3084.8750462532043,6.044994535742045,1,3.8577170064820616
3084.954830646515,6.052636262877758,1,3.8534047466735912
3085.047961950302,6.050089020499183,1,3.8548421666097505
3085.138728618622,6.044994535742045,1,3.8577170064820616
3085.2162799835205,6.047541778120614,1,3.8562795865459063
3085.2954773902893,6.039900050984901,1,3.8605918463543767
3085.3714666366577,6.04244729336347,1,3.8591544264182214
3085.46382522583,6.04244729336347,1,3.8591544264182214
3085.5408606529236,6.039900050984901,1,3.8605918463543767
3085.649866104126,6.04244729336347,1,3.8591544264182214
3085.7298760414124,6.039900050984901,1,3.8605918463543767
3085.820996761322,6.04244729336347,1,3.8591544264182214
3085.898133993149,6.047541778120614,1,3.8562795865459063
3085.975029706955,6.034805566227757,1,3.8634666862266918
3086.052607536316,6.052636262877758,1,3.8534047466735912
3086.1469440460205,6.039900050984901,1,3.8605918463543767
3086.2248742580414,6.037352808606325,1,3.8620292662905364
3086.3159596920013,6.050089020499183,1,3.8548421666097505
3086.394347190857,6.039900050984901,1,3.8605918463543767
3086.4717116355896,6.055183505256327,1,3.8519673267374355
3086.5477890968323,6.039900050984901,1,3.8605918463543767
3086.6269824504852,6.034805566227757,1,3.8634666862266918
3086.7051022052765,6.04244729336347,1,3.8591544264182214
3086.781498193741,6.044994535742045,1,3.8577170064820616
3086.857656955719,6.024616596713468,1,3.869216365971322
3086.9357526302338,6.04244729336347,1,3.8591544264182214
3087.0115127563477,6.037352808606325,1,3.8620292662905364
3087.090036869049,6.032258323849181,1,3.8649041061628515
3087.1686594486237,6.044994535742045,1,3.8577170064820616
3087.291347026825,6.047541778120614,1,3.8562795865459063
3087.368456840515,6.039900050984901,1,3.8605918463543767
3087.4462904930115,6.032258323849181,1,3.8649041061628515
3087.525402545929,6.032258323849181,1,3.8649041061628515
3087.6043252944946,6.050089020499183,1,3.8548421666097505
3087.696995973587,6.034805566227757,1,3.8634666862266918
3087.7759170532227,6.034805566227757,1,3.8634666862266918
3087.854748249054,6.04244729336347,1,3.8591544264182214
3087.9326627254486,6.04244729336347,1,3.8591544264182214
3088.024109363556,6.039900050984901,1,3.8605918463543767
3088.104018688202,6.04244729336347,1,3.8591544264182214
3088.195756673813,6.037352808606325,1,3.8620292662905364
3088.273582458496,6.044994535742045,1,3.8577170064820616
3088.364572286606,6.032258323849181,1,3.8649041061628515
3088.458594083786,6.034805566227757,1,3.8634666862266918
3088.5358743667603,6.055183505256327,1,3.8519673267374355
3088.612741470337,6.034805566227757,1,3.8634666862266918
3088.6905336380005,6.037352808606325,1,3.8620292662905364
3088.7696013450623,6.044994535742045,1,3.8577170064820616
3088.8617026805878,6.037352808606325,1,3.8620292662905364
3088.96862077713,6.057730747634903,1,3.850529906801276
3089.0465762615204,6.04244729336347,1,3.8591544264182214
3089.125787973404,6.044994535742045,1,3.8577170064820616
3089.218142747879,6.055183505256327,1,3.8519673267374355
3089.2960982322693,6.052636262877758,1,3.8534047466735912
3089.373396873474,6.044994535742045,1,3.8577170064820616
3089.4506225585938,6.044994535742045,1,3.8577170064820616
3089.5438928604126,6.039900050984901,1,3.8605918463543767
3089.639008998871,6.044994535742045,1,3.8577170064820616
3089.7161815166473,6.04244729336347,1,3.8591544264182214
3089.794177532196,6.050089020499183,1,3.8548421666097505
3089.8717460632324,6.050089020499183,1,3.8548421666097505
3089.9495556354523,6.052636262877758,1,3.8534047466735912
3090.0263862609863,6.037352808606325,1,3.8620292662905364
3090.102992773056,6.052636262877758,1,3.8534047466735912
3090.1828389167786,6.039900050984901,1,3.8605918463543767
3090.2603046894073,6.04244729336347,1,3.8591544264182214
3090.3531365394592,6.047541778120614,1,3.8562795865459063
3090.432047367096,6.039900050984901,1,3.8605918463543767
3090.5099906921387,6.032258323849181,1,3.8649041061628515
3090.6211800575256,6.052636262877758,1,3.8534047466735912
3090.7129242420197,6.044994535742045,1,3.8577170064820616
3090.7921907901764,6.044994535742045,1,3.8577170064820616
3090.871012687683,6.052636262877758,1,3.8534047466735912
3090.947945356369,6.050089020499183,1,3.8548421666097505
3091.0249302387238,6.04244729336347,1,3.8591544264182214
3091.1009912490845,6.050089020499183,1,3.8548421666097505
3091.1776537895203,6.029711081470612,1,3.866341526099007
3091.2557005882263,6.047541778120614,1,3.8562795865459063
3091.3358402252197,6.044994535742045,1,3.8577170064820616
3091.413070201874,6.04244729336347,1,3.8591544264182214
3091.492964744568,6.034805566227757,1,3.8634666862266918
3091.571889400482,6.052636262877758,1,3.8534047466735912
3091.6496992111206,6.047541778120614,1,3.8562795865459063
3091.726907014847,6.037352808606325,1,3.8620292662905364
3091.8205552101135,6.050089020499183,1,3.8548421666097505
3091.915018796921,6.039900050984901,1,3.8605918463543767
3091.994431257248,6.037352808606325,1,3.8620292662905364
3092.071813106537,6.057730747634903,1,3.850529906801276
3092.1493763923645,6.047541778120614,1,3.8562795865459063
3092.260779619217,6.037352808606325,1,3.8620292662905364
3092.3538868427277,6.055183505256327,1,3.8519673267374355
3092.431797981262,6.050089020499183,1,3.8548421666097505
3092.509559392929,6.047541778120614,1,3.8562795865459063
3092.5856614112854,6.050089020499183,1,3.8548421666097505
3092.6633257865906,6.04244729336347,1,3.8591544264182214
3092.74099445343,6.060277990013471,1,3.8490924868651204
3092.818866252899,6.047541778120614,1,3.8562795865459063
3092.8977687358856,6.044994535742045,1,3.8577170064820616
3092.9935145378113,6.052636262877758,1,3.8534047466735912
3093.069839477539,6.060277990013471,1,3.8490924868651204
3093.147305727005,6.04244729336347,1,3.8591544264182214
3093.2264316082,6.050089020499183,1,3.8548421666097505
3093.303637266159,6.050089020499183,1,3.8548421666097505
3093.3806397914886,6.050089020499183,1,3.8548421666097505
3093.460526943207,6.04244729336347,1,3.8591544264182214
3093.538399219513,6.062825232392047,1,3.847655066928961
3093.6175258159637,6.057730747634903,1,3.850529906801276
3093.696687221527,6.044994535742045,1,3.8577170064820616
3093.7738223075867,6.060277990013471,1,3.8490924868651204
3093.8836052417755,6.055183505256327,1,3.8519673267374355
3093.97670173645,6.055183505256327,1,3.8519673267374355
3094.053510427475,6.060277990013471,1,3.8490924868651204
3094.1474528312683,6.039900050984901,1,3.8605918463543767
3094.22368311882,6.067919717149191,1,3.844780227056646
3094.3016324043274,6.055183505256327,1,3.8519673267374355
3094.3794634342194,6.050089020499183,1,3.8548421666097505
3094.469644546509,6.055183505256327,1,3.8519673267374355
3094.5473392009735,6.037352808606325,1,3.8620292662905364
3094.6251289844513,6.060277990013471,1,3.8490924868651204
3094.701726913452,6.052636262877758,1,3.8534047466735912
3094.7794773578644,6.039900050984901,1,3.8605918463543767
3094.858656644821,6.052636262877758,1,3.8534047466735912
3094.951427221298,6.050089020499183,1,3.8548421666097505
3095.0307421684265,6.047541778120614,1,3.8562795865459063
3095.1087832450867,6.052636262877758,1,3.8534047466735912
3095.202305793762,6.057730747634903,1,3.850529906801276
3095.2820892333984,6.044994535742045,1,3.8577170064820616
3095.3731989860535,6.057730747634903,1,3.850529906801276
3095.4519538879395,6.057730747634903,1,3.850529906801276
3095.5619764328003,6.047541778120614,1,3.8562795865459063
3095.639578819275,6.060277990013471,1,3.8490924868651204
3095.7193212509155,6.057730747634903,1,3.850529906801276
3095.7968289852142,6.047541778120614,1,3.8562795865459063
3095.8730297088623,6.065372474770616,1,3.8462176469928053
3095.9509019851685,6.065372474770616,1,3.8462176469928053
3096.0298488140106,6.055183505256327,1,3.8519673267374355
3096.106691598892,6.057730747634903,1,3.850529906801276
3096.1857075691223,6.057730747634903,1,3.850529906801276
3096.263710975647,6.039900050984901,1,3.8605918463543767
3096.3605794906616,6.044994535742045,1,3.8577170064820616
3096.4518382549286,6.060277990013471,1,3.8490924868651204
3096.5289113521576,6.055183505256327,1,3.8519673267374355
3096.6081063747406,6.055183505256327,1,3.8519673267374355
3096.6858937740326,6.07046695952776,1,3.8433428071204903
3096.777033805847,6.062825232392047,1,3.847655066928961
3096.8707399368286,6.067919717149191,1,3.844780227056646
3096.9639554023743,6.052636262877758,1,3.8534047466735912
3097.0410425662994,6.07046695952776,1,3.8433428071204903
3097.132858276367,6.047541778120614,1,3.8562795865459063
3097.2407257556915,6.055183505256327,1,3.8519673267374355
3097.3167111873627,6.060277990013471,1,3.8490924868651204
3097.394768714905,6.052636262877758,1,3.8534047466735912
3097.486902952194,6.057730747634903,1,3.850529906801276
3097.5657274723053,6.050089020499183,1,3.8548421666097505
3097.6455206871033,6.062825232392047,1,3.847655066928961
3097.722635269165,6.062825232392047,1,3.847655066928961
3097.813414335251,6.047541778120614,1,3.8562795865459063
3097.90385389328,6.055183505256327,1,3.8519673267374355
3097.994870185852,6.047541778120614,1,3.8562795865459063
3098.0746054649353,6.050089020499183,1,3.8548421666097505
3098.153651237488,6.062825232392047,1,3.847655066928961
3098.24542593956,6.04244729336347,1,3.8591544264182214
3098.3242976665497,6.057730747634903,1,3.850529906801276
3098.401934862137,6.060277990013471,1,3.8490924868651204
3098.493803501129,6.057730747634903,1,3.850529906801276
3098.5709195137024,6.057730747634903,1,3.850529906801276
3098.6631491184235,6.055183505256327,1,3.8519673267374355
3098.7568113803864,6.060277990013471,1,3.8490924868651204
3098.8365767002106,6.065372474770616,1,3.8462176469928053
3098.945671081543,6.050089020499183,1,3.8548421666097505
3099.0247468948364,6.052636262877758,1,3.8534047466735912
3099.104222536087,6.055183505256327,1,3.8519673267374355
3099.181976556778,6.047541778120614,1,3.8562795865459063
3099.2604954242706,6.039900050984901,1,3.8605918463543767
3099.336638689041,6.062825232392047,1,3.847655066928961
3099.4146206378937,6.04244729336347,1,3.8591544264182214
3099.493050098419,6.050089020499183,1,3.8548421666097505
3099.5696523189545,6.052636262877758,1,3.8534047466735912
3099.6608045101166,6.044994535742045,1,3.8577170064820616
3099.7377791404724,6.057730747634903,1,3.850529906801276
3099.832038164139,6.052636262877758,1,3.8534047466735912
3099.9095497131348,6.055183505256327,1,3.8519673267374355
3100.001650571823,6.050089020499183,1,3.8548421666097505
3100.0786850452423,6.060277990013471,1,3.8490924868651204
3100.1706461906433,6.055183505256327,1,3.8519673267374355
3100.248643875122,6.052636262877758,1,3.8534047466735912
3100.3256742954254,6.060277990013471,1,3.8490924868651204
3100.4053072929382,6.065372474770616,1,3.8462176469928053
3100.4847028255463,6.052636262877758,1,3.8534047466735912
3100.592704296112,6.057730747634903,1,3.850529906801276
3100.6726353168488,6.067919717149191,1,3.844780227056646
3100.7516808509827,6.055183505256327,1,3.8519673267374355
3100.8429839611053,6.057730747634903,1,3.850529906801276
3100.921821832657,6.057730747634903,1,3.850529906801276
3101.0317718982697,6.047541778120614,1,3.8562795865459063
3101.108812570572,6.07046695952776,1,3.8433428071204903
3101.184770345688,6.057730747634903,1,3.850529906801276
3101.2618114948273,6.060277990013471,1,3.8490924868651204
3101.3408331871033,6.065372474770616,1,3.8462176469928053
3101.4185452461243,6.050089020499183,1,3.8548421666097505
3101.509423971176,6.065372474770616,1,3.8462176469928053
3101.588224887848,6.057730747634903,1,3.850529906801276
3101.6806387901306,6.047541778120614,1,3.8562795865459063
3101.75811958313,6.078108686663473,1,3.83903054731202
3101.837928056717,6.065372474770616,1,3.8462176469928053
3101.914841890335,6.065372474770616,1,3.8462176469928053
3102.007712364197,6.07046695952776,1,3.8433428071204903
3102.102428674698,6.057730747634903,1,3.850529906801276
3102.195333003998,6.050089020499183,1,3.8548421666097505
3102.3064024448395,6.057730747634903,1,3.850529906801276
3102.384260416031,6.039900050984901,1,3.8605918463543767
3102.4778320789337,6.050089020499183,1,3.8548421666097505
3102.5549309253693,6.060277990013471,1,3.8490924868651204
3102.6468601226807,6.062825232392047,1,3.847655066928961
3102.7240738868713,6.065372474770616,1,3.8462176469928053
3102.8022830486298,6.055183505256327,1,3.8519673267374355
3102.880096912384,6.055183505256327,1,3.8519673267374355
3102.9587936401367,6.067919717149191,1,3.844780227056646
3103.0375068187714,6.065372474770616,1,3.8462176469928053
3103.129680633545,6.044994535742045,1,3.8577170064820616
3103.223995447159,6.060277990013471,1,3.8490924868651204
3103.315808057785,6.057730747634903,1,3.850529906801276
3103.3934619426727,6.050089020499183,1,3.8548421666097505
3103.4869379997253,6.052636262877758,1,3.8534047466735912
3103.563063144684,6.052636262877758,1,3.8534047466735912
3103.656526327133,6.055183505256327,1,3.8519673267374355
3103.7341368198395,6.047541778120614,1,3.8562795865459063
3103.8118875026703,6.057730747634903,1,3.850529906801276
3103.8909726142883,6.055183505256327,1,3.8519673267374355
3103.999683856964,6.044994535742045,1,3.8577170064820616
3104.077486515045,6.057730747634903,1,3.850529906801276
3104.1569685935974,6.062825232392047,1,3.847655066928961
3104.236759662628,6.060277990013471,1,3.8490924868651204
3104.314510345459,6.057730747634903,1,3.850529906801276
3104.4090082645416,6.065372474770616,1,3.8462176469928053
3104.5008115768433,6.047541778120614,1,3.8562795865459063
3104.5780806541443,6.067919717149191,1,3.844780227056646
3104.67143535614,6.062825232392047,1,3.847655066928961
3104.7476851940155,6.055183505256327,1,3.8519673267374355
3104.826388835907,6.073014201906336,1,3.841905387184331
3104.905547142029,6.067919717149191,1,3.844780227056646
3104.99764084816,6.065372474770616,1,3.8462176469928053
3105.076712846756,6.07046695952776,1,3.8433428071204903
3105.1687421798706,6.052636262877758,1,3.8534047466735912
3105.261484861374,6.060277990013471,1,3.8490924868651204
3105.3553006649017,6.055183505256327,1,3.8519673267374355
3105.4486639499664,6.057730747634903,1,3.850529906801276
3105.542408466339,6.067919717149191,1,3.844780227056646
3105.6194388866425,6.057730747634903,1,3.850529906801276
3105.7274849414825,6.060277990013471,1,3.8490924868651204
3105.8064522743225,6.060277990013471,1,3.8490924868651204
3105.8853199481964,6.057730747634903,1,3.850529906801276
3105.963707447052,6.050089020499183,1,3.8548421666097505
3106.0426590442657,6.060277990013471,1,3.8490924868651204
3106.1184833049774,6.055183505256327,1,3.8519673267374355
3106.1957309246063,6.057730747634903,1,3.850529906801276
3106.2886402606964,6.075561444284904,1,3.840467967248175
3106.366701602936,6.052636262877758,1,3.8534047466735912
3106.446014404297,6.057730747634903,1,3.850529906801276
3106.5415165424347,6.073014201906336,1,3.841905387184331
3106.619347333908,6.052636262877758,1,3.8534047466735912
3106.7111043930054,6.060277990013471,1,3.8490924868651204
3106.7888655662537,6.073014201906336,1,3.841905387184331
3106.8667933940887,6.060277990013471,1,3.8490924868651204
3106.9438350200653,6.067919717149191,1,3.844780227056646
3107.021848678589,6.073014201906336,1,3.841905387184331
3107.112842321396,6.07046695952776,1,3.8433428071204903
3107.1920936107635,6.065372474770616,1,3.8462176469928053
3107.269113779068,6.050089020499183,1,3.8548421666097505
3107.3765280246735,6.080655929042049,1,3.83759312737586
3107.454025745392,6.060277990013471,1,3.8490924868651204
3107.530932664871,6.060277990013471,1,3.8490924868651204
3107.6078095436096,6.075561444284904,1,3.840467967248175
3107.686355113983,6.060277990013471,1,3.8490924868651204
3107.777614593506,6.07046695952776,1,3.8433428071204903
3107.872431755066,6.067919717149191,1,3.844780227056646
3107.952193260193,6.057730747634903,1,3.850529906801276
3108.0299682617188,6.062825232392047,1,3.847655066928961
3108.1094031333923,6.057730747634903,1,3.850529906801276
3108.1873927116394,6.060277990013471,1,3.8490924868651204
3108.2644081115723,6.062825232392047,1,3.847655066928961
3108.3561823368073,6.062825232392047,1,3.847655066928961
3108.4344232082367,6.057730747634903,1,3.850529906801276
3108.5282809734344,6.075561444284904,1,3.840467967248175
3108.6081697940826,6.07046695952776,1,3.8433428071204903
3108.6849670410156,6.062825232392047,1,3.847655066928961
3108.762462615967,6.057730747634903,1,3.850529906801276
3108.84144449234,6.07046695952776,1,3.8433428071204903
3108.935194015503,6.052636262877758,1,3.8534047466735912
3109.0449278354645,6.078108686663473,1,3.83903054731202
3109.1381018161774,6.060277990013471,1,3.8490924868651204
3109.215092420578,6.060277990013471,1,3.8490924868651204
3109.294208049774,6.078108686663473,1,3.83903054731202
3109.372812271118,6.067919717149191,1,3.844780227056646
3109.450619459152,6.057730747634903,1,3.850529906801276
3109.530554294586,6.055183505256327,1,3.8519673267374355
3109.61034822464,6.07046695952776,1,3.8433428071204903
3109.686635017395,6.050089020499183,1,3.8548421666097505
3109.766484260559,6.057730747634903,1,3.850529906801276
3109.843950986862,6.073014201906336,1,3.841905387184331
3109.9366862773895,6.050089020499183,1,3.8548421666097505
3110.015468120575,6.050089020499183,1,3.8548421666097505
3110.107172727585,6.073014201906336,1,3.841905387184331
3110.1856830120087,6.050089020499183,1,3.8548421666097505
3110.2629692554474,6.057730747634903,1,3.850529906801276
3110.3548064231873,6.062825232392047,1,3.847655066928961
3110.432877063751,6.065372474770616,1,3.8462176469928053
3110.527659893036,6.073014201906336,1,3.841905387184331
3110.6038579940796,6.060277990013471,1,3.8490924868651204
3110.7147920131683,6.060277990013471,1,3.8490924868651204
3110.792836666107,6.07046695952776,1,3.8433428071204903
3110.885478258133,6.060277990013471,1,3.8490924868651204
3110.978082180023,6.073014201906336,1,3.841905387184331
3111.055788040161,6.07046695952776,1,3.8433428071204903
3111.1336381435394,6.07046695952776,1,3.8433428071204903
3111.213423728943,6.067919717149191,1,3.844780227056646
3111.3056333065033,6.067919717149191,1,3.844780227056646
3111.3830347061157,6.060277990013471,1,3.8490924868651204
3111.4624128341675,6.075561444284904,1,3.840467967248175
3111.553487300873,6.060277990013471,1,3.8490924868651204
3111.633258342743,6.067919717149191,1,3.844780227056646
3111.712643623352,6.078108686663473,1,3.83903054731202
3111.8042578697205,6.050089020499183,1,3.8548421666097505
3111.882849216461,6.065372474770616,1,3.8462176469928053
3111.9600579738617,6.062825232392047,1,3.847655066928961
3112.0390450954437,6.057730747634903,1,3.850529906801276
3112.118045568466,6.060277990013471,1,3.8490924868651204
3112.1958680152893,6.078108686663473,1,3.83903054731202
3112.273853302002,6.080655929042049,1,3.83759312737586
3112.399376630783,6.060277990013471,1,3.8490924868651204
3112.491182565689,6.07046695952776,1,3.8433428071204903
3112.5838186740875,6.062825232392047,1,3.847655066928961
3112.661962747574,6.07046695952776,1,3.8433428071204903
3112.7387866973877,6.055183505256327,1,3.8519673267374355
3112.8179938793182,6.060277990013471,1,3.8490924868651204
3112.896672487259,6.060277990013471,1,3.8490924868651204
3112.98642373085,6.060277990013471,1,3.8490924868651204
3113.0650310516357,6.065372474770616,1,3.8462176469928053
3113.14279460907,6.065372474770616,1,3.8462176469928053
3113.2215554714203,6.060277990013471,1,3.8490924868651204
3113.29834151268,6.067919717149191,1,3.844780227056646
3113.376268863678,6.07046695952776,1,3.8433428071204903
3113.455000400543,6.067919717149191,1,3.844780227056646
3113.5486657619476,6.067919717149191,1,3.844780227056646
3113.6398446559906,6.07046695952776,1,3.8433428071204903
3113.717892408371,6.07046695952776,1,3.8433428071204903
3113.796903848648,6.080655929042049,1,3.83759312737586
3113.889347076416,6.075561444284904,1,3.840467967248175
3113.9825069904327,6.057730747634903,1,3.850529906801276
3114.091174840927,6.073014201906336,1,3.841905387184331
3114.1857640743256,6.065372474770616,1,3.8462176469928053
3114.262617111206,6.07046695952776,1,3.8433428071204903
3114.3404672145844,6.07046695952776,1,3.8433428071204903
3114.420376062393,6.060277990013471,1,3.8490924868651204
3114.4983248710632,6.07046695952776,1,3.8433428071204903
3114.5746490955353,6.073014201906336,1,3.841905387184331
3114.6694054603577,6.07046695952776,1,3.8433428071204903
3114.7460975646973,6.075561444284904,1,3.840467967248175
3114.823865890503,6.080655929042049,1,3.83759312737586
3114.9016246795654,6.060277990013471,1,3.8490924868651204
3114.9815084934235,6.07046695952776,1,3.8433428071204903
3115.0581324100494,6.078108686663473,1,3.83903054731202
3115.1361832618713,6.075561444284904,1,3.840467967248175
3115.2285425662994,6.083203171420617,1,3.836155707439705
3115.306433200836,6.067919717149191,1,3.844780227056646
3115.384780406952,6.067919717149191,1,3.844780227056646
3115.4637508392334,6.073014201906336,1,3.841905387184331
3115.5407111644745,6.085750413799193,1,3.834718287503545
3115.6187658309937,6.062825232392047,1,3.847655066928961
3115.727507829666,6.0908448985563375,1,3.83184344763123
3115.8202550411224,6.075561444284904,1,3.840467967248175
3115.899405479431,6.073014201906336,1,3.841905387184331
3115.9773569107056,6.083203171420617,1,3.836155707439705
3116.0566325187683,6.073014201906336,1,3.841905387184331
3116.1365020275116,6.07046695952776,1,3.8433428071204903
3116.2128694057465,6.088297656177762,1,3.8332808675673897
3116.2926959991455,6.075561444284904,1,3.840467967248175
3116.372669696808,6.07046695952776,1,3.8433428071204903
3116.4496233463287,6.078108686663473,1,3.83903054731202
3116.526922941208,6.088297656177762,1,3.8332808675673897
3116.6047575473785,6.07046695952776,1,3.8433428071204903
3116.681784629822,6.073014201906336,1,3.841905387184331
3116.7753608226776,6.07046695952776,1,3.8433428071204903
3116.866757631302,6.078108686663473,1,3.83903054731202
3116.9603481292725,6.083203171420617,1,3.836155707439705
3117.0548651218414,6.052636262877758,1,3.8534047466735912
3117.1328043937683,6.073014201906336,1,3.841905387184331
3117.2101259231567,6.075561444284904,1,3.840467967248175
3117.287971496582,6.065372474770616,1,3.8462176469928053
3117.396209716797,6.080655929042049,1,3.83759312737586
3117.487340927124,6.062825232392047,1,3.847655066928961
3117.5640156269073,6.073014201906336,1,3.841905387184331
3117.654824733734,6.07046695952776,1,3.8433428071204903
3117.731679916382,6.07046695952776,1,3.8433428071204903
3117.8090851306915,6.075561444284904,1,3.840467967248175
3117.9000039100647,6.065372474770616,1,3.8462176469928053
3117.995614528656,6.080655929042049,1,3.83759312737586
3118.0893428325653,6.07046695952776,1,3.8433428071204903
3118.169172525406,6.073014201906336,1,3.841905387184331
3118.2480506896973,6.078108686663473,1,3.83903054731202
3118.325965166092,6.0908448985563375,1,3.83184344763123
3118.4056661129,6.075561444284904,1,3.840467967248175
3118.497809410095,6.080655929042049,1,3.83759312737586
3118.5738682746887,6.078108686663473,1,3.83903054731202
3118.6658704280853,6.078108686663473,1,3.83903054731202
3118.74480509758,6.080655929042049,1,3.83759312737586
3118.8377451896667,6.075561444284904,1,3.840467967248175
3118.91606092453,6.085750413799193,1,3.834718287503545
3119.0082156658173,6.085750413799193,1,3.834718287503545
3119.117998123169,6.075561444284904,1,3.840467967248175
3119.211737394333,6.083203171420617,1,3.836155707439705
3119.3045732975006,6.083203171420617,1,3.836155707439705
3119.3813257217407,6.088297656177762,1,3.8332808675673897
3119.4602518081665,6.085750413799193,1,3.834718287503545
3119.5361137390137,6.065372474770616,1,3.8462176469928053
3119.6149525642395,6.073014201906336,1,3.841905387184331
3119.693747520447,6.0908448985563375,1,3.83184344763123
3119.7705948352814,6.07046695952776,1,3.8433428071204903
3119.849416732788,6.075561444284904,1,3.840467967248175
3119.9280524253845,6.075561444284904,1,3.840467967248175
3120.0199868679047,6.075561444284904,1,3.840467967248175
3120.1124341487885,6.085750413799193,1,3.834718287503545
3120.189090013504,6.07046695952776,1,3.8433428071204903
3120.267860889435,6.065372474770616,1,3.8462176469928053
3120.360600233078,6.075561444284904,1,3.840467967248175
3120.4526019096375,6.080655929042049,1,3.83759312737586
3120.5313749313354,6.080655929042049,1,3.83759312737586
3120.6107308864594,6.080655929042049,1,3.83759312737586
3120.6868455410004,6.073014201906336,1,3.841905387184331
3120.796174764633,6.088297656177762,1,3.8332808675673897
3120.8740525245667,6.080655929042049,1,3.83759312737586
3120.9526817798615,6.067919717149191,1,3.844780227056646
3121.029693365097,6.085750413799193,1,3.834718287503545
3121.107710838318,6.075561444284904,1,3.840467967248175
3121.2008373737335,6.078108686663473,1,3.83903054731202
3121.280668735504,6.0908448985563375,1,3.83184344763123
3121.3566925525665,6.075561444284904,1,3.840467967248175
3121.435485124588,6.067919717149191,1,3.844780227056646
3121.530351161957,6.083203171420617,1,3.836155707439705
3121.607675552368,6.0984866256920505,1,3.8275311878227596
3121.700642347336,6.075561444284904,1,3.840467967248175
3121.7786235809326,6.083203171420617,1,3.836155707439705
3121.870648622513,6.075561444284904,1,3.840467967248175
3121.9485590457916,6.0908448985563375,1,3.83184344763123
3122.0266678333282,6.083203171420617,1,3.836155707439705
3122.1038415431976,6.07046695952776,1,3.8433428071204903
3122.1816778182983,6.078108686663473,1,3.83903054731202
3122.274533033371,6.080655929042049,1,3.83759312737586
3122.352803707123,6.07046695952776,1,3.8433428071204903
3122.4607021808624,6.0908448985563375,1,3.83184344763123
3122.538551568985,6.078108686663473,1,3.83903054731202
3122.6335010528564,6.067919717149191,1,3.844780227056646
3122.727352142334,6.078108686663473,1,3.83903054731202
3122.8055279254913,6.075561444284904,1,3.840467967248175
3122.8839118480682,6.07046695952776,1,3.8433428071204903
3122.962314605713,6.080655929042049,1,3.83759312737586
3123.0558466911316,6.078108686663473,1,3.83903054731202
3123.134924888611,6.080655929042049,1,3.83759312737586
3123.2272408008575,6.085750413799193,1,3.834718287503545
3123.304465532303,6.073014201906336,1,3.841905387184331
3123.381838321686,6.075561444284904,1,3.840467967248175
3123.4585802555084,6.085750413799193,1,3.834718287503545
3123.536017894745,6.065372474770616,1,3.8462176469928053
3123.613562822342,6.083203171420617,1,3.836155707439705
3123.690257549286,6.088297656177762,1,3.8332808675673897
3123.7860057353973,6.075561444284904,1,3.840467967248175
3123.864108800888,6.080655929042049,1,3.83759312737586
3123.941165447235,6.088297656177762,1,3.8332808675673897
3124.0191032886505,6.083203171420617,1,3.836155707439705
3124.1280605793,6.0908448985563375,1,3.83184344763123
3124.204850435257,6.075561444284904,1,3.840467967248175
3124.28324508667,6.083203171420617,1,3.836155707439705
3124.3607540130615,6.085750413799193,1,3.834718287503545
3124.4390602111816,6.075561444284904,1,3.840467967248175
3124.51598572731,6.093392140934906,1,3.8304060276950747
3124.5939750671387,6.078108686663473,1,3.83903054731202
3124.686642885208,6.073014201906336,1,3.841905387184331
3124.7652204036713,6.0908448985563375,1,3.83184344763123
3124.842794895172,6.083203171420617,1,3.836155707439705
3124.9365775585175,6.073014201906336,1,3.841905387184331
3125.0293276309967,6.073014201906336,1,3.841905387184331
3125.106341123581,6.075561444284904,1,3.840467967248175
3125.1844189167023,6.078108686663473,1,3.83903054731202
3125.263471841812,6.085750413799193,1,3.834718287503545
3125.3414635658264,6.078108686663473,1,3.83903054731202
3125.420647621155,6.083203171420617,1,3.836155707439705
3125.49769282341,6.095939383313482,1,3.828968607758915
3125.575715303421,6.095939383313482,1,3.828968607758915
3125.6535053253174,6.073014201906336,1,3.841905387184331
3125.76429772377,6.0908448985563375,1,3.83184344763123
3125.842646598816,6.083203171420617,1,3.836155707439705
3125.921459197998,6.078108686663473,1,3.83903054731202
3126.014285326004,6.085750413799193,1,3.834718287503545
3126.1096506118774,6.083203171420617,1,3.836155707439705
3126.1876368522644,6.075561444284904,1,3.840467967248175
3126.279819250107,6.093392140934906,1,3.8304060276950747
3126.359781742096,6.0908448985563375,1,3.83184344763123
3126.4396970272064,6.080655929042049,1,3.83759312737586
3126.5309443473816,6.093392140934906,1,3.8304060276950747
3126.609222173691,6.095939383313482,1,3.828968607758915
3126.686990261078,6.088297656177762,1,3.8332808675673897
3126.7638182640076,6.088297656177762,1,3.8332808675673897
3126.8426535129547,6.085750413799193,1,3.834718287503545
3126.9196803569794,6.085750413799193,1,3.834718287503545
3126.9976303577423,6.088297656177762,1,3.8332808675673897
3127.0756492614746,6.088297656177762,1,3.8332808675673897
3127.1694066524506,6.075561444284904,1,3.840467967248175
3127.2616369724274,6.075561444284904,1,3.840467967248175
3127.340713739395,6.093392140934906,1,3.8304060276950747
3127.449639081955,6.0908448985563375,1,3.83184344763123
3127.52646112442,6.0908448985563375,1,3.83184344763123
3127.6024448871613,6.083203171420617,1,3.836155707439705
3127.6942167282104,6.088297656177762,1,3.8332808675673897
3127.7736134529114,6.083203171420617,1,3.836155707439705
3127.8517560958862,6.085750413799193,1,3.834718287503545
3127.929568052292,6.085750413799193,1,3.834718287503545
3128.00945854187,6.0908448985563375,1,3.83184344763123
3128.086660861969,6.019522111956324,1,3.872091205843637
3128.1791319847107,6.085750413799193,1,3.834718287503545
3128.2589497566223,6.088297656177762,1,3.8332808675673897
3128.3532025814056,6.073014201906336,1,3.841905387184331
3128.448968887329,6.080655929042049,1,3.83759312737586
3128.5409591197968,6.078108686663473,1,3.83903054731202
3128.618108034134,6.078108686663473,1,3.83903054731202
3128.697149038315,6.080655929042049,1,3.83759312737586
3128.7750096321106,6.095939383313482,1,3.828968607758915
3128.8676176071167,6.075561444284904,1,3.840467967248175
3128.945181131363,6.095939383313482,1,3.828968607758915
3129.021577358246,6.073014201906336,1,3.841905387184331
3129.130802631378,6.085750413799193,1,3.834718287503545
3129.208957195282,6.055183505256327,1,3.8519673267374355
3129.2876296043396,6.080655929042049,1,3.83759312737586
3129.380900144577,6.0908448985563375,1,3.83184344763123
3129.471881389618,6.078108686663473,1,3.83903054731202
3129.5618493556976,6.075561444284904,1,3.840467967248175
3129.640795946121,6.088297656177762,1,3.8332808675673897
3129.7184369564056,6.088297656177762,1,3.8332808675673897
3129.7965149879456,6.0908448985563375,1,3.83184344763123
3129.875079393387,6.083203171420617,1,3.836155707439705
3129.9530103206635,6.067919717149191,1,3.844780227056646
3130.0309245586395,6.093392140934906,1,3.8304060276950747
3130.1092751026154,6.0908448985563375,1,3.83184344763123
3130.1878600120544,6.080655929042049,1,3.83759312737586
3130.265095949173,6.0908448985563375,1,3.83184344763123
3130.3428921699524,6.085750413799193,1,3.834718287503545
3130.4219887256622,6.07046695952776,1,3.8433428071204903
3130.4990758895874,6.0908448985563375,1,3.83184344763123
3130.5910165309906,6.088297656177762,1,3.8332808675673897
3130.686121702194,6.080655929042049,1,3.83759312737586
3130.7964012622833,6.095939383313482,1,3.828968607758915
3130.87438249588,6.093392140934906,1,3.8304060276950747
3130.950142145157,6.083203171420617,1,3.836155707439705
3131.0274715423584,6.080655929042049,1,3.83759312737586
3131.106001853943,6.088297656177762,1,3.8332808675673897
3131.1979942321777,6.083203171420617,1,3.836155707439705
3131.276861667633,6.080655929042049,1,3.83759312737586
3131.355738401413,6.0908448985563375,1,3.83184344763123
3131.4317371845245,6.093392140934906,1,3.8304060276950747
3131.510504961014,6.103581110449195,1,3.8246563479504445
3131.59064745903,6.075561444284904,1,3.840467967248175
3131.667679786682,6.080655929042049,1,3.83759312737586
3131.7473661899567,6.0984866256920505,1,3.8275311878227596
3131.8582861423492,6.0908448985563375,1,3.83184344763123
3131.950156211853,6.083203171420617,1,3.836155707439705
3132.0269491672516,6.088297656177762,1,3.8332808675673897
3132.1057505607605,6.085750413799193,1,3.834718287503545
3132.19863653183,6.093392140934906,1,3.8304060276950747
3132.2764463424683,6.093392140934906,1,3.8304060276950747
3132.354434967041,6.078108686663473,1,3.83903054731202
3132.463011741638,6.085750413799193,1,3.834718287503545
3132.539219379425,6.078108686663473,1,3.83903054731202
3132.616217851639,6.0908448985563375,1,3.83184344763123
3132.694898366928,6.085750413799193,1,3.834718287503545
3132.7728893756866,6.0908448985563375,1,3.83184344763123
3132.8645148277283,6.101033868070626,1,3.8260937678866
3132.961251974106,6.088297656177762,1,3.8332808675673897
3133.0535202026367,6.080655929042049,1,3.83759312737586
3133.132660150528,6.075561444284904,1,3.840467967248175
3133.2125294208527,6.085750413799193,1,3.834718287503545
3133.288645029068,6.085750413799193,1,3.834718287503545
3133.368565559387,6.078108686663473,1,3.83903054731202
3133.4461421966553,6.101033868070626,1,3.8260937678866
3133.5379555225372,6.085750413799193,1,3.834718287503545
3133.6160361766815,6.0908448985563375,1,3.83184344763123
3133.693893432617,6.093392140934906,1,3.8304060276950747
3133.7716705799103,6.078108686663473,1,3.83903054731202
3133.863379716873,6.0908448985563375,1,3.83184344763123
3133.955834388733,6.088297656177762,1,3.8332808675673897
3134.0332596302032,6.095939383313482,1,3.828968607758915
3134.14400434494,6.093392140934906,1,3.8304060276950747
3134.2208495140076,6.083203171420617,1,3.836155707439705
3134.3136751651764,6.093392140934906,1,3.8304060276950747
3134.3915932178497,6.101033868070626,1,3.8260937678866
3134.4689495563507,6.088297656177762,1,3.8332808675673897
3134.547372341156,6.0984866256920505,1,3.8275311878227596
3134.6407907009125,6.095939383313482,1,3.828968607758915
3134.731847047806,6.088297656177762,1,3.8332808675673897
3134.8097655773163,6.0908448985563375,1,3.83184344763123
3134.8895115852356,6.080655929042049,1,3.83759312737586
3134.980802297592,6.093392140934906,1,3.8304060276950747
3135.0589849948883,6.093392140934906,1,3.8304060276950747
3135.1378581523895,6.085750413799193,1,3.834718287503545
3135.2295801639557,6.0984866256920505,1,3.8275311878227596
3135.3235173225403,6.075561444284904,1,3.840467967248175
3135.4003155231476,6.0908448985563375,1,3.83184344763123
3135.493963956833,6.083203171420617,1,3.836155707439705
3135.5711810588837,6.088297656177762,1,3.8332808675673897
3135.649306535721,6.093392140934906,1,3.8304060276950747
3135.7285981178284,6.095939383313482,1,3.828968607758915
3135.8388257026672,6.085750413799193,1,3.834718287503545
3135.917657852173,6.088297656177762,1,3.8332808675673897
3135.995016813278,6.0984866256920505,1,3.8275311878227596
3136.073984861374,6.085750413799193,1,3.834718287503545
3136.1507902145386,6.095939383313482,1,3.828968607758915
3136.229940891266,6.0984866256920505,1,3.8275311878227596
3136.320472240448,6.088297656177762,1,3.8332808675673897
3136.4152233600616,6.088297656177762,1,3.8332808675673897
3136.4930102825165,6.101033868070626,1,3.8260937678866
3136.569897413254,6.088297656177762,1,3.8332808675673897
3136.6613750457764,6.080655929042049,1,3.83759312737586
3136.7561666965485,6.0908448985563375,1,3.83184344763123
3136.847761154175,6.101033868070626,1,3.8260937678866
3136.9256353378296,6.083203171420617,1,3.836155707439705
3137.00354719162,6.093392140934906,1,3.8304060276950747
3137.080575942993,6.101033868070626,1,3.8260937678866
3137.175740003586,6.1061283528277635,1,3.8232189280142888
3137.2664659023285,6.095939383313482,1,3.828968607758915
3137.358566761017,6.1061283528277635,1,3.8232189280142888
3137.435589313507,6.085750413799193,1,3.834718287503545
3137.5607430934906,6.093392140934906,1,3.8304060276950747
3137.6395347118378,6.083203171420617,1,3.836155707439705
3137.730774641037,6.095939383313482,1,3.828968607758915
3137.8106219768524,6.0984866256920505,1,3.8275311878227596
3137.888654947281,6.075561444284904,1,3.840467967248175
3137.981678247452,6.0908448985563375,1,3.83184344763123
3138.05997300148,6.111222837584908,1,3.8203440881419737
3138.139617919922,6.085750413799193,1,3.834718287503545
3138.217461824417,6.080655929042049,1,3.83759312737586
3138.297390937805,6.103581110449195,1,3.8246563479504445
3138.376444578171,6.1137700799634835,1,3.8189066682058144
3138.452507019043,6.088297656177762,1,3.8332808675673897
3138.529726266861,6.111222837584908,1,3.8203440881419737
3138.62424659729,6.101033868070626,1,3.8260937678866
3138.7175953388214,6.088297656177762,1,3.8332808675673897
3138.79594039917,6.0908448985563375,1,3.83184344763123
3138.8747663497925,6.1061283528277635,1,3.8232189280142888
3138.96723484993,6.093392140934906,1,3.8304060276950747
3139.0460221767426,6.0984866256920505,1,3.8275311878227596
3139.1221301555634,6.075561444284904,1,3.840467967248175
3139.2319509983063,6.095939383313482,1,3.828968607758915
3139.3111209869385,6.1061283528277635,1,3.8232189280142888
3139.4028930664062,6.085750413799193,1,3.834718287503545
3139.4808287620544,6.101033868070626,1,3.8260937678866
3139.560029029846,6.0908448985563375,1,3.83184344763123
3139.6378877162933,6.080655929042049,1,3.83759312737586
3139.7148225307465,6.103581110449195,1,3.8246563479504445
3139.823793888092,6.083203171420617,1,3.836155707439705
3139.9017190933228,6.0984866256920505,1,3.8275311878227596
3139.97900891304,6.093392140934906,1,3.8304060276950747
3140.0569281578064,6.088297656177762,1,3.8332808675673897
3140.135363340378,6.093392140934906,1,3.8304060276950747
3140.2138092517853,6.101033868070626,1,3.8260937678866
3140.3048264980316,6.078108686663473,1,3.83903054731202
3140.381891489029,6.1061283528277635,1,3.8232189280142888
3140.461040019989,6.103581110449195,1,3.8246563479504445
3140.552859544754,6.085750413799193,1,3.834718287503545
3140.630827665329,6.103581110449195,1,3.8246563479504445
3140.7073924541473,6.078108686663473,1,3.83903054731202
3140.7830908298492,6.0908448985563375,1,3.83184344763123
3140.8938431739807,6.1061283528277635,1,3.8232189280142888
3140.9864041805267,6.078108686663473,1,3.83903054731202
3141.063185453415,6.093392140934906,1,3.8304060276950747
3141.1418306827545,6.093392140934906,1,3.8304060276950747
3141.2187066078186,6.0908448985563375,1,3.83184344763123
3141.2986931800842,6.095939383313482,1,3.828968607758915
3141.3766736984253,6.095939383313482,1,3.828968607758915
3141.4535942077637,6.080655929042049,1,3.83759312737586
3141.5304431915283,6.0984866256920505,1,3.8275311878227596
3141.6111211776733,6.101033868070626,1,3.8260937678866
3141.70272564888,6.080655929042049,1,3.83759312737586
3141.7804894447327,6.0984866256920505,1,3.8275311878227596
3141.8586790561676,6.0984866256920505,1,3.8275311878227596
3141.9517829418182,6.088297656177762,1,3.8332808675673897
3142.030604362488,6.103581110449195,1,3.8246563479504445
3142.125027179718,6.0984866256920505,1,3.8275311878227596
3142.2174475193024,6.095939383313482,1,3.828968607758915
3142.2961990833282,6.093392140934906,1,3.8304060276950747
3142.372389793396,6.0908448985563375,1,3.83184344763123
3142.449179172516,6.088297656177762,1,3.8332808675673897
3142.560909509659,6.0984866256920505,1,3.8275311878227596
3142.651731491089,6.0908448985563375,1,3.83184344763123
3142.72900724411,6.0984866256920505,1,3.8275311878227596
3142.807662963867,6.103581110449195,1,3.8246563479504445
3142.885521173477,6.093392140934906,1,3.8304060276950747
3142.979496717453,6.101033868070626,1,3.8260937678866
3143.0593526363373,6.095939383313482,1,3.828968607758915
3143.137332677841,6.0908448985563375,1,3.83184344763123
3143.2319803237915,6.095939383313482,1,3.828968607758915
3143.3246705532074,6.101033868070626,1,3.8260937678866
3143.402590036392,6.085750413799193,1,3.834718287503545
3143.481650829315,6.095939383313482,1,3.828968607758915
3143.574651479721,6.0908448985563375,1,3.83184344763123
3143.6678099632263,6.080655929042049,1,3.83759312737586
3143.7475430965424,6.103581110449195,1,3.8246563479504445
3143.8239891529083,6.085750413799193,1,3.834718287503545
3143.9006538391113,6.083203171420617,1,3.836155707439705
3143.9792981147766,6.093392140934906,1,3.8304060276950747
3144.0573122501373,6.0908448985563375,1,3.83184344763123
3144.135597705841,6.075561444284904,1,3.840467967248175
3144.24592256546,6.0984866256920505,1,3.8275311878227596
3144.3381979465485,6.088297656177762,1,3.8332808675673897
3144.4340014457703,6.088297656177762,1,3.8332808675673897
3144.5259716510773,6.101033868070626,1,3.8260937678866
3144.603192806244,6.095939383313482,1,3.828968607758915
3144.681706428528,6.093392140934906,1,3.8304060276950747
3144.774887084961,6.1061283528277635,1,3.8232189280142888
3144.852789878845,6.083203171420617,1,3.836155707439705
3144.9305860996246,6.0984866256920505,1,3.8275311878227596
3145.022984266281,6.088297656177762,1,3.8332808675673897
3145.1019184589386,6.0984866256920505,1,3.8275311878227596
3145.180846452713,6.095939383313482,1,3.828968607758915
3145.2581193447113,6.093392140934906,1,3.8304060276950747
3145.337249279022,6.093392140934906,1,3.8304060276950747
3145.415452003479,6.093392140934906,1,3.8304060276950747
3145.5095579624176,6.108675595206339,1,3.8217815080781294
3145.6041836738586,6.085750413799193,1,3.834718287503545
3145.680017232895,6.0984866256920505,1,3.8275311878227596
3145.7560222148895,6.103581110449195,1,3.8246563479504445
3145.8355395793915,6.095939383313482,1,3.828968607758915
3145.9415702819824,6.0908448985563375,1,3.83184344763123
3146.0183968544006,6.088297656177762,1,3.8332808675673897
3146.0956888198853,6.1061283528277635,1,3.8232189280142888
3146.187839746475,6.095939383313482,1,3.828968607758915
3146.264916419983,6.103581110449195,1,3.8246563479504445
3146.358521938324,6.111222837584908,1,3.8203440881419737
3146.437319993973,6.093392140934906,1,3.8304060276950747
3146.53040099144,6.0908448985563375,1,3.83184344763123
3146.6211547851562,6.093392140934906,1,3.8304060276950747
3146.715271472931,6.088297656177762,1,3.8332808675673897
3146.793794155121,6.108675595206339,1,3.8217815080781294
3146.870775461197,6.0908448985563375,1,3.83184344763123
3146.9497072696686,6.0908448985563375,1,3.83184344763123
3147.0275106430054,6.108675595206339,1,3.8217815080781294
3147.1196172237396,6.103581110449195,1,3.8246563479504445
3147.198391675949,6.1061283528277635,1,3.8232189280142888
3147.2759976387024,6.0984866256920505,1,3.8275311878227596
3147.3534393310547,6.101033868070626,1,3.8260937678866
3147.4316742420197,6.101033868070626,1,3.8260937678866
3147.509512901306,6.095939383313482,1,3.828968607758915
3147.6193528175354,6.085750413799193,1,3.834718287503545
3147.697428703308,6.1061283528277635,1,3.8232189280142888
3147.7920818328857,6.111222837584908,1,3.8203440881419737
3147.8869791030884,6.101033868070626,1,3.8260937678866
3147.9788072109222,6.101033868070626,1,3.8260937678866
3148.055389881134,6.0908448985563375,1,3.83184344763123
3148.147789001465,6.108675595206339,1,3.8217815080781294
3148.2257018089294,6.0984866256920505,1,3.8275311878227596
3148.3046882152557,6.0984866256920505,1,3.8275311878227596
3148.38281583786,6.101033868070626,1,3.8260937678866
3148.4596107006073,6.108675595206339,1,3.8217815080781294
3148.5356409549713,6.0984866256920505,1,3.8275311878227596
3148.614449262619,6.101033868070626,1,3.8260937678866
3148.6916449069977,6.1061283528277635,1,3.8232189280142888
3148.7826800346375,6.0984866256920505,1,3.8275311878227596
3148.8615052700043,6.1137700799634835,1,3.8189066682058144
3148.9514350891113,6.095939383313482,1,3.828968607758915
3149.044683456421,6.095939383313482,1,3.828968607758915
3149.1234922409058,6.103581110449195,1,3.8246563479504445
3149.199573278427,6.095939383313482,1,3.828968607758915
3149.3274145126343,6.0984866256920505,1,3.8275311878227596
3149.4055886268616,6.1061283528277635,1,3.8232189280142888
3149.498160839081,6.111222837584908,1,3.8203440881419737
3149.5907785892487,6.111222837584908,1,3.8203440881419737
3149.6841943264008,6.101033868070626,1,3.8260937678866
3149.762132883072,6.101033868070626,1,3.8260937678866
3149.8397603034973,6.103581110449195,1,3.8246563479504445
3149.915952682495,6.101033868070626,1,3.8260937678866
3149.9942309856415,6.101033868070626,1,3.8260937678866
3150.0880765914917,6.095939383313482,1,3.828968607758915
3150.1808314323425,6.101033868070626,1,3.8260937678866
3150.259044647217,6.101033868070626,1,3.8260937678866
3150.335963487625,6.093392140934906,1,3.8304060276950747
3150.413773536682,6.111222837584908,1,3.8203440881419737
3150.4906346797943,6.1061283528277635,1,3.8232189280142888
3150.5684769153595,6.085750413799193,1,3.834718287503545
3150.659938097,6.108675595206339,1,3.8217815080781294
3150.7367870807648,6.085750413799193,1,3.834718287503545
3150.829220533371,6.101033868070626,1,3.8260937678866
3150.90802359581,6.101033868070626,1,3.8260937678866
3151.0158400535583,6.111222837584908,1,3.8203440881419737
3151.091787338257,6.1137700799634835,1,3.8189066682058144
3151.1709916591644,6.088297656177762,1,3.8332808675673897
3151.265951395035,6.101033868070626,1,3.8260937678866
3151.3597922325134,6.103581110449195,1,3.8246563479504445
3151.438620328903,6.093392140934906,1,3.8304060276950747
3151.5156848430634,6.101033868070626,1,3.8260937678866
3151.6067712306976,6.103581110449195,1,3.8246563479504445
3151.6856796741486,6.0908448985563375,1,3.83184344763123
3151.763611793518,6.103581110449195,1,3.8246563479504445
3151.8414595127106,6.1137700799634835,1,3.8189066682058144
3151.9211978912354,6.1061283528277635,1,3.8232189280142888
3151.997469186783,6.111222837584908,1,3.8203440881419737
3152.0746369361877,6.116317322342052,1,3.8174692482696586
3152.1534831523895,6.0984866256920505,1,3.8275311878227596
3152.2296466827393,6.1214118070991965,1,3.8145944083973435
3152.323089122772,6.108675595206339,1,3.8217815080781294
3152.4028809070587,6.085750413799193,1,3.834718287503545
3152.496173143387,6.1137700799634835,1,3.8189066682058144
3152.573396205902,6.093392140934906,1,3.8304060276950747
3152.6821162700653,6.111222837584908,1,3.8203440881419737
3152.76153922081,6.1137700799634835,1,3.8189066682058144
3152.8406512737274,6.116317322342052,1,3.8174692482696586
3152.931470155716,6.108675595206339,1,3.8217815080781294
3153.009351015091,6.108675595206339,1,3.8217815080781294
3153.1024820804596,6.111222837584908,1,3.8203440881419737
3153.1955881118774,6.0984866256920505,1,3.8275311878227596
3153.2736377716064,6.103581110449195,1,3.8246563479504445
3153.352547645569,6.095939383313482,1,3.828968607758915
3153.4305369853973,6.111222837584908,1,3.8203440881419737
3153.5241560935974,6.108675595206339,1,3.8217815080781294
3153.616909980774,6.1137700799634835,1,3.8189066682058144
3153.6936836242676,6.095939383313482,1,3.828968607758915
3153.772871732712,6.101033868070626,1,3.8260937678866
3153.850780725479,6.095939383313482,1,3.828968607758915
3153.928684949875,6.108675595206339,1,3.8217815080781294
3154.022802591324,6.108675595206339,1,3.8217815080781294
3154.1001143455505,6.103581110449195,1,3.8246563479504445
3154.177884578705,6.1137700799634835,1,3.8189066682058144
3154.2566735744476,6.101033868070626,1,3.8260937678866
3154.364387989044,6.108675595206339,1,3.8217815080781294
3154.458442926407,6.118864564720628,1,3.8160318283334993
3154.537360429764,6.0984866256920505,1,3.8275311878227596
3154.630232810974,6.126506291856341,1,3.8117195685250285
3154.723987340927,6.1061283528277635,1,3.8232189280142888
3154.8158671855927,6.0984866256920505,1,3.8275311878227596
3154.894369125366,6.1137700799634835,1,3.8189066682058144
3154.9729437828064,6.101033868070626,1,3.8260937678866
3155.0501322746277,6.108675595206339,1,3.8217815080781294
3155.128816127777,6.111222837584908,1,3.8203440881419737
3155.2068016529083,6.111222837584908,1,3.8203440881419737
3155.2838337421417,6.108675595206339,1,3.8217815080781294
3155.362971305847,6.103581110449195,1,3.8246563479504445
3155.4428074359894,6.123959049477772,1,3.8131569884611842
3155.534076690674,6.1137700799634835,1,3.8189066682058144
3155.6111130714417,6.108675595206339,1,3.8217815080781294
3155.6888933181763,6.111222837584908,1,3.8203440881419737
3155.7667469978333,6.1061283528277635,1,3.8232189280142888
3155.8598866462708,6.116317322342052,1,3.8174692482696586
3155.9369580745697,6.093392140934906,1,3.8304060276950747
3156.047830104828,6.111222837584908,1,3.8203440881419737
3156.1267030239105,6.111222837584908,1,3.8203440881419737
3156.202905654907,6.0908448985563375,1,3.83184344763123
3156.28213262558,6.1061283528277635,1,3.8232189280142888
3156.361124753952,6.116317322342052,1,3.8174692482696586
3156.4380316734314,6.101033868070626,1,3.8260937678866
3156.5174038410187,6.103581110449195,1,3.8246563479504445
3156.5969693660736,6.1137700799634835,1,3.8189066682058144
3156.673185110092,6.111222837584908,1,3.8203440881419737
3156.752014875412,6.101033868070626,1,3.8260937678866
3156.8438441753387,6.1061283528277635,1,3.8232189280142888
3156.9385707378387,6.095939383313482,1,3.828968607758915
3157.0477483272552,6.095939383313482,1,3.828968607758915
3157.138716697693,6.1061283528277635,1,3.8232189280142888
3157.217638015747,6.108675595206339,1,3.8217815080781294
3157.2948229312897,6.101033868070626,1,3.8260937678866
3157.3719894886017,6.1061283528277635,1,3.8232189280142888
3157.4658455848694,6.1061283528277635,1,3.8232189280142888
3157.543884038925,6.111222837584908,1,3.8203440881419737
3157.6376988887787,6.0984866256920505,1,3.8275311878227596
3157.7485885620117,6.116317322342052,1,3.8174692482696586
3157.825074195862,6.116317322342052,1,3.8174692482696586
3157.9034016132355,6.1061283528277635,1,3.8232189280142888
3157.996682882309,6.103581110449195,1,3.8246563479504445
3158.088314771652,6.101033868070626,1,3.8260937678866
3158.183365345001,6.108675595206339,1,3.8217815080781294
3158.2602112293243,6.1137700799634835,1,3.8189066682058144
3158.3370695114136,6.103581110449195,1,3.8246563479504445
3158.41522192955,6.1137700799634835,1,3.8189066682058144
3158.5086171627045,6.111222837584908,1,3.8203440881419737
3158.5865268707275,6.108675595206339,1,3.8217815080781294
3158.66450047493,6.1137700799634835,1,3.8189066682058144
3158.7406466007233,6.1214118070991965,1,3.8145944083973435
3158.81862616539,6.1137700799634835,1,3.8189066682058144
3158.895249605179,6.111222837584908,1,3.8203440881419737
3158.9730134010315,6.1061283528277635,1,3.8232189280142888
3159.0648317337036,6.1137700799634835,1,3.8189066682058144
3159.143750190735,6.116317322342052,1,3.8174692482696586
3159.237558364868,6.101033868070626,1,3.8260937678866
3159.329596042633,6.1214118070991965,1,3.8145944083973435
3159.43781042099,6.108675595206339,1,3.8217815080781294
3159.5317764282227,6.1061283528277635,1,3.8232189280142888
3159.609617948532,6.116317322342052,1,3.8174692482696586
3159.6866221427917,6.108675595206339,1,3.8217815080781294
3159.766475915909,6.118864564720628,1,3.8160318283334993
3159.8457152843475,6.1214118070991965,1,3.8145944083973435
3159.9237287044525,6.1061283528277635,1,3.8232189280142888
3160.001638650894,6.101033868070626,1,3.8260937678866
3160.0794594287872,6.116317322342052,1,3.8174692482696586
3160.1714046001434,6.1137700799634835,1,3.8189066682058144
3160.2496325969696,6.108675595206339,1,3.8217815080781294
3160.3294022083282,6.116317322342052,1,3.8174692482696586
3160.4216957092285,6.0984866256920505,1,3.8275311878227596
3160.4995126724243,6.111222837584908,1,3.8203440881419737
3160.57684135437,6.116317322342052,1,3.8174692482696586
3160.6688146591187,6.1137700799634835,1,3.8189066682058144
3160.744805574417,6.123959049477772,1,3.8131569884611842
3160.837260723114,6.1061283528277635,1,3.8232189280142888
3160.915664434433,6.111222837584908,1,3.8203440881419737
3160.994027853012,6.118864564720628,1,3.8160318283334993
3161.101803302765,6.108675595206339,1,3.8217815080781294
3161.1808490753174,6.108675595206339,1,3.8217815080781294
3161.2588477134705,6.116317322342052,1,3.8174692482696586
3161.3346602916718,6.103581110449195,1,3.8246563479504445
3161.4139919281006,6.118864564720628,1,3.8160318283334993
3161.507555246353,6.111222837584908,1,3.8203440881419737
3161.601788520813,6.108675595206339,1,3.8217815080781294
3161.679921388626,6.116317322342052,1,3.8174692482696586
3161.7586550712585,6.116317322342052,1,3.8174692482696586
3161.8360419273376,6.1061283528277635,1,3.8232189280142888
3161.9140152931213,6.126506291856341,1,3.8117195685250285
3161.993034362793,6.1137700799634835,1,3.8189066682058144
3162.0707173347473,6.108675595206339,1,3.8217815080781294
3162.163106203079,6.111222837584908,1,3.8203440881419737
3162.241053342819,6.126506291856341,1,3.8117195685250285
3162.3331685066223,6.126506291856341,1,3.8117195685250285
3162.411205768585,6.1137700799634835,1,3.8189066682058144
3162.489814519882,6.1061283528277635,1,3.8232189280142888
3162.5667271614075,6.1061283528277635,1,3.8232189280142888
3162.6603853702545,6.1137700799634835,1,3.8189066682058144
3162.7677989006042,6.0984866256920505,1,3.8275311878227596
3162.8597571849823,6.108675595206339,1,3.8217815080781294
3162.9387340545654,6.1137700799634835,1,3.8189066682058144
3163.031678915024,6.116317322342052,1,3.8174692482696586
3163.1241524219513,6.118864564720628,1,3.8160318283334993
3163.215984106064,6.123959049477772,1,3.8131569884611842
3163.3087952136993,6.118864564720628,1,3.8160318283334993
3163.3869845867157,6.111222837584908,1,3.8203440881419737
3163.464727163315,6.108675595206339,1,3.8217815080781294
3163.542640686035,6.111222837584908,1,3.8203440881419737
3163.6206493377686,6.1061283528277635,1,3.8232189280142888
3163.698486328125,6.108675595206339,1,3.8217815080781294
3163.791255235672,6.1214118070991965,1,3.8145944083973435
3163.8850104808807,6.1214118070991965,1,3.8145944083973435
3163.9782705307007,6.1214118070991965,1,3.8145944083973435
3164.0575671195984,6.116317322342052,1,3.8174692482696586
3164.150752544403,6.1137700799634835,1,3.8189066682058144
3164.2267801761627,6.111222837584908,1,3.8203440881419737
3164.303726196289,6.1061283528277635,1,3.8232189280142888
3164.380569934845,6.1137700799634835,1,3.8189066682058144
3164.490307331085,6.116317322342052,1,3.8174692482696586
3164.570647716522,6.1061283528277635,1,3.8232189280142888
3164.6469745635986,6.123959049477772,1,3.8131569884611842
3164.724616765976,6.123959049477772,1,3.8131569884611842
3164.8173213005066,6.116317322342052,1,3.8174692482696586
3164.9080786705017,6.126506291856341,1,3.8117195685250285
3165.000830888748,6.118864564720628,1,3.8160318283334993
3165.093582868576,6.126506291856341,1,3.8117195685250285
3165.170786380768,6.1137700799634835,1,3.8189066682058144
3165.2496263980865,6.108675595206339,1,3.8217815080781294
3165.327628135681,6.141789746127774,1,3.8030950489080833
3165.405643939972,6.108675595206339,1,3.8217815080781294
3165.5013830661774,6.1061283528277635,1,3.8232189280142888
3165.5936472415924,6.123959049477772,1,3.8131569884611842
3165.6879658699036,6.111222837584908,1,3.8203440881419737
3165.765772342682,6.116317322342052,1,3.8174692482696586
3165.858648300171,6.129053534234917,1,3.810282148588869
3165.938504219055,6.118864564720628,1,3.8160318283334993
3166.0313630104065,6.116317322342052,1,3.8174692482696586
3166.125108242035,6.116317322342052,1,3.8174692482696586
3166.233861923218,6.111222837584908,1,3.8203440881419737
3166.326277732849,6.116317322342052,1,3.8174692482696586
3166.4038846492767,6.123959049477772,1,3.8131569884611842
3166.481819152832,6.111222837584908,1,3.8203440881419737
3166.560873031616,6.131600776613485,1,3.8088447286527134
3166.639045715332,6.123959049477772,1,3.8131569884611842
3166.717093706131,6.108675595206339,1,3.8217815080781294
3166.7954502105713,6.1214118070991965,1,3.8145944083973435
3166.8858268260956,6.1137700799634835,1,3.8189066682058144
3166.961965084076,6.1137700799634835,1,3.8189066682058144
3167.0418066978455,6.126506291856341,1,3.8117195685250285
3167.121614933014,6.1137700799634835,1,3.8189066682058144
3167.199462413788,6.116317322342052,1,3.8174692482696586
3167.2922105789185,6.126506291856341,1,3.8117195685250285
3167.370747566223,6.108675595206339,1,3.8217815080781294
3167.447523355484,6.1214118070991965,1,3.8145944083973435
3167.5250334739685,6.123959049477772,1,3.8131569884611842
3167.6016125679016,6.1214118070991965,1,3.8145944083973435
3167.6794826984406,6.123959049477772,1,3.8131569884611842
3167.7594017982483,6.1214118070991965,1,3.8145944083973435
3167.869241952896,6.103581110449195,1,3.8246563479504445
3167.962158203125,6.1214118070991965,1,3.8145944083973435
3168.056864261627,6.116317322342052,1,3.8174692482696586
3168.1496620178223,6.116317322342052,1,3.8174692482696586
3168.241408586502,6.1214118070991965,1,3.8145944083973435
3168.320395231247,6.123959049477772,1,3.8131569884611842
3168.41326379776,6.129053534234917,1,3.810282148588869
3168.5073890686035,6.123959049477772,1,3.8131569884611842
3168.5863416194916,6.111222837584908,1,3.8203440881419737
3168.6631660461426,6.126506291856341,1,3.8117195685250285
3168.7410378456116,6.123959049477772,1,3.8131569884611842
3168.83381152153,6.111222837584908,1,3.8203440881419737
3168.913745164871,6.118864564720628,1,3.8160318283334993
3168.9936254024506,6.126506291856341,1,3.8117195685250285
3169.071888923645,6.103581110449195,1,3.8246563479504445
3169.1677720546722,6.111222837584908,1,3.8203440881419737
3169.2471828460693,6.126506291856341,1,3.8117195685250285
3169.324887037277,6.118864564720628,1,3.8160318283334993
3169.417459964752,6.1214118070991965,1,3.8145944083973435
3169.5111405849457,6.1137700799634835,1,3.8189066682058144
3169.620856523514,6.1061283528277635,1,3.8232189280142888
3169.7007734775543,6.123959049477772,1,3.8131569884611842
3169.778650045395,6.126506291856341,1,3.8117195685250285
3169.856581926346,6.1061283528277635,1,3.8232189280142888
3169.9344148635864,6.1214118070991965,1,3.8145944083973435
3170.02822637558,6.139242503749198,1,3.804532468844243
3170.1072132587433,6.111222837584908,1,3.8203440881419737
3170.185644865036,6.116317322342052,1,3.8174692482696586
3170.2628543376923,6.139242503749198,1,3.804532468844243
3170.341826915741,6.1214118070991965,1,3.8145944083973435
3170.4206941127777,6.101033868070626,1,3.8260937678866
3170.498557329178,6.131600776613485,1,3.8088447286527134
3170.575835466385,6.1214118070991965,1,3.8145944083973435
3170.670199394226,6.108675595206339,1,3.8217815080781294
3170.7628071308136,6.1214118070991965,1,3.8145944083973435
3170.857020139694,6.131600776613485,1,3.8088447286527134
3170.948818922043,6.131600776613485,1,3.8088447286527134
3171.0256960392,6.126506291856341,1,3.8117195685250285
3171.118755340576,6.116317322342052,1,3.8174692482696586
3171.1958067417145,6.1214118070991965,1,3.8145944083973435
3171.30619096756,6.1214118070991965,1,3.8145944083973435
3171.3843076229095,6.1214118070991965,1,3.8145944083973435
3171.4621589183807,6.1214118070991965,1,3.8145944083973435
3171.540016889572,6.1137700799634835,1,3.8189066682058144
3171.61772608757,6.108675595206339,1,3.8217815080781294
3171.6948704719543,6.131600776613485,1,3.8088447286527134
3171.7735772132874,6.103581110449195,1,3.8246563479504445
3171.8678526878357,6.116317322342052,1,3.8174692482696586
3171.9453933238983,6.118864564720628,1,3.8160318283334993
3172.024600505829,6.129053534234917,1,3.810282148588869
3172.102123260498,6.1137700799634835,1,3.8189066682058144
3172.1942241191864,6.139242503749198,1,3.804532468844243
3172.2728242874146,6.116317322342052,1,3.8174692482696586
3172.350761651993,6.129053534234917,1,3.810282148588869
3172.4286024570465,6.1214118070991965,1,3.8145944083973435
3172.520392894745,6.1137700799634835,1,3.8189066682058144
3172.598271369934,6.118864564720628,1,3.8160318283334993
3172.6911334991455,6.1214118070991965,1,3.8145944083973435
3172.7685027122498,6.111222837584908,1,3.8203440881419737
3172.860907316208,6.118864564720628,1,3.8160318283334993
3172.9855365753174,6.116317322342052,1,3.8174692482696586
3173.062833070755,6.123959049477772,1,3.8131569884611842
3173.156881570816,6.118864564720628,1,3.8160318283334993
3173.2351021766663,6.123959049477772,1,3.8131569884611842
3173.3128349781036,6.126506291856341,1,3.8117195685250285
3173.391901254654,6.118864564720628,1,3.8160318283334993
3173.484713792801,6.108675595206339,1,3.8217815080781294
3173.5602061748505,6.1214118070991965,1,3.8145944083973435
3173.638772249222,6.111222837584908,1,3.8203440881419737
3173.715763568878,6.129053534234917,1,3.810282148588869
3173.7928297519684,6.129053534234917,1,3.810282148588869
3173.872083425522,6.1214118070991965,1,3.8145944083973435
3173.950370788574,6.131600776613485,1,3.8088447286527134
3174.0278792381287,6.111222837584908,1,3.8203440881419737
3174.121437549591,6.111222837584908,1,3.8203440881419737
3174.198236465454,6.123959049477772,1,3.8131569884611842
3174.276051044464,6.123959049477772,1,3.8131569884611842
3174.3528983592987,6.116317322342052,1,3.8174692482696586
3174.4297091960907,6.129053534234917,1,3.810282148588869
3174.5238029956818,6.1214118070991965,1,3.8145944083973435
3174.6356201171875,6.126506291856341,1,3.8117195685250285
3174.713005542755,6.123959049477772,1,3.8131569884611842
3174.791683912277,6.134148018992054,1,3.807407308716558
3174.8705534934998,6.118864564720628,1,3.8160318283334993
3174.948473215103,6.1214118070991965,1,3.8145944083973435
3175.0428104400635,6.131600776613485,1,3.8088447286527134
3175.121618270874,6.1061283528277635,1,3.8232189280142888
3175.1999480724335,6.118864564720628,1,3.8160318283334993
3175.293755054474,6.118864564720628,1,3.8160318283334993
3175.372791528702,6.108675595206339,1,3.8217815080781294
3175.449434518814,6.1214118070991965,1,3.8145944083973435
3175.5416555404663,6.1214118070991965,1,3.8145944083973435
3175.634338617325,6.1214118070991965,1,3.8145944083973435
3175.7129843235016,6.134148018992054,1,3.807407308716558
3175.805764436722,6.103581110449195,1,3.8246563479504445
3175.897882938385,6.1214118070991965,1,3.8145944083973435
3175.9774565696716,6.116317322342052,1,3.8174692482696586
3176.056372642517,6.126506291856341,1,3.8117195685250285
3176.1497809886932,6.131600776613485,1,3.8088447286527134
3176.2276263237,6.123959049477772,1,3.8131569884611842
3176.337065219879,6.1214118070991965,1,3.8145944083973435
3176.4327416419983,6.126506291856341,1,3.8117195685250285
3176.5126061439514,6.126506291856341,1,3.8117195685250285
3176.590437412262,6.1214118070991965,1,3.8145944083973435
3176.6695737838745,6.123959049477772,1,3.8131569884611842
3176.748472213745,6.13669526137063,1,3.8059698887803983
3176.825904607773,6.126506291856341,1,3.8117195685250285
3176.9199595451355,6.116317322342052,1,3.8174692482696586
3176.9990758895874,6.1214118070991965,1,3.8145944083973435
3177.076005220413,6.118864564720628,1,3.8160318283334993
3177.1669800281525,6.116317322342052,1,3.8174692482696586
3177.244854450226,6.126506291856341,1,3.8117195685250285
3177.336918592453,6.123959049477772,1,3.8131569884611842
3177.415414094925,6.1137700799634835,1,3.8189066682058144
3177.507643222809,6.1137700799634835,1,3.8189066682058144
3177.5998904705048,6.131600776613485,1,3.8088447286527134
3177.678994178772,6.126506291856341,1,3.8117195685250285
3177.770618200302,6.116317322342052,1,3.8174692482696586
3177.8653309345245,6.134148018992054,1,3.807407308716558
3177.94322347641,6.129053534234917,1,3.810282148588869
3178.0496842861176,6.116317322342052,1,3.8174692482696586
3178.1265439987183,6.1214118070991965,1,3.8145944083973435
3178.2035541534424,6.118864564720628,1,3.8160318283334993
3178.2824563980103,6.126506291856341,1,3.8117195685250285
3178.375860929489,6.123959049477772,1,3.8131569884611842
3178.469790697098,6.126506291856341,1,3.8117195685250285
3178.5468742847443,6.1214118070991965,1,3.8145944083973435
3178.62583899498,6.123959049477772,1,3.8131569884611842
3178.716856241226,6.111222837584908,1,3.8203440881419737
3178.79585981369,6.1214118070991965,1,3.8145944083973435
3178.874900817871,6.116317322342052,1,3.8174692482696586
3178.9525837898254,6.118864564720628,1,3.8160318283334993
3179.0314927101135,6.129053534234917,1,3.810282148588869
3179.109941482544,6.1214118070991965,1,3.8145944083973435
3179.202487230301,6.131600776613485,1,3.8088447286527134
3179.2802472114563,6.131600776613485,1,3.8088447286527134
3179.357221364975,6.1214118070991965,1,3.8145944083973435
3179.4341752529144,6.116317322342052,1,3.8174692482696586
3179.528003692627,6.13669526137063,1,3.8059698887803983
3179.6049444675446,6.129053534234917,1,3.810282148588869
3179.713965654373,6.126506291856341,1,3.8117195685250285
3179.7927808761597,6.126506291856341,1,3.8117195685250285
3179.8855407238007,6.118864564720628,1,3.8160318283334993
3179.9626433849335,6.134148018992054,1,3.807407308716558
3180.040629386902,6.116317322342052,1,3.8174692482696586
3180.11750459671,6.129053534234917,1,3.810282148588869
3180.1964955329895,6.103581110449195,1,3.8246563479504445
3180.2735805511475,6.126506291856341,1,3.8117195685250285
3180.350644826889,6.131600776613485,1,3.8088447286527134
3180.4295148849487,6.139242503749198,1,3.804532468844243
3180.5225093364716,6.126506291856341,1,3.8117195685250285
3180.600492954254,6.126506291856341,1,3.8117195685250285
3180.676746606827,6.131600776613485,1,3.8088447286527134
3180.7538352012634,6.1214118070991965,1,3.8145944083973435
3180.8314785957336,6.134148018992054,1,3.807407308716558
3180.907461166382,6.131600776613485,1,3.8088447286527134
3180.9992220401764,6.134148018992054,1,3.807407308716558
3181.0785732269287,6.1214118070991965,1,3.8145944083973435
3181.1564466953278,6.141789746127774,1,3.8030950489080833
3181.250627040863,6.134148018992054,1,3.807407308716558
3181.3608112335205,6.139242503749198,1,3.804532468844243
3181.4386491775513,6.118864564720628,1,3.8160318283334993
3181.516318798065,6.126506291856341,1,3.8117195685250285
3181.5946645736694,6.126506291856341,1,3.8117195685250285
3181.6867871284485,6.13669526137063,1,3.8059698887803983
3181.780429840088,6.141789746127774,1,3.8030950489080833
3181.8597741127014,6.131600776613485,1,3.8088447286527134
3181.9513313770294,6.1214118070991965,1,3.8145944083973435
3182.029351234436,6.129053534234917,1,3.810282148588869
3182.124051809311,6.126506291856341,1,3.8117195685250285
3182.2179322242737,6.134148018992054,1,3.807407308716558
3182.3106536865234,6.126506291856341,1,3.8117195685250285
3182.389403104782,6.1214118070991965,1,3.8145944083973435
3182.4680495262146,6.129053534234917,1,3.810282148588869
3182.5453379154205,6.131600776613485,1,3.8088447286527134
3182.6367568969727,6.116317322342052,1,3.8174692482696586
3182.7157888412476,6.1214118070991965,1,3.8145944083973435
3182.791782140732,6.129053534234917,1,3.810282148588869
3182.8837497234344,6.126506291856341,1,3.8117195685250285
3182.963026046753,6.144336988506343,1,3.801657628971928
3183.0740230083466,6.129053534234917,1,3.810282148588869
3183.1666457653046,6.134148018992054,1,3.807407308716558
3183.245738506317,6.13669526137063,1,3.8059698887803983
3183.338954925537,6.1214118070991965,1,3.8145944083973435
3183.41686463356,6.139242503749198,1,3.804532468844243
3183.4952244758606,6.13669526137063,1,3.8059698887803983
3183.57302570343,6.126506291856341,1,3.8117195685250285
3183.6517219543457,6.131600776613485,1,3.8088447286527134
3183.7296199798584,6.139242503749198,1,3.804532468844243
3183.807259082794,6.141789746127774,1,3.8030950489080833
3183.884848833084,6.129053534234917,1,3.810282148588869
3183.9638142585754,6.126506291856341,1,3.8117195685250285
3184.0406279563904,6.123959049477772,1,3.8131569884611842
3184.118498325348,6.126506291856341,1,3.8117195685250285
3184.196759223938,6.134148018992054,1,3.807407308716558
3184.2733647823334,6.116317322342052,1,3.8174692482696586
3184.367092847824,6.123959049477772,1,3.8131569884611842
3184.4579179286957,6.131600776613485,1,3.8088447286527134
3184.5353906154633,6.123959049477772,1,3.8131569884611842
3184.614499807358,6.118864564720628,1,3.8160318283334993
3184.7202796936035,6.118864564720628,1,3.8160318283334993
3184.798104763031,6.126506291856341,1,3.8117195685250285
3184.889759540558,6.1214118070991965,1,3.8145944083973435
3184.9821507930756,6.126506291856341,1,3.8117195685250285
3185.059947490692,6.131600776613485,1,3.8088447286527134
3185.152842283249,6.1214118070991965,1,3.8145944083973435
3185.2446055412292,6.134148018992054,1,3.807407308716558
3185.3364675045013,6.123959049477772,1,3.8131569884611842
3185.428405046463,6.141789746127774,1,3.8030950489080833
3185.524135351181,6.139242503749198,1,3.804532468844243
3185.617966413498,6.1214118070991965,1,3.8145944083973435
3185.6948068141937,6.13669526137063,1,3.8059698887803983
3185.7896070480347,6.116317322342052,1,3.8174692482696586
3185.8695764541626,6.1214118070991965,1,3.8145944083973435
3185.96227312088,6.139242503749198,1,3.804532468844243
3186.053730249405,6.1214118070991965,1,3.8145944083973435
3186.1458122730255,6.134148018992054,1,3.807407308716558
3186.222625732422,6.118864564720628,1,3.8160318283334993
3186.3009848594666,6.131600776613485,1,3.8088447286527134
3186.3779134750366,6.1214118070991965,1,3.8145944083973435
3186.4876289367676,6.1214118070991965,1,3.8145944083973435
3186.5654969215393,6.126506291856341,1,3.8117195685250285
3186.657267332077,6.118864564720628,1,3.8160318283334993
3186.750834465027,6.116317322342052,1,3.8174692482696586
3186.827766418457,6.141789746127774,1,3.8030950489080833
3186.9057791233063,6.1214118070991965,1,3.8145944083973435
3186.998764038086,6.1214118070991965,1,3.8145944083973435
3187.075805425644,6.1214118070991965,1,3.8145944083973435
3187.1685948371887,6.126506291856341,1,3.8117195685250285
3187.2456290721893,6.131600776613485,1,3.8088447286527134
3187.33833527565,6.123959049477772,1,3.8131569884611842
3187.4182891845703,6.123959049477772,1,3.8131569884611842
3187.510793209076,6.129053534234917,1,3.810282148588869
3187.5883700847626,6.123959049477772,1,3.8131569884611842
3187.665602684021,6.126506291856341,1,3.8117195685250285
3187.7424709796906,6.129053534234917,1,3.810282148588869
3187.835440158844,6.123959049477772,1,3.8131569884611842
3187.9302172660828,6.13669526137063,1,3.8059698887803983
3188.0228621959686,6.118864564720628,1,3.8160318283334993
3188.0999567508698,6.129053534234917,1,3.810282148588869
3188.211112976074,6.131600776613485,1,3.8088447286527134
3188.2898209095,6.131600776613485,1,3.8088447286527134
3188.3688089847565,6.1214118070991965,1,3.8145944083973435
3188.4626593589783,6.141789746127774,1,3.8030950489080833
3188.5406229496,6.131600776613485,1,3.8088447286527134
3188.6178891658783,6.129053534234917,1,3.810282148588869
3188.695797920227,6.129053534234917,1,3.810282148588869
3188.77459526062,6.134148018992054,1,3.807407308716558
3188.8524549007416,6.134148018992054,1,3.807407308716558
3188.946251153946,6.126506291856341,1,3.8117195685250285
3189.041297674179,6.131600776613485,1,3.8088447286527134
3189.1320304870605,6.129053534234917,1,3.810282148588869
3189.2229058742523,6.129053534234917,1,3.810282148588869
3189.301025867462,6.1214118070991965,1,3.8145944083973435
3189.392823934555,6.139242503749198,1,3.804532468844243
3189.4707741737366,6.126506291856341,1,3.8117195685250285
3189.5501630306244,6.116317322342052,1,3.8174692482696586
3189.6266345977783,6.134148018992054,1,3.807407308716558
3189.7030713558197,6.129053534234917,1,3.810282148588869
3189.7819180488586,6.134148018992054,1,3.807407308716558
3189.8897716999054,6.131600776613485,1,3.8088447286527134
3189.9677953720093,6.1214118070991965,1,3.8145944083973435
3190.063021659851,6.129053534234917,1,3.810282148588869
3190.1537640094757,6.1214118070991965,1,3.8145944083973435
3190.2312817573547,6.139242503749198,1,3.804532468844243
3190.3095395565033,6.139242503749198,1,3.804532468844243
3190.386637210846,6.139242503749198,1,3.804532468844243
3190.479475736618,6.141789746127774,1,3.8030950489080833
3190.556305408478,6.141789746127774,1,3.8030950489080833
3190.63489317894,6.1214118070991965,1,3.8145944083973435
3190.71444773674,6.139242503749198,1,3.804532468844243
3190.79221367836,6.134148018992054,1,3.807407308716558
3190.8715579509735,6.129053534234917,1,3.810282148588869
3190.9515342712402,6.139242503749198,1,3.804532468844243
3191.044205188751,6.144336988506343,1,3.801657628971928
3191.12366604805,6.129053534234917,1,3.810282148588869
3191.2164509296417,6.1214118070991965,1,3.8145944083973435
3191.309201478958,6.129053534234917,1,3.810282148588869
3191.386850833893,6.129053534234917,1,3.810282148588869
3191.466496706009,6.116317322342052,1,3.8174692482696586
3191.5757517814636,6.129053534234917,1,3.810282148588869
3191.6528079509735,6.126506291856341,1,3.8117195685250285
3191.7306549549103,6.129053534234917,1,3.810282148588869
3191.8104722499847,6.141789746127774,1,3.8030950489080833
3191.8883407115936,6.134148018992054,1,3.807407308716558
3191.981005191803,6.13669526137063,1,3.8059698887803983
3192.0746898651123,6.146884230884918,1,3.800220209035768
3192.1525135040283,6.1214118070991965,1,3.8145944083973435
3192.2304525375366,6.139242503749198,1,3.804532468844243
3192.3212018013,6.126506291856341,1,3.8117195685250285
3192.4149980545044,6.129053534234917,1,3.810282148588869
3192.5087847709656,6.141789746127774,1,3.8030950489080833
3192.5856194496155,6.116317322342052,1,3.8174692482696586
3192.6635570526123,6.123959049477772,1,3.8131569884611842
3192.7433269023895,6.129053534234917,1,3.810282148588869
3192.822594165802,6.13669526137063,1,3.8059698887803983
3192.914436340332,6.131600776613485,1,3.8088447286527134
3192.992776632309,6.129053534234917,1,3.810282148588869
3193.0717759132385,6.1137700799634835,1,3.8189066682058144
3193.1485934257507,6.116317322342052,1,3.8174692482696586
3193.2596805095673,6.134148018992054,1,3.807407308716558
3193.3371498584747,6.1214118070991965,1,3.8145944083973435
3193.415666103363,6.134148018992054,1,3.807407308716558
3193.499481678009,6.13669526137063,1,3.8059698887803983
3193.5888442993164,6.126506291856341,1,3.8117195685250285
3193.665851831436,6.131600776613485,1,3.8088447286527134
3193.7457666397095,6.134148018992054,1,3.807407308716558
3193.8240134716034,6.123959049477772,1,3.8131569884611842
3193.9027705192566,6.126506291856341,1,3.8117195685250285
3193.982873916626,6.126506291856341,1,3.8117195685250285
3194.0617291927338,6.131600776613485,1,3.8088447286527134
3194.1542201042175,6.126506291856341,1,3.8117195685250285
3194.232889652252,6.126506291856341,1,3.8117195685250285
3194.310547351837,6.139242503749198,1,3.804532468844243
3194.3882563114166,6.129053534234917,1,3.810282148588869
3194.467873573303,6.131600776613485,1,3.8088447286527134
3194.5449602603912,6.134148018992054,1,3.807407308716558
3194.625613451004,6.131600776613485,1,3.8088447286527134
3194.718991279602,6.129053534234917,1,3.810282148588869
3194.8117780685425,6.141789746127774,1,3.8030950489080833
3194.919927597046,6.1214118070991965,1,3.8145944083973435
3194.996788740158,6.13669526137063,1,3.8059698887803983
3195.0740344524384,6.141789746127774,1,3.8030950489080833
3195.165932416916,6.118864564720628,1,3.8160318283334993
3195.2424492836,6.13669526137063,1,3.8059698887803983
3195.320647239685,6.1214118070991965,1,3.8145944083973435
3195.3978741168976,6.149431473263487,1,3.798782789099613
3195.4891304969788,6.118864564720628,1,3.8160318283334993
3195.566195011139,6.1214118070991965,1,3.8145944083973435
3195.6446449756622,6.144336988506343,1,3.801657628971928
3195.7207267284393,6.134148018992054,1,3.807407308716558
3195.8164389133453,6.126506291856341,1,3.8117195685250285
3195.8957238197327,6.139242503749198,1,3.804532468844243
3195.9869973659515,6.13669526137063,1,3.8059698887803983
3196.0648458004,6.131600776613485,1,3.8088447286527134
3196.157768011093,6.129053534234917,1,3.810282148588869
3196.235076189041,6.126506291856341,1,3.8117195685250285
3196.312896966934,6.151978715642063,1,3.797345369163453
3196.405261993408,6.131600776613485,1,3.8088447286527134
3196.4846386909485,6.131600776613485,1,3.8088447286527134
3196.595426797867,6.144336988506343,1,3.801657628971928
3196.6887226104736,6.126506291856341,1,3.8117195685250285
3196.764705657959,6.139242503749198,1,3.804532468844243
3196.8446090221405,6.129053534234917,1,3.810282148588869
3196.937025785446,6.1137700799634835,1,3.8189066682058144
3197.0327858924866,6.126506291856341,1,3.8117195685250285
3197.122855424881,6.1214118070991965,1,3.8145944083973435
3197.214802503586,6.126506291856341,1,3.8117195685250285
3197.2936251163483,6.126506291856341,1,3.8117195685250285
3197.370190858841,6.129053534234917,1,3.810282148588869
3197.4496552944183,6.1214118070991965,1,3.8145944083973435
3197.527714729309,6.131600776613485,1,3.8088447286527134
3197.6047580242157,6.126506291856341,1,3.8117195685250285
3197.6828718185425,6.1214118070991965,1,3.8145944083973435
3197.7626523971558,6.13669526137063,1,3.8059698887803983
3197.8534719944,6.129053534234917,1,3.810282148588869
3197.9303057193756,6.134148018992054,1,3.807407308716558
3198.023144721985,6.139242503749198,1,3.804532468844243
3198.1179192066193,6.129053534234917,1,3.810282148588869
3198.195966243744,6.134148018992054,1,3.807407308716558
3198.304758310318,6.1214118070991965,1,3.8145944083973435
3198.3830127716064,6.141789746127774,1,3.8030950489080833
3198.4628298282623,6.139242503749198,1,3.804532468844243
3198.5545296669006,6.13669526137063,1,3.8059698887803983
3198.6328032016754,6.126506291856341,1,3.8117195685250285
3198.7127182483673,6.151978715642063,1,3.797345369163453
3198.7907400131226,6.141789746127774,1,3.8030950489080833
3198.868706703186,6.139242503749198,1,3.804532468844243
3198.947778940201,6.151978715642063,1,3.797345369163453
3199.024101257324,6.134148018992054,1,3.807407308716558
3199.10285615921,6.129053534234917,1,3.810282148588869
3199.1948595046997,6.13669526137063,1,3.8059698887803983
3199.2881693840027,6.126506291856341,1,3.8117195685250285
3199.3679773807526,6.123959049477772,1,3.8131569884611842
3199.446094751358,6.146884230884918,1,3.800220209035768
3199.523921251297,6.13669526137063,1,3.8059698887803983
3199.6016359329224,6.134148018992054,1,3.807407308716558
3199.6934943199158,6.13669526137063,1,3.8059698887803983
3199.7716896533966,6.146884230884918,1,3.800220209035768
3199.851414203644,6.134148018992054,1,3.807407308716558
3199.960194826126,6.144336988506343,1,3.801657628971928
3200.0373044013977,6.134148018992054,1,3.807407308716558
3200.129045009613,6.131600776613485,1,3.8088447286527134
3200.207072496414,6.146884230884918,1,3.800220209035768
3200.2987961769104,6.139242503749198,1,3.804532468844243
3200.391032934189,6.141789746127774,1,3.8030950489080833
3200.4849429130554,6.131600776613485,1,3.8088447286527134
3200.5631878376007,6.139242503749198,1,3.804532468844243
3200.6551928520203,6.131600776613485,1,3.8088447286527134
3200.73286485672,6.13669526137063,1,3.8059698887803983
3200.812662601471,6.141789746127774,1,3.8030950489080833
3200.9045424461365,6.126506291856341,1,3.8117195685250285
3200.9844386577606,6.131600776613485,1,3.8088447286527134
3201.06231546402,6.134148018992054,1,3.807407308716558
3201.156206846237,6.129053534234917,1,3.810282148588869
3201.234615802765,6.141789746127774,1,3.8030950489080833
3201.3255336284637,6.131600776613485,1,3.8088447286527134
3201.4033687114716,6.13669526137063,1,3.8059698887803983
3201.4971187114716,6.129053534234917,1,3.810282148588869
3201.5909972190857,6.139242503749198,1,3.804532468844243
3201.7018604278564,6.13669526137063,1,3.8059698887803983
3201.779657125473,6.139242503749198,1,3.804532468844243
3201.8590970039368,6.129053534234917,1,3.810282148588869
3201.937824010849,6.139242503749198,1,3.804532468844243
3202.0306265354156,6.13669526137063,1,3.8059698887803983
3202.1096663475037,6.141789746127774,1,3.8030950489080833
3202.2044036388397,6.134148018992054,1,3.807407308716558
3202.298152446747,6.149431473263487,1,3.798782789099613
3202.377974510193,6.149431473263487,1,3.798782789099613
3202.4577260017395,6.144336988506343,1,3.801657628971928
3202.5500934123993,6.13669526137063,1,3.8059698887803983
3202.6438286304474,6.154525958020631,1,3.795907949227298
3202.7355847358704,6.131600776613485,1,3.8088447286527134
3202.8313658237457,6.146884230884918,1,3.800220209035768
3202.925291776657,6.131600776613485,1,3.8088447286527134
3203.016430616379,6.13669526137063,1,3.8059698887803983
3203.0938909053802,6.151978715642063,1,3.797345369163453
3203.18616604805,6.139242503749198,1,3.804532468844243
3203.2654094696045,6.13669526137063,1,3.8059698887803983
3203.35853433609,6.144336988506343,1,3.801657628971928
3203.468734025955,6.139242503749198,1,3.804532468844243
3203.5487751960754,6.144336988506343,1,3.801657628971928
3203.6407005786896,6.13669526137063,1,3.8059698887803983
3203.7183430194855,6.131600776613485,1,3.8088447286527134
3203.820056915283,6.129053534234917,1,3.810282148588869
3203.90518283844,6.141789746127774,1,3.8030950489080833
3203.9978840351105,6.149431473263487,1,3.798782789099613
3204.075727701187,6.131600776613485,1,3.8088447286527134
3204.1675453186035,6.141789746127774,1,3.8030950489080833
3204.245459794998,6.141789746127774,1,3.8030950489080833
3204.3240473270416,6.141789746127774,1,3.8030950489080833
3204.401634454727,6.131600776613485,1,3.8088447286527134
3204.47904586792,6.149431473263487,1,3.798782789099613
3204.559136867523,6.131600776613485,1,3.8088447286527134
3204.652804374695,6.146884230884918,1,3.800220209035768
3204.7323327064514,6.139242503749198,1,3.804532468844243
3204.8267438411713,6.13669526137063,1,3.8059698887803983
3204.9065902233124,6.144336988506343,1,3.801657628971928
3205.000166654587,6.126506291856341,1,3.8117195685250285
3205.0770988464355,6.139242503749198,1,3.804532468844243
3205.1880378723145,6.131600776613485,1,3.8088447286527134
3205.26589012146,6.146884230884918,1,3.800220209035768
3205.3588485717773,6.146884230884918,1,3.800220209035768
3205.4379448890686,6.134148018992054,1,3.807407308716558
3205.5159134864807,6.149431473263487,1,3.798782789099613
3205.607836484909,6.13669526137063,1,3.8059698887803983
3205.6846146583557,6.141789746127774,1,3.8030950489080833
3205.760624885559,6.157073200399207,1,3.794470529291138
3205.837448120117,6.141789746127774,1,3.8030950489080833
3205.9149487018585,6.151978715642063,1,3.797345369163453
3205.992807149887,6.139242503749198,1,3.804532468844243
3206.085520505905,6.146884230884918,1,3.800220209035768
3206.1644325256348,6.144336988506343,1,3.801657628971928
3206.240875005722,6.131600776613485,1,3.8088447286527134
3206.320107460022,6.13669526137063,1,3.8059698887803983
3206.3980762958527,6.157073200399207,1,3.794470529291138
3206.490402698517,6.13669526137063,1,3.8059698887803983
3206.569402694702,6.141789746127774,1,3.8030950489080833
3206.6634435653687,6.151978715642063,1,3.797345369163453
3206.740384578705,6.134148018992054,1,3.807407308716558
3206.850138425827,6.146884230884918,1,3.800220209035768
3206.92920422554,6.154525958020631,1,3.795907949227298
3207.0209169387817,6.141789746127774,1,3.8030950489080833
3207.099882364273,6.144336988506343,1,3.801657628971928
3207.19131064415,6.13669526137063,1,3.8059698887803983
3207.286204814911,6.126506291856341,1,3.8117195685250285
3207.364179611206,6.174903897049209,1,3.7844085897380375
3207.4407274723053,6.149431473263487,1,3.798782789099613
3207.5347430706024,6.13669526137063,1,3.8059698887803983
3207.612775325775,6.151978715642063,1,3.797345369163453
3207.6898849010468,6.131600776613485,1,3.8088447286527134
3207.7685546875,6.13669526137063,1,3.8059698887803983
3207.8466234207153,6.151978715642063,1,3.797345369163453
3207.9386327266693,6.139242503749198,1,3.804532468844243
3208.0331449508667,6.149431473263487,1,3.798782789099613
3208.124829053879,6.131600776613485,1,3.8088447286527134
3208.2037966251373,6.131600776613485,1,3.8088447286527134
3208.2828171253204,6.13669526137063,1,3.8059698887803983
3208.374571084976,6.146884230884918,1,3.800220209035768
3208.469546556473,6.139242503749198,1,3.804532468844243
3208.5921437740326,6.146884230884918,1,3.800220209035768
3208.685073852539,6.146884230884918,1,3.800220209035768
3208.762536764145,6.162167685156344,1,3.791595689418827
3208.840649366379,6.131600776613485,1,3.8088447286527134
3208.919341802597,6.141789746127774,1,3.8030950489080833
3208.997276544571,6.154525958020631,1,3.795907949227298
3209.0897810459137,6.139242503749198,1,3.804532468844243
3209.168312549591,6.149431473263487,1,3.798782789099613
3209.2473022937775,6.141789746127774,1,3.8030950489080833
3209.3403210639954,6.157073200399207,1,3.794470529291138
3209.419680595398,6.13669526137063,1,3.8059698887803983
3209.5138022899628,6.149431473263487,1,3.798782789099613
3209.608386993408,6.149431473263487,1,3.798782789099613
3209.7008125782013,6.139242503749198,1,3.804532468844243
3209.7787244319916,6.151978715642063,1,3.797345369163453
3209.8585879802704,6.149431473263487,1,3.798782789099613
3209.936441898346,6.13669526137063,1,3.8059698887803983
3210.028091907501,6.151978715642063,1,3.797345369163453
3210.1080396175385,6.139242503749198,1,3.804532468844243
3210.18714928627,6.154525958020631,1,3.795907949227298
3210.2948257923126,6.146884230884918,1,3.800220209035768
3210.373900413513,6.151978715642063,1,3.797345369163453
3210.45068526268,6.149431473263487,1,3.798782789099613
3210.526935338974,6.146884230884918,1,3.800220209035768
3210.604402065277,6.141789746127774,1,3.8030950489080833
3210.6954865455627,6.162167685156344,1,3.791595689418827
3210.7893335819244,6.139242503749198,1,3.804532468844243
3210.868036031723,6.151978715642063,1,3.797345369163453
3210.944974899292,6.16471492753492,1,3.7901582694826677
3211.02183842659,6.139242503749198,1,3.804532468844243
3211.1008491516113,6.151978715642063,1,3.797345369163453
3211.193834543228,6.146884230884918,1,3.800220209035768
3211.27086353302,6.149431473263487,1,3.798782789099613
3211.3629496097565,6.154525958020631,1,3.795907949227298
3211.4563801288605,6.144336988506343,1,3.801657628971928
3211.5355274677277,6.151978715642063,1,3.797345369163453
3211.613214492798,6.162167685156344,1,3.791595689418827
3211.6920053958893,6.144336988506343,1,3.801657628971928
3211.7711079120636,6.157073200399207,1,3.794470529291138
3211.862987279892,6.151978715642063,1,3.797345369163453
3211.9860048294067,6.159620442777776,1,3.7930331093549827
3212.077796936035,6.151978715642063,1,3.797345369163453
3212.1556766033173,6.146884230884918,1,3.800220209035768
3212.234330177307,6.146884230884918,1,3.800220209035768
3212.3111333847046,6.154525958020631,1,3.795907949227298
3212.3909606933594,6.151978715642063,1,3.797345369163453
3212.468647956848,6.141789746127774,1,3.8030950489080833
3212.5464584827423,6.141789746127774,1,3.8030950489080833
3212.6407749652863,6.13669526137063,1,3.8059698887803983
3212.7186217308044,6.146884230884918,1,3.800220209035768
3212.7964808940887,6.157073200399207,1,3.794470529291138
3212.8755242824554,6.146884230884918,1,3.800220209035768
3212.968548297882,6.149431473263487,1,3.798782789099613
3213.058810710907,6.144336988506343,1,3.801657628971928
3213.151780128479,6.149431473263487,1,3.798782789099613
3213.2298588752747,6.144336988506343,1,3.801657628971928
3213.3246054649353,6.149431473263487,1,3.798782789099613
3213.4026408195496,6.144336988506343,1,3.801657628971928
3213.495486497879,6.154525958020631,1,3.795907949227298
3213.572733640671,6.131600776613485,1,3.8088447286527134
3213.680708169937,6.159620442777776,1,3.7930331093549827
3213.758573293686,6.151978715642063,1,3.797345369163453
3213.8353791236877,6.149431473263487,1,3.798782789099613
3213.9126863479614,6.149431473263487,1,3.798782789099613
3213.988944530487,6.134148018992054,1,3.807407308716558
3214.068747520447,6.146884230884918,1,3.800220209035768
3214.16263794899,6.154525958020631,1,3.795907949227298
3214.2414860725403,6.139242503749198,1,3.804532468844243
3214.335631132126,6.154525958020631,1,3.795907949227298
3214.4124908447266,6.162167685156344,1,3.791595689418827
3214.5048265457153,6.149431473263487,1,3.798782789099613
3214.59486246109,6.149431473263487,1,3.798782789099613
3214.6877086162567,6.134148018992054,1,3.807407308716558
3214.766030073166,6.154525958020631,1,3.795907949227298
3214.8595275878906,6.157073200399207,1,3.794470529291138
3214.9367899894714,6.154525958020631,1,3.795907949227298
3215.0150713920593,6.154525958020631,1,3.795907949227298
3215.0927877426147,6.146884230884918,1,3.800220209035768
3215.1707723140717,6.141789746127774,1,3.8030950489080833
3215.264564037323,6.154525958020631,1,3.795907949227298
3215.3897445201874,6.146884230884918,1,3.800220209035768
3215.4677629470825,6.144336988506343,1,3.801657628971928
3215.54585146904,6.159620442777776,1,3.7930331093549827
3215.6223487854004,6.141789746127774,1,3.8030950489080833
3215.7154660224915,6.157073200399207,1,3.794470529291138
3215.7939772605896,6.146884230884918,1,3.800220209035768
3215.8712844848633,6.151978715642063,1,3.797345369163453
3215.9479043483734,6.151978715642063,1,3.797345369163453
3216.0267164707184,6.157073200399207,1,3.794470529291138
3216.105951309204,6.149431473263487,1,3.798782789099613
3216.1857616901398,6.162167685156344,1,3.791595689418827
3216.2626140117645,6.157073200399207,1,3.794470529291138
3216.341460466385,6.146884230884918,1,3.800220209035768
3216.434110879898,6.162167685156344,1,3.791595689418827
3216.526788711548,6.157073200399207,1,3.794470529291138
3216.606678247452,6.139242503749198,1,3.804532468844243
3216.6845695972443,6.144336988506343,1,3.801657628971928
3216.7624323368073,6.151978715642063,1,3.797345369163453
3216.840458393097,6.141789746127774,1,3.8030950489080833
3216.918308734894,6.154525958020631,1,3.795907949227298
3217.0260961055756,6.154525958020631,1,3.795907949227298
3217.1042246818542,6.151978715642063,1,3.797345369163453
3217.198533296585,6.162167685156344,1,3.791595689418827
3217.2761776447296,6.157073200399207,1,3.794470529291138
3217.3692722320557,6.162167685156344,1,3.791595689418827
3217.4461436271667,6.162167685156344,1,3.791595689418827
3217.524994134903,6.154525958020631,1,3.795907949227298
3217.6046726703644,6.144336988506343,1,3.801657628971928
3217.682538509369,6.159620442777776,1,3.7930331093549827
3217.759752511978,6.151978715642063,1,3.797345369163453
3217.8386232852936,6.157073200399207,1,3.794470529291138
3217.9306466579437,6.157073200399207,1,3.794470529291138
3218.010507106781,6.162167685156344,1,3.791595689418827
3218.0883514881134,6.141789746127774,1,3.8030950489080833
3218.181133031845,6.146884230884918,1,3.800220209035768
3218.2582955360413,6.149431473263487,1,3.798782789099613
3218.3512082099915,6.144336988506343,1,3.801657628971928
3218.4280021190643,6.146884230884918,1,3.800220209035768
3218.519966363907,6.141789746127774,1,3.8030950489080833
3218.5988113880157,6.151978715642063,1,3.797345369163453
3218.7254807949066,6.149431473263487,1,3.798782789099613
3218.8183376789093,6.149431473263487,1,3.798782789099613
3218.895514726639,6.151978715642063,1,3.797345369163453
3218.9731669425964,6.13669526137063,1,3.8059698887803983
3219.0500531196594,6.159620442777776,1,3.7930331093549827
3219.141862630844,6.139242503749198,1,3.804532468844243
3219.2196805477142,6.146884230884918,1,3.800220209035768
3219.296555519104,6.162167685156344,1,3.791595689418827
3219.3747284412384,6.154525958020631,1,3.795907949227298
3219.4525463581085,6.157073200399207,1,3.794470529291138
3219.531620502472,6.162167685156344,1,3.791595689418827
3219.610627889633,6.151978715642063,1,3.797345369163453
3219.690536737442,6.141789746127774,1,3.8030950489080833
3219.780453443527,6.16471492753492,1,3.7901582694826677
3219.8753819465637,6.141789746127774,1,3.8030950489080833
3219.9673206806183,6.149431473263487,1,3.798782789099613
3220.044673204422,6.154525958020631,1,3.795907949227298
3220.1229770183563,6.146884230884918,1,3.800220209035768
3220.2022461891174,6.151978715642063,1,3.797345369163453
3220.2791397571564,6.151978715642063,1,3.797345369163453
3220.388815879822,6.149431473263487,1,3.798782789099613
3220.46760058403,6.154525958020631,1,3.795907949227298
3220.5456380844116,6.154525958020631,1,3.795907949227298
3220.6360630989075,6.157073200399207,1,3.794470529291138
3220.7139263153076,6.151978715642063,1,3.797345369163453
3220.790962934494,6.154525958020631,1,3.795907949227298
3220.8680312633514,6.151978715642063,1,3.797345369163453
3220.961389064789,6.162167685156344,1,3.791595689418827
3221.0537900924683,6.146884230884918,1,3.800220209035768
3221.1478278636932,6.159620442777776,1,3.7930331093549827
3221.2250232696533,6.151978715642063,1,3.797345369163453
3221.3037877082825,6.149431473263487,1,3.798782789099613
3221.396940469742,6.151978715642063,1,3.797345369163453
3221.4748980998993,6.139242503749198,1,3.804532468844243
3221.5538854599,6.141789746127774,1,3.8030950489080833
3221.6319439411163,6.16471492753492,1,3.7901582694826677
3221.706829071045,6.139242503749198,1,3.804532468844243
3221.7847278118134,6.151978715642063,1,3.797345369163453
3221.8771607875824,6.167262169913489,1,3.788720849546512
3221.9703316688538,6.149431473263487,1,3.798782789099613
3222.0800383090973,6.162167685156344,1,3.791595689418827
3222.1717925071716,6.159620442777776,1,3.7930331093549827
3222.265541791916,6.167262169913489,1,3.788720849546512
3222.3582973480225,6.151978715642063,1,3.797345369163453
3222.437059402466,6.141789746127774,1,3.8030950489080833
3222.5307738780975,6.162167685156344,1,3.791595689418827
3222.6235263347626,6.151978715642063,1,3.797345369163453
3222.716550588608,6.154525958020631,1,3.795907949227298
3222.7953069210052,6.154525958020631,1,3.795907949227298
3222.889055252075,6.144336988506343,1,3.801657628971928
3222.9828045368195,6.151978715642063,1,3.797345369163453
3223.0606338977814,6.159620442777776,1,3.7930331093549827
3223.139386177063,6.149431473263487,1,3.798782789099613
3223.233135700226,6.167262169913489,1,3.788720849546512
3223.3258879184723,6.144336988506343,1,3.801657628971928
3223.4194343090057,6.151978715642063,1,3.797345369163453
3223.4986538887024,6.162167685156344,1,3.791595689418827
3223.5765450000763,6.154525958020631,1,3.795907949227298
3223.654445171356,6.149431473263487,1,3.798782789099613
3223.7342302799225,6.157073200399207,1,3.794470529291138
3223.843867301941,6.16471492753492,1,3.7901582694826677
3223.922788619995,6.146884230884918,1,3.800220209035768
3224.013992547989,6.146884230884918,1,3.800220209035768
3224.0907323360443,6.149431473263487,1,3.798782789099613
3224.1847360134125,6.151978715642063,1,3.797345369163453
3224.2926421165466,6.146884230884918,1,3.800220209035768
3224.3696365356445,6.146884230884918,1,3.800220209035768
3224.462367296219,6.151978715642063,1,3.797345369163453
3224.554953813553,6.146884230884918,1,3.800220209035768
3224.6336834430695,6.16471492753492,1,3.7901582694826677
3224.7120995521545,6.16471492753492,1,3.7901582694826677
3224.804578065872,6.149431473263487,1,3.798782789099613
3224.896892309189,6.162167685156344,1,3.791595689418827
3224.9900662899017,6.151978715642063,1,3.797345369163453
3225.067563056946,6.159620442777776,1,3.7930331093549827
3225.1596314907074,6.159620442777776,1,3.7930331093549827
3225.253756761551,6.146884230884918,1,3.800220209035768
3225.345930814743,6.159620442777776,1,3.7930331093549827
3225.4234268665314,6.139242503749198,1,3.804532468844243
3225.5025227069855,6.149431473263487,1,3.798782789099613
3225.6113414764404,6.162167685156344,1,3.791595689418827
3225.7031650543213,6.151978715642063,1,3.797345369163453
3225.794922351837,6.16471492753492,1,3.7901582694826677
3225.885875225067,6.151978715642063,1,3.797345369163453
3225.980012655258,6.167262169913489,1,3.788720849546512
3226.0598680973053,6.169809412292064,1,3.7872834296103526
3226.1516053676605,6.154525958020631,1,3.795907949227298
3226.2308447360992,6.169809412292064,1,3.7872834296103526
3226.310255050659,6.167262169913489,1,3.788720849546512
3226.387318134308,6.154525958020631,1,3.795907949227298
3226.47895693779,6.162167685156344,1,3.791595689418827
3226.570559501648,6.141789746127774,1,3.8030950489080833
3226.66064286232,6.162167685156344,1,3.791595689418827
3226.751901626587,6.16471492753492,1,3.7901582694826677
3226.8425843715668,6.167262169913489,1,3.788720849546512
3226.932467699051,6.167262169913489,1,3.788720849546512
3227.0103919506073,6.154525958020631,1,3.795907949227298
3227.0872383117676,6.154525958020631,1,3.795907949227298
3227.1658651828766,6.169809412292064,1,3.7872834296103526
3227.2457406520844,6.167262169913489,1,3.788720849546512
3227.3522260189056,6.154525958020631,1,3.795907949227298
3227.4320809841156,6.169809412292064,1,3.7872834296103526
3227.5098860263824,6.167262169913489,1,3.788720849546512
3227.5877361297607,6.154525958020631,1,3.795907949227298
3227.6676716804504,6.151978715642063,1,3.797345369163453
3227.7475345134735,6.16471492753492,1,3.7901582694826677
3227.841279029846,6.162167685156344,1,3.791595689418827
3227.936279296875,6.162167685156344,1,3.791595689418827
3228.0144391059875,6.157073200399207,1,3.794470529291138
3228.1083719730377,6.149431473263487,1,3.798782789099613
3228.1871275901794,6.151978715642063,1,3.797345369163453
3228.2793488502502,6.179998381806353,1,3.7815337498657224
3228.3572602272034,6.144336988506343,1,3.801657628971928
3228.450145959854,6.149431473263487,1,3.798782789099613
3228.527112007141,6.154525958020631,1,3.795907949227298
3228.6061034202576,6.141789746127774,1,3.8030950489080833
3228.6845469474792,6.169809412292064,1,3.7872834296103526
3228.7616033554077,6.169809412292064,1,3.7872834296103526
3228.8403828144073,6.151978715642063,1,3.797345369163453
3228.918341398239,6.172356654670633,1,3.7858460096741973
3229.027116537094,6.162167685156344,1,3.791595689418827
3229.120888710022,6.149431473263487,1,3.798782789099613
3229.1987795829773,6.167262169913489,1,3.788720849546512
3229.275797367096,6.169809412292064,1,3.7872834296103526
3229.354748725891,6.151978715642063,1,3.797345369163453
3229.4322566986084,6.172356654670633,1,3.7858460096741973
3229.526148080826,6.157073200399207,1,3.794470529291138
3229.602887868881,6.154525958020631,1,3.795907949227298
3229.6807079315186,6.162167685156344,1,3.791595689418827
3229.758597612381,6.159620442777776,1,3.7930331093549827
3229.837485074997,6.159620442777776,1,3.7930331093549827
3229.928962945938,6.169809412292064,1,3.7872834296103526
3230.021871328354,6.154525958020631,1,3.795907949227298
3230.112619161606,6.16471492753492,1,3.7901582694826677
3230.2053990364075,6.159620442777776,1,3.7930331093549827
3230.2832939624786,6.159620442777776,1,3.7930331093549827
3230.360367298126,6.174903897049209,1,3.7844085897380375
3230.437666654587,6.157073200399207,1,3.794470529291138
3230.531695127487,6.162167685156344,1,3.791595689418827
3230.608673810959,6.162167685156344,1,3.791595689418827
3230.718730688095,6.149431473263487,1,3.798782789099613
3230.798001766205,6.167262169913489,1,3.788720849546512
3230.8749871253967,6.159620442777776,1,3.7930331093549827
3230.953855752945,6.151978715642063,1,3.797345369163453
3231.031655073166,6.174903897049209,1,3.7844085897380375
3231.123723745346,6.149431473263487,1,3.798782789099613
3231.2018008232117,6.159620442777776,1,3.7930331093549827
3231.2815837860107,6.154525958020631,1,3.795907949227298
3231.360056400299,6.157073200399207,1,3.794470529291138
3231.437029361725,6.151978715642063,1,3.797345369163453
3231.530938386917,6.16471492753492,1,3.7901582694826677
3231.608902454376,6.149431473263487,1,3.798782789099613
3231.684970140457,6.162167685156344,1,3.791595689418827
3231.76372051239,6.177451139427777,1,3.782971169801882
3231.857771396637,6.16471492753492,1,3.7901582694826677
3231.9365928173065,6.16471492753492,1,3.7901582694826677
3232.028659582138,6.167262169913489,1,3.788720849546512
3232.1068861484528,6.154525958020631,1,3.795907949227298
3232.186402797699,6.146884230884918,1,3.800220209035768
3232.279021501541,6.167262169913489,1,3.788720849546512
3232.3898265361786,6.162167685156344,1,3.791595689418827
3232.483100414276,6.167262169913489,1,3.788720849546512
3232.5609591007233,6.172356654670633,1,3.7858460096741973
3232.6390748023987,6.162167685156344,1,3.791595689418827
3232.7164595127106,6.174903897049209,1,3.7844085897380375
3232.7941126823425,6.16471492753492,1,3.7901582694826677
3232.8717963695526,6.154525958020631,1,3.795907949227298
3232.962077856064,6.159620442777776,1,3.7930331093549827
3233.0390269756317,6.162167685156344,1,3.791595689418827
3233.1178979873657,6.157073200399207,1,3.794470529291138
3233.209890127182,6.157073200399207,1,3.794470529291138
3233.2876031398773,6.151978715642063,1,3.797345369163453
3233.36514210701,6.162167685156344,1,3.791595689418827
3233.4425225257874,6.151978715642063,1,3.797345369163453
3233.5224237442017,6.149431473263487,1,3.798782789099613
3233.6171374320984,6.149431473263487,1,3.798782789099613
3233.7102434635162,6.159620442777776,1,3.7930331093549827
3233.786809206009,6.151978715642063,1,3.797345369163453
3233.864133119583,6.162167685156344,1,3.791595689418827
3233.9418144226074,6.139242503749198,1,3.804532468844243
3234.0476496219635,6.159620442777776,1,3.7930331093549827
3234.1244406700134,6.146884230884918,1,3.800220209035768
3234.2189807891846,6.167262169913489,1,3.788720849546512
3234.311946630478,6.167262169913489,1,3.788720849546512
3234.3884828090668,6.151978715642063,1,3.797345369163453
3234.4807662963867,6.159620442777776,1,3.7930331093549827
3234.5588562488556,6.151978715642063,1,3.797345369163453
3234.650680541992,6.162167685156344,1,3.791595689418827
3234.7444660663605,6.151978715642063,1,3.797345369163453
3234.83425116539,6.172356654670633,1,3.7858460096741973
3234.914042711258,6.162167685156344,1,3.791595689418827
3234.993824481964,6.159620442777776,1,3.7930331093549827
3235.0864329338074,6.162167685156344,1,3.791595689418827
3235.1805160045624,6.16471492753492,1,3.7901582694826677
3235.259664773941,6.151978715642063,1,3.797345369163453
3235.351813316345,6.162167685156344,1,3.791595689418827
3235.429654121399,6.177451139427777,1,3.782971169801882
3235.520793914795,6.157073200399207,1,3.794470529291138
3235.5975754261017,6.179998381806353,1,3.7815337498657224
3235.674778699875,6.169809412292064,1,3.7872834296103526
3235.782665491104,6.174903897049209,1,3.7844085897380375
3235.8753983974457,6.172356654670633,1,3.7858460096741973
3235.9673953056335,6.169809412292064,1,3.7872834296103526
3236.0447092056274,6.172356654670633,1,3.7858460096741973
3236.137526512146,6.16471492753492,1,3.7901582694826677
3236.2283613681793,6.179998381806353,1,3.7815337498657224
3236.3216025829315,6.167262169913489,1,3.788720849546512
3236.39910697937,6.167262169913489,1,3.788720849546512
3236.4910836219788,6.162167685156344,1,3.791595689418827
3236.5696382522583,6.16471492753492,1,3.7901582694826677
3236.6453716754913,6.167262169913489,1,3.788720849546512
3236.7218413352966,6.172356654670633,1,3.7858460096741973
3236.7999522686005,6.182545624184922,1,3.780096329929567
3236.8789529800415,6.172356654670633,1,3.7858460096741973
3236.9709198474884,6.162167685156344,1,3.791595689418827
3237.0788984298706,6.179998381806353,1,3.7815337498657224
3237.170789718628,6.159620442777776,1,3.7930331093549827
3237.2487876415253,6.177451139427777,1,3.782971169801882
3237.3431282043457,6.174903897049209,1,3.7844085897380375
3237.434036254883,6.174903897049209,1,3.7844085897380375
3237.542899608612,6.162167685156344,1,3.791595689418827
3237.6348733901978,6.187640108942066,1,3.777221490057252
3237.714476108551,6.16471492753492,1,3.7901582694826677
3237.792880296707,6.174903897049209,1,3.7844085897380375
3237.8690819740295,6.167262169913489,1,3.788720849546512
3237.948051214218,6.177451139427777,1,3.782971169801882
3238.027023077011,6.172356654670633,1,3.7858460096741973
3238.1188344955444,6.167262169913489,1,3.788720849546512
3238.198643684387,6.172356654670633,1,3.7858460096741973
3238.277092695236,6.174903897049209,1,3.7844085897380375
3238.354411125183,6.16471492753492,1,3.7901582694826677
3238.4338159561157,6.182545624184922,1,3.780096329929567
3238.527565717697,6.16471492753492,1,3.7901582694826677
3238.620543718338,6.172356654670633,1,3.7858460096741973
3238.697561979294,6.169809412292064,1,3.7872834296103526
3238.7744121551514,6.162167685156344,1,3.791595689418827
3238.8528921604156,6.167262169913489,1,3.788720849546512
3238.930727481842,6.177451139427777,1,3.782971169801882
3239.021564245224,6.167262169913489,1,3.788720849546512
3239.100583553314,6.174903897049209,1,3.7844085897380375
3239.210371494293,6.167262169913489,1,3.788720849546512
3239.3036551475525,6.179998381806353,1,3.7815337498657224
3239.398789167404,6.167262169913489,1,3.788720849546512
3239.4759137630463,6.159620442777776,1,3.7930331093549827
3239.554027557373,6.162167685156344,1,3.791595689418827
3239.6460423469543,6.167262169913489,1,3.788720849546512
3239.721811056137,6.179998381806353,1,3.7815337498657224
3239.8017523288727,6.179998381806353,1,3.7815337498657224
3239.8807718753815,6.182545624184922,1,3.780096329929567
3239.9567742347717,6.167262169913489,1,3.788720849546512
3240.0496768951416,6.177451139427777,1,3.782971169801882
3240.1285202503204,6.167262169913489,1,3.788720849546512
3240.218747615814,6.177451139427777,1,3.782971169801882
3240.2963852882385,6.167262169913489,1,3.788720849546512
3240.376545190811,6.16471492753492,1,3.7901582694826677
3240.464988231659,6.167262169913489,1,3.788720849546512
3240.543647289276,6.16471492753492,1,3.7901582694826677
3240.621643304825,6.169809412292064,1,3.7872834296103526
3240.697685480118,6.177451139427777,1,3.782971169801882
3240.7766110897064,6.167262169913489,1,3.788720849546512
3240.8854801654816,6.182545624184922,1,3.780096329929567
3240.963268518448,6.179998381806353,1,3.7815337498657224
3241.0418276786804,6.172356654670633,1,3.7858460096741973
3241.1176674365997,6.190187351320635,1,3.7757840701210963
3241.1968700885773,6.177451139427777,1,3.782971169801882
3241.2760288715363,6.169809412292064,1,3.7872834296103526
3241.35195851326,6.174903897049209,1,3.7844085897380375
3241.4288227558136,6.172356654670633,1,3.7858460096741973
3241.5087416172028,6.172356654670633,1,3.7858460096741973
3241.6004576683044,6.16471492753492,1,3.7901582694826677
3241.6792526245117,6.172356654670633,1,3.7858460096741973
3241.7715015411377,6.167262169913489,1,3.788720849546512
3241.86284160614,6.174903897049209,1,3.7844085897380375
3241.9422492980957,6.167262169913489,1,3.788720849546512
3242.0342950820923,6.177451139427777,1,3.782971169801882
3242.1111390590668,6.167262169913489,1,3.788720849546512
3242.188889980316,6.154525958020631,1,3.795907949227298
3242.2810859680176,6.172356654670633,1,3.7858460096741973
3242.3740808963776,6.167262169913489,1,3.788720849546512
3242.45085477829,6.174903897049209,1,3.7844085897380375
3242.557886362076,6.169809412292064,1,3.7872834296103526
3242.6358625888824,6.185092866563497,1,3.7786589099934074
3242.7286145687103,6.172356654670633,1,3.7858460096741973
3242.8228833675385,6.167262169913489,1,3.788720849546512
3242.901402235031,6.187640108942066,1,3.777221490057252
3242.9941821098328,6.169809412292064,1,3.7872834296103526
3243.0871226787567,6.179998381806353,1,3.7815337498657224
3243.180817127228,6.177451139427777,1,3.782971169801882
3243.2578179836273,6.16471492753492,1,3.7901582694826677
3243.351804971695,6.174903897049209,1,3.7844085897380375
3243.428964614868,6.169809412292064,1,3.7872834296103526
3243.5200402736664,6.179998381806353,1,3.7815337498657224
3243.597019672394,6.177451139427777,1,3.782971169801882
3243.6885962486267,6.177451139427777,1,3.782971169801882
3243.778944015503,6.172356654670633,1,3.7858460096741973
3243.8836216926575,6.179998381806353,1,3.7815337498657224
3243.9764676094055,6.167262169913489,1,3.788720849546512
3244.0690548419952,6.179998381806353,1,3.7815337498657224
3244.146117925644,6.179998381806353,1,3.7815337498657224
3244.2234523296356,6.157073200399207,1,3.794470529291138
3244.3332879543304,6.174903897049209,1,3.7844085897380375
3244.409463405609,6.177451139427777,1,3.782971169801882
3244.500380754471,6.169809412292064,1,3.7872834296103526
3244.5763068199158,6.16471492753492,1,3.7901582694826677
3244.653167486191,6.187640108942066,1,3.777221490057252
3244.7310230731964,6.177451139427777,1,3.782971169801882
3244.8100748062134,6.159620442777776,1,3.7930331093549827
3244.9021570682526,6.182545624184922,1,3.780096329929567
3244.997897386551,6.167262169913489,1,3.788720849546512
3245.0910878181458,6.169809412292064,1,3.7872834296103526
3245.1835501194,6.177451139427777,1,3.782971169801882
3245.263409137726,6.174903897049209,1,3.7844085897380375
3245.3556118011475,6.179998381806353,1,3.7815337498657224
3245.4348969459534,6.177451139427777,1,3.782971169801882
3245.5293984413147,6.182545624184922,1,3.780096329929567
3245.6223731040955,6.177451139427777,1,3.782971169801882
3245.7005763053894,6.177451139427777,1,3.782971169801882
3245.7797043323517,6.177451139427777,1,3.782971169801882
3245.857628583908,6.169809412292064,1,3.7872834296103526
3245.9336862564087,6.177451139427777,1,3.782971169801882
3246.042315006256,6.172356654670633,1,3.7858460096741973
3246.1380586624146,6.16471492753492,1,3.7901582694826677
3246.217815876007,6.167262169913489,1,3.788720849546512
3246.3087038993835,6.172356654670633,1,3.7858460096741973
3246.3876230716705,6.187640108942066,1,3.777221490057252
3246.480043411255,6.179998381806353,1,3.7815337498657224
3246.571916103363,6.172356654670633,1,3.7858460096741973
3246.665014028549,6.179998381806353,1,3.7815337498657224
3246.740639925003,6.16471492753492,1,3.7901582694826677
3246.820826292038,6.185092866563497,1,3.7786589099934074
3246.8966403007507,6.172356654670633,1,3.7858460096741973
3246.973576784134,6.172356654670633,1,3.7858460096741973
3247.0516662597656,6.185092866563497,1,3.7786589099934074
3247.1429314613342,6.174903897049209,1,3.7844085897380375
3247.2196011543274,6.177451139427777,1,3.782971169801882
3247.3116858005524,6.172356654670633,1,3.7858460096741973
3247.389634370804,6.169809412292064,1,3.7872834296103526
3247.46648478508,6.177451139427777,1,3.782971169801882
3247.546277284622,6.179998381806353,1,3.7815337498657224
3247.6256518363953,6.177451139427777,1,3.782971169801882
3247.7347905635834,6.185092866563497,1,3.7786589099934074
3247.812201499939,6.162167685156344,1,3.791595689418827
3247.889968395233,6.172356654670633,1,3.7858460096741973
3247.966981649399,6.174903897049209,1,3.7844085897380375
3248.045406103134,6.172356654670633,1,3.7858460096741973
3248.122934103012,6.177451139427777,1,3.782971169801882
3248.2006421089172,6.179998381806353,1,3.7815337498657224
3248.276661634445,6.167262169913489,1,3.788720849546512
3248.368832588196,6.182545624184922,1,3.780096329929567
3248.4611105918884,6.167262169913489,1,3.788720849546512
3248.538245201111,6.182545624184922,1,3.780096329929567
3248.62984251976,6.177451139427777,1,3.782971169801882
3248.7097642421722,6.169809412292064,1,3.7872834296103526
3248.7867574691772,6.182545624184922,1,3.780096329929567
3248.8781328201294,6.174903897049209,1,3.7844085897380375
3248.955164909363,6.182545624184922,1,3.780096329929567
3249.0472705364227,6.179998381806353,1,3.7815337498657224
3249.141798734665,6.174903897049209,1,3.7844085897380375
3249.2196724414825,6.185092866563497,1,3.7786589099934074
3249.311404466629,6.172356654670633,1,3.7858460096741973
3249.4217550754547,6.182545624184922,1,3.780096329929567
3249.5145835876465,6.177451139427777,1,3.782971169801882
3249.6073751449585,6.174903897049209,1,3.7844085897380375
3249.701267004013,6.187640108942066,1,3.777221490057252
3249.779126405716,6.177451139427777,1,3.782971169801882
3249.857029438019,6.174903897049209,1,3.7844085897380375
3249.9350299835205,6.179998381806353,1,3.7815337498657224
3250.0124771595,6.172356654670633,1,3.7858460096741973
3250.0903487205505,6.187640108942066,1,3.777221490057252
3250.183687210083,6.182545624184922,1,3.780096329929567
3250.26083779335,6.177451139427777,1,3.782971169801882
3250.3377475738525,6.182545624184922,1,3.780096329929567
3250.4177899360657,6.195281836077779,1,3.772909230248781
3250.4956843852997,6.177451139427777,1,3.782971169801882
3250.573063135147,6.167262169913489,1,3.788720849546512
3250.6659002304077,6.182545624184922,1,3.780096329929567
3250.7597765922546,6.174903897049209,1,3.7844085897380375
3250.852571964264,6.16471492753492,1,3.7901582694826677
3250.945512533188,6.174903897049209,1,3.7844085897380375
3251.023073196411,6.172356654670633,1,3.7858460096741973
3251.134827852249,6.126506291856341,1,3.8117195685250285
3251.2116565704346,6.177451139427777,1,3.782971169801882
3251.305601835251,6.162167685156344,1,3.791595689418827
3251.383524656296,6.182545624184922,1,3.780096329929567
3251.46053814888,6.167262169913489,1,3.788720849546512
3251.5398008823395,6.179998381806353,1,3.7815337498657224
3251.617063999176,6.185092866563497,1,3.7786589099934074
3251.6945929527283,6.169809412292064,1,3.7872834296103526
3251.7723803520203,6.172356654670633,1,3.7858460096741973
3251.867500305176,6.172356654670633,1,3.7858460096741973
3251.9456593990326,6.182545624184922,1,3.780096329929567
3252.025535106659,6.167262169913489,1,3.788720849546512
3252.103677034378,6.187640108942066,1,3.777221490057252
3252.197386741638,6.179998381806353,1,3.7815337498657224
3252.2768309116364,6.174903897049209,1,3.7844085897380375
3252.3697605133057,6.177451139427777,1,3.782971169801882
3252.4497117996216,6.177451139427777,1,3.782971169801882
3252.528393983841,6.16471492753492,1,3.7901582694826677
3252.604237794876,6.187640108942066,1,3.777221490057252
3252.6991238594055,6.19273459369921,1,3.774346650184937
3252.8232769966125,6.177451139427777,1,3.782971169801882
3252.903068304062,6.182545624184922,1,3.780096329929567
3252.996982574463,6.169809412292064,1,3.7872834296103526
3253.0750770568848,6.167262169913489,1,3.788720849546512
3253.1527621746063,6.177451139427777,1,3.782971169801882
3253.2320086956024,6.177451139427777,1,3.782971169801882
3253.309931755066,6.172356654670633,1,3.7858460096741973
3253.4029133319855,6.185092866563497,1,3.7786589099934074
3253.481920480728,6.182545624184922,1,3.780096329929567
3253.5596408843994,6.182545624184922,1,3.780096329929567
3253.638010263443,6.19273459369921,1,3.774346650184937
3253.7171516418457,6.177451139427777,1,3.782971169801882
3253.7938475608826,6.182545624184922,1,3.780096329929567
3253.8717963695526,6.179998381806353,1,3.7815337498657224
3253.9480266571045,6.174903897049209,1,3.7844085897380375
3254.040791273117,6.167262169913489,1,3.788720849546512
3254.1362590789795,6.182545624184922,1,3.780096329929567
3254.2150564193726,6.187640108942066,1,3.777221490057252
3254.294176340103,6.174903897049209,1,3.7844085897380375
3254.37157869339,6.179998381806353,1,3.7815337498657224
3254.49401140213,6.177451139427777,1,3.782971169801882
3254.571204662323,6.185092866563497,1,3.7786589099934074
3254.664123773575,6.169809412292064,1,3.7872834296103526
3254.7566170692444,6.187640108942066,1,3.777221490057252
3254.833523750305,6.195281836077779,1,3.772909230248781
3254.9122343063354,6.177451139427777,1,3.782971169801882
3254.9907224178314,6.172356654670633,1,3.7858460096741973
3255.0707535743713,6.19273459369921,1,3.774346650184937
3255.1495525836945,6.187640108942066,1,3.777221490057252
3255.244301557541,6.172356654670633,1,3.7858460096741973
3255.322660923004,6.172356654670633,1,3.7858460096741973
3255.3995599746704,6.177451139427777,1,3.782971169801882
3255.49298787117,6.182545624184922,1,3.780096329929567
3255.585779905319,6.182545624184922,1,3.780096329929567
3255.6778604984283,6.172356654670633,1,3.7858460096741973
3255.756742477417,6.174903897049209,1,3.7844085897380375
3255.847458600998,6.177451139427777,1,3.782971169801882
3255.937931060791,6.19273459369921,1,3.774346650184937
3256.0314378738403,6.182545624184922,1,3.780096329929567
3256.123193502426,6.169809412292064,1,3.7872834296103526
3256.246828317642,6.187640108942066,1,3.777221490057252
3256.3400523662567,6.177451139427777,1,3.782971169801882
3256.433315515518,6.187640108942066,1,3.777221490057252
3256.5269327163696,6.182545624184922,1,3.780096329929567
3256.6033277511597,6.197829078456355,1,3.771471810312622
3256.6956334114075,6.174903897049209,1,3.7844085897380375
3256.773496866226,6.190187351320635,1,3.7757840701210963
3256.850640773773,6.187640108942066,1,3.777221490057252
3256.928647994995,6.177451139427777,1,3.782971169801882
3257.006629705429,6.179998381806353,1,3.7815337498657224
3257.0838253498077,6.190187351320635,1,3.7757840701210963
3257.163234472275,6.172356654670633,1,3.7858460096741973
3257.24263548851,6.185092866563497,1,3.7786589099934074
3257.3354954719543,6.19273459369921,1,3.774346650184937
3257.412606716156,6.167262169913489,1,3.788720849546512
3257.50847697258,6.169809412292064,1,3.7872834296103526
3257.6005494594574,6.190187351320635,1,3.7757840701210963
3257.6947860717773,6.177451139427777,1,3.782971169801882
3257.7717707157135,6.19273459369921,1,3.774346650184937
3257.862795352936,6.169809412292064,1,3.7872834296103526
3257.9703266620636,6.190187351320635,1,3.7757840701210963
3258.0483412742615,6.195281836077779,1,3.772909230248781
3258.1272356510162,6.187640108942066,1,3.777221490057252
3258.205760240555,6.190187351320635,1,3.7757840701210963
3258.283666372299,6.19273459369921,1,3.774346650184937
3258.3772571086884,6.182545624184922,1,3.780096329929567
3258.4543755054474,6.187640108942066,1,3.777221490057252
3258.5328097343445,6.190187351320635,1,3.7757840701210963
3258.6258857250214,6.185092866563497,1,3.7786589099934074
3258.718851327896,6.185092866563497,1,3.7786589099934074
3258.7967162132263,6.169809412292064,1,3.7872834296103526
3258.875569343567,6.182545624184922,1,3.780096329929567
3258.9677782058716,6.190187351320635,1,3.7757840701210963
3259.046816110611,6.187640108942066,1,3.777221490057252
3259.1250429153442,6.177451139427777,1,3.782971169801882
3259.2031865119934,6.177451139427777,1,3.782971169801882
3259.296046257019,6.172356654670633,1,3.7858460096741973
3259.3880400657654,6.182545624184922,1,3.780096329929567
3259.4811720848083,6.177451139427777,1,3.782971169801882
3259.5609743595123,6.182545624184922,1,3.780096329929567
3259.6700987815857,6.187640108942066,1,3.777221490057252
3259.7488808631897,6.185092866563497,1,3.7786589099934074
3259.841636657715,6.172356654670633,1,3.7858460096741973
3259.92045879364,6.202923563213499,1,3.768596970440307
3260.0138692855835,6.177451139427777,1,3.782971169801882
3260.1057691574097,6.182545624184922,1,3.780096329929567
3260.1843860149384,6.187640108942066,1,3.777221490057252
3260.276425600052,6.19273459369921,1,3.774346650184937
3260.3681366443634,6.187640108942066,1,3.777221490057252
3260.446871995926,6.187640108942066,1,3.777221490057252
3260.540018081665,6.179998381806353,1,3.7815337498657224
3260.6170086860657,6.179998381806353,1,3.7815337498657224
3260.708105802536,6.167262169913489,1,3.788720849546512
3260.7859461307526,6.200376320834923,1,3.770034390376466
3260.8786985874176,6.177451139427777,1,3.782971169801882
3260.968843460083,6.182545624184922,1,3.780096329929567
3261.046752691269,6.172356654670633,1,3.7858460096741973
3261.1265699863434,6.185092866563497,1,3.7786589099934074
3261.2036135196686,6.187640108942066,1,3.777221490057252
3261.280520439148,6.185092866563497,1,3.7786589099934074
3261.390694141388,6.179998381806353,1,3.7815337498657224
3261.4694080352783,6.174903897049209,1,3.7844085897380375
3261.547484397888,6.177451139427777,1,3.782971169801882
3261.6258883476257,6.172356654670633,1,3.7858460096741973
3261.7037930488586,6.190187351320635,1,3.7757840701210963
3261.7817409038544,6.179998381806353,1,3.7815337498657224
3261.859707593918,6.182545624184922,1,3.780096329929567
3261.9376316070557,6.200376320834923,1,3.770034390376466
3262.029116153717,6.177451139427777,1,3.782971169801882
3262.124655485153,6.179998381806353,1,3.7815337498657224
3262.2026126384735,6.182545624184922,1,3.780096329929567
3262.2958109378815,6.179998381806353,1,3.7815337498657224
3262.3727910518646,6.185092866563497,1,3.7786589099934074
3262.4497718811035,6.182545624184922,1,3.780096329929567
3262.5288758277893,6.172356654670633,1,3.7858460096741973
3262.607682466507,6.177451139427777,1,3.782971169801882
3262.698497533798,6.182545624184922,1,3.780096329929567
3262.7765119075775,6.179998381806353,1,3.7815337498657224
3262.8706748485565,6.179998381806353,1,3.7815337498657224
3262.9465506076813,6.182545624184922,1,3.780096329929567
3263.0577142238617,6.190187351320635,1,3.7757840701210963
3263.1358711719513,6.19273459369921,1,3.774346650184937
3263.229580640793,6.169809412292064,1,3.7872834296103526
3263.3086693286896,6.177451139427777,1,3.782971169801882
3263.40047621727,6.185092866563497,1,3.7786589099934074
3263.47936296463,6.179998381806353,1,3.7815337498657224
3263.5555126667023,6.179998381806353,1,3.7815337498657224
3263.6482903957367,6.185092866563497,1,3.7786589099934074
3263.726933479309,6.172356654670633,1,3.7858460096741973
3263.806806564331,6.182545624184922,1,3.780096329929567
3263.8842992782593,6.182545624184922,1,3.780096329929567
3263.9616906642914,6.177451139427777,1,3.782971169801882
3264.041635990143,6.179998381806353,1,3.7815337498657224
3264.1187551021576,6.187640108942066,1,3.777221490057252
3264.1955902576447,6.174903897049209,1,3.7844085897380375
3264.274824619293,6.179998381806353,1,3.7815337498657224
3264.382557630539,6.190187351320635,1,3.7757840701210963
3264.460420370102,6.185092866563497,1,3.7786589099934074
3264.5523982048035,6.19273459369921,1,3.774346650184937
3264.6322417259216,6.200376320834923,1,3.770034390376466
3264.7417948246,6.182545624184922,1,3.780096329929567
3264.8328754901886,6.182545624184922,1,3.780096329929567
3264.9115080833435,6.185092866563497,1,3.7786589099934074
3265.001967906952,6.19273459369921,1,3.774346650184937
3265.0788719654083,6.179998381806353,1,3.7815337498657224
3265.1720576286316,6.19273459369921,1,3.774346650184937
3265.249250650406,6.172356654670633,1,3.7858460096741973
3265.32842874527,6.185092866563497,1,3.7786589099934074
3265.404846906662,6.190187351320635,1,3.7757840701210963
3265.4959437847137,6.179998381806353,1,3.7815337498657224
3265.5889208316803,6.177451139427777,1,3.782971169801882
3265.681807756424,6.182545624184922,1,3.780096329929567
3265.76070189476,6.179998381806353,1,3.7815337498657224
3265.853812932968,6.202923563213499,1,3.768596970440307
3265.9297614097595,6.174903897049209,1,3.7844085897380375
3266.023581981659,6.185092866563497,1,3.7786589099934074
3266.1024792194366,6.182545624184922,1,3.780096329929567
3266.1802558898926,6.19273459369921,1,3.774346650184937
3266.2734014987946,6.190187351320635,1,3.7757840701210963
3266.3671917915344,6.200376320834923,1,3.770034390376466
3266.474798679352,6.190187351320635,1,3.7757840701210963
3266.5545959472656,6.185092866563497,1,3.7786589099934074
3266.645389318466,6.190187351320635,1,3.7757840701210963
3266.725188970566,6.182545624184922,1,3.780096329929567
3266.8030500411987,6.190187351320635,1,3.7757840701210963
3266.880815267563,6.174903897049209,1,3.7844085897380375
3266.9599182605743,6.177451139427777,1,3.782971169801882
3267.050904750824,6.182545624184922,1,3.780096329929567
3267.1286611557007,6.179998381806353,1,3.7815337498657224
3267.205669403076,6.190187351320635,1,3.7757840701210963
3267.281657934189,6.182545624184922,1,3.780096329929567
3267.3593792915344,6.185092866563497,1,3.7786589099934074
3267.4386599063873,6.197829078456355,1,3.771471810312622
3267.516634941101,6.19273459369921,1,3.774346650184937
3267.593517303467,6.19273459369921,1,3.774346650184937
3267.6707372665405,6.187640108942066,1,3.777221490057252
3267.764537334442,6.190187351320635,1,3.7757840701210963
3267.8566358089447,6.197829078456355,1,3.771471810312622
3267.936571121216,6.190187351320635,1,3.7757840701210963
3268.0286951065063,6.172356654670633,1,3.7858460096741973
3268.1396420001984,6.202923563213499,1,3.768596970440307
3268.2322878837585,6.190187351320635,1,3.7757840701210963
3268.310733795166,6.190187351320635,1,3.7757840701210963
3268.3886795043945,6.197829078456355,1,3.771471810312622
3268.4673540592194,6.19273459369921,1,3.774346650184937
3268.5451395511627,6.187640108942066,1,3.777221490057252
3268.6227972507477,6.202923563213499,1,3.768596970440307
3268.7008771896362,6.19273459369921,1,3.774346650184937
3268.778373003006,6.190187351320635,1,3.7757840701210963
3268.856628894806,6.182545624184922,1,3.780096329929567
3268.950394153595,6.177451139427777,1,3.782971169801882
3269.0292880535126,6.195281836077779,1,3.772909230248781
3269.107182741165,6.19273459369921,1,3.774346650184937
3269.200419187546,6.200376320834923,1,3.770034390376466
3269.2784435749054,6.177451139427777,1,3.782971169801882
3269.3562338352203,6.195281836077779,1,3.772909230248781
3269.447920560837,6.2080180479706435,1,3.7657221305679918
3269.5427796840668,6.190187351320635,1,3.7757840701210963
3269.6218152046204,6.195281836077779,1,3.772909230248781
3269.7139132022858,6.19273459369921,1,3.774346650184937
3269.8231523036957,6.195281836077779,1,3.772909230248781
3269.9015078544617,6.190187351320635,1,3.7757840701210963
3269.9804434776306,6.179998381806353,1,3.7815337498657224
3270.0739874839783,6.195281836077779,1,3.772909230248781
3270.16489982605,6.185092866563497,1,3.7786589099934074
3270.2429008483887,6.187640108942066,1,3.777221490057252
3270.3359801769257,6.19273459369921,1,3.774346650184937
3270.414293050766,6.179998381806353,1,3.7815337498657224
3270.507312297821,6.179998381806353,1,3.7815337498657224
3270.5841336250305,6.195281836077779,1,3.772909230248781
3270.6611976623535,6.182545624184922,1,3.780096329929567
3270.753796339035,6.190187351320635,1,3.7757840701210963
3270.8311960697174,6.182545624184922,1,3.780096329929567
3270.909865140915,6.185092866563497,1,3.7786589099934074
3270.9887471199036,6.19273459369921,1,3.774346650184937
3271.065541267395,6.182545624184922,1,3.780096329929567
3271.1576540470123,6.195281836077779,1,3.772909230248781
3271.250081539154,6.19273459369921,1,3.774346650184937
3271.34064245224,6.187640108942066,1,3.777221490057252
3271.4205112457275,6.197829078456355,1,3.771471810312622
3271.5312564373016,6.185092866563497,1,3.7786589099934074
3271.6100492477417,6.195281836077779,1,3.772909230248781
3271.687876701355,6.200376320834923,1,3.770034390376466
3271.766837120056,6.182545624184922,1,3.780096329929567
3271.843843460083,6.174903897049209,1,3.7844085897380375
3271.9207623004913,6.200376320834923,1,3.770034390376466
3271.9987983703613,6.187640108942066,1,3.777221490057252
3272.090534210205,6.190187351320635,1,3.7757840701210963
3272.167365550995,6.195281836077779,1,3.772909230248781
3272.2451705932617,6.182545624184922,1,3.780096329929567
3272.3394713401794,6.19273459369921,1,3.774346650184937
3272.4336705207825,6.185092866563497,1,3.7786589099934074
3272.511590719223,6.190187351320635,1,3.7757840701210963
3272.5906455516815,6.185092866563497,1,3.7786589099934074
3272.668965578079,6.182545624184922,1,3.780096329929567
3272.747236967087,6.182545624184922,1,3.780096329929567
3272.824691772461,6.19273459369921,1,3.774346650184937
3272.9038166999817,6.187640108942066,1,3.777221490057252
3272.9958720207214,6.177451139427777,1,3.782971169801882
3273.0738236904144,6.19273459369921,1,3.774346650184937
3273.183650493622,6.197829078456355,1,3.771471810312622
3273.261831998825,6.182545624184922,1,3.780096329929567
3273.340646982193,6.187640108942066,1,3.777221490057252
3273.432599544525,6.19273459369921,1,3.774346650184937
3273.5263476371765,6.187640108942066,1,3.777221490057252
3273.6059999465942,6.19273459369921,1,3.774346650184937
3273.683888196945,6.190187351320635,1,3.7757840701210963
3273.7626378536224,6.187640108942066,1,3.777221490057252
3273.842542886734,6.19273459369921,1,3.774346650184937
3273.919485807419,6.190187351320635,1,3.7757840701210963
3274.0106077194214,6.190187351320635,1,3.7757840701210963
3274.089246749878,6.202923563213499,1,3.768596970440307
3274.181630373001,6.187640108942066,1,3.777221490057252
3274.2602486610413,6.182545624184922,1,3.780096329929567
3274.3376924991608,6.205470805592068,1,3.767159550504151
3274.4297182559967,6.185092866563497,1,3.7786589099934074
3274.5081057548523,6.197829078456355,1,3.771471810312622
3274.600896835327,6.197829078456355,1,3.771471810312622
3274.693767786026,6.179998381806353,1,3.7815337498657224
3274.7728910446167,6.187640108942066,1,3.777221490057252
3274.881994485855,6.19273459369921,1,3.774346650184937
3274.9601118564606,6.187640108942066,1,3.777221490057252
3275.0383558273315,6.195281836077779,1,3.772909230248781
3275.130268573761,6.19273459369921,1,3.774346650184937
3275.2090442180634,6.190187351320635,1,3.7757840701210963
3275.285813331604,6.200376320834923,1,3.770034390376466
3275.3792407512665,6.179998381806353,1,3.7815337498657224
3275.4727964401245,6.195281836077779,1,3.772909230248781
3275.5498325824738,6.195281836077779,1,3.772909230248781
3275.6407730579376,6.202923563213499,1,3.768596970440307
3275.7182149887085,6.190187351320635,1,3.7757840701210963
3275.8097763061523,6.19273459369921,1,3.774346650184937
3275.887804031372,6.187640108942066,1,3.777221490057252
3275.9666731357574,6.197829078456355,1,3.771471810312622
3276.044979095459,6.19273459369921,1,3.774346650184937
3276.1234107017517,6.197829078456355,1,3.771471810312622
3276.201227426529,6.202923563213499,1,3.768596970440307
3276.292989253998,6.19273459369921,1,3.774346650184937
3276.3718407154083,6.195281836077779,1,3.772909230248781
3276.4498031139374,6.187640108942066,1,3.777221490057252
3276.5588932037354,6.182545624184922,1,3.780096329929567
3276.6388075351715,6.197829078456355,1,3.771471810312622
3276.7166390419006,6.190187351320635,1,3.7757840701210963
3276.8081591129303,6.202923563213499,1,3.768596970440307
3276.887966632843,6.200376320834923,1,3.770034390376466
3276.980758666992,6.185092866563497,1,3.7786589099934074
3277.0588898658752,6.2080180479706435,1,3.7657221305679918
3277.151715040207,6.2080180479706435,1,3.7657221305679918
3277.2285997867584,6.185092866563497,1,3.7786589099934074
3277.3206808567047,6.210565290349212,1,3.764284710631836
3277.398528814316,6.197829078456355,1,3.771471810312622
3277.491600036621,6.19273459369921,1,3.774346650184937
3277.5710129737854,6.210565290349212,1,3.764284710631836
3277.649898290634,6.19273459369921,1,3.774346650184937
3277.72670006752,6.210565290349212,1,3.764284710631836
3277.8055930137634,6.200376320834923,1,3.770034390376466
3277.8819839954376,6.197829078456355,1,3.771471810312622
3277.960767507553,6.19273459369921,1,3.774346650184937
3278.0555379390717,6.197829078456355,1,3.771471810312622
3278.162455558777,6.190187351320635,1,3.7757840701210963
3278.272713661194,6.205470805592068,1,3.767159550504151
3278.3519299030304,6.19273459369921,1,3.774346650184937
3278.428724050522,6.195281836077779,1,3.772909230248781
3278.521648645401,6.2080180479706435,1,3.7657221305679918
3278.598508119583,6.195281836077779,1,3.772909230248781
3278.676433324814,6.195281836077779,1,3.772909230248781
3278.754769563675,6.195281836077779,1,3.772909230248781
3278.847315311432,6.172356654670633,1,3.7858460096741973
3278.937821626663,6.202923563213499,1,3.768596970440307
3279.030646085739,6.200376320834923,1,3.770034390376466
3279.1246514320374,6.197829078456355,1,3.771471810312622
3279.219479084015,6.200376320834923,1,3.770034390376466
3279.3125264644623,6.19273459369921,1,3.774346650184937
3279.391647338867,6.187640108942066,1,3.777221490057252
3279.484435558319,6.205470805592068,1,3.767159550504151
3279.577688217163,6.179998381806353,1,3.7815337498657224
3279.671659708023,6.197829078456355,1,3.771471810312622
3279.749985933304,6.190187351320635,1,3.7757840701210963
3279.84064412117,6.195281836077779,1,3.772909230248781
3279.9198672771454,6.197829078456355,1,3.771471810312622
3280.0280351638794,6.187640108942066,1,3.777221490057252
3280.105167388916,6.190187351320635,1,3.7757840701210963
3280.1990990638733,6.190187351320635,1,3.7757840701210963
3280.2769391536713,6.19273459369921,1,3.774346650184937
3280.3721215724945,6.19273459369921,1,3.774346650184937
3280.465591430664,6.177451139427777,1,3.782971169801882
3280.5436861515045,6.182545624184922,1,3.780096329929567
3280.638742208481,6.195281836077779,1,3.772909230248781
3280.7315254211426,6.174903897049209,1,3.7844085897380375
3280.8263027668,6.195281836077779,1,3.772909230248781
3280.9200258255005,6.185092866563497,1,3.7786589099934074
3281.0118613243103,6.179998381806353,1,3.7815337498657224
3281.089818716049,6.200376320834923,1,3.770034390376466
3281.181967973709,6.19273459369921,1,3.774346650184937
3281.260786294937,6.182545624184922,1,3.780096329929567
3281.3398900032043,6.19273459369921,1,3.774346650184937
3281.415940284729,6.185092866563497,1,3.7786589099934074
3281.5080468654633,6.185092866563497,1,3.7786589099934074
3281.587839126587,6.19273459369921,1,3.774346650184937
3281.664880514145,6.182545624184922,1,3.780096329929567
3281.774824619293,6.19273459369921,1,3.774346650184937
3281.8526606559753,6.190187351320635,1,3.7757840701210963
3281.9453670978546,6.187640108942066,1,3.777221490057252
3282.0401589870453,6.200376320834923,1,3.770034390376466
3282.1170160770416,6.190187351320635,1,3.7757840701210963
3282.196923017502,6.185092866563497,1,3.7786589099934074
3282.2880029678345,6.19273459369921,1,3.774346650184937
3282.3640563488007,6.19273459369921,1,3.774346650184937
3282.4412519931793,6.185092866563497,1,3.7786589099934074
3282.5181617736816,6.202923563213499,1,3.768596970440307
3282.5959961414337,6.19273459369921,1,3.774346650184937
3282.687819004059,6.197829078456355,1,3.771471810312622
3282.766761779785,6.190187351320635,1,3.7757840701210963
3282.8597445487976,6.197829078456355,1,3.771471810312622
3282.9375183582306,6.190187351320635,1,3.7757840701210963
3283.0163774490356,6.19273459369921,1,3.774346650184937
3283.1100239753723,6.19273459369921,1,3.774346650184937
3283.2038123607635,6.202923563213499,1,3.768596970440307
3283.2816832065582,6.187640108942066,1,3.777221490057252
3283.358744621277,6.195281836077779,1,3.772909230248781
3283.468780040741,6.197829078456355,1,3.771471810312622
3283.545736312866,6.182545624184922,1,3.780096329929567
3283.6227293014526,6.202923563213499,1,3.768596970440307
3283.7158946990967,6.19273459369921,1,3.774346650184937
3283.808512687683,6.19273459369921,1,3.774346650184937
3283.886384010315,6.182545624184922,1,3.780096329929567
3283.9633350372314,6.187640108942066,1,3.777221490057252
3284.039406776428,6.197829078456355,1,3.771471810312622
3284.118020296097,6.19273459369921,1,3.774346650184937
3284.196013689041,6.185092866563497,1,3.7786589099934074
3284.272917985916,6.19273459369921,1,3.774346650184937
3284.350692510605,6.195281836077779,1,3.772909230248781
3284.427640914917,6.179998381806353,1,3.7815337498657224
3284.520576238632,6.197829078456355,1,3.771471810312622
3284.597657442093,6.197829078456355,1,3.771471810312622
3284.688584089279,6.200376320834923,1,3.770034390376466
3284.7656230926514,6.197829078456355,1,3.771471810312622
3284.842674970627,6.190187351320635,1,3.7757840701210963
3284.935887813568,6.187640108942066,1,3.777221490057252
3285.0158109664917,6.185092866563497,1,3.7786589099934074
3285.1254711151123,6.205470805592068,1,3.767159550504151
3285.2028748989105,6.19273459369921,1,3.774346650184937
3285.281635761261,6.19273459369921,1,3.774346650184937
3285.360449075699,6.197829078456355,1,3.771471810312622
3285.45223736763,6.190187351320635,1,3.7757840701210963
3285.531633377075,6.19273459369921,1,3.774346650184937
3285.6084723472595,6.19273459369921,1,3.774346650184937
3285.7002079486847,6.19273459369921,1,3.774346650184937
3285.780136346817,6.177451139427777,1,3.782971169801882
3285.856716632843,6.19273459369921,1,3.774346650184937
3285.9350006580353,6.195281836077779,1,3.772909230248781
3286.0287325382233,6.182545624184922,1,3.780096329929567
3286.122482776642,6.195281836077779,1,3.772909230248781
3286.2174501419067,6.182545624184922,1,3.780096329929567
3286.2954058647156,6.187640108942066,1,3.777221490057252
3286.38689160347,6.197829078456355,1,3.771471810312622
3286.4662277698517,6.19273459369921,1,3.774346650184937
3286.5592033863068,6.197829078456355,1,3.771471810312622
3286.637856245041,6.197829078456355,1,3.771471810312622
3286.714750766754,6.187640108942066,1,3.777221490057252
3286.8231699466705,6.200376320834923,1,3.770034390376466
3286.9009442329407,6.195281836077779,1,3.772909230248781
3286.9790422916412,6.182545624184922,1,3.780096329929567
3287.056791782379,6.187640108942066,1,3.777221490057252
3287.149586200714,6.197829078456355,1,3.771471810312622
3287.2438514232635,6.190187351320635,1,3.7757840701210963
3287.335701227188,6.19273459369921,1,3.774346650184937
3287.4135427474976,6.179998381806353,1,3.7815337498657224
3287.490719795227,6.205470805592068,1,3.767159550504151
3287.5846993923187,6.200376320834923,1,3.770034390376466
3287.6804196834564,6.179998381806353,1,3.7815337498657224
3287.7582836151123,6.190187351320635,1,3.7757840701210963
3287.836241006851,6.185092866563497,1,3.7786589099934074
3287.915603876114,6.202923563213499,1,3.768596970440307
3287.992732524872,6.182545624184922,1,3.780096329929567
3288.0724472999573,6.197829078456355,1,3.771471810312622
3288.166835784912,6.19273459369921,1,3.774346650184937
3288.244641304016,6.19273459369921,1,3.774346650184937
3288.3393878936768,6.197829078456355,1,3.771471810312622
3288.4322583675385,6.197829078456355,1,3.771471810312622
3288.5420339107513,6.195281836077779,1,3.772909230248781
3288.621873140335,6.2156597751063565,1,3.761409870759521
3288.6983914375305,6.19273459369921,1,3.774346650184937
3288.7783279418945,6.228395986999214,1,3.7542227710787355
3288.8571944236755,6.197829078456355,1,3.771471810312622
3288.949954032898,6.202923563213499,1,3.768596970440307
3289.0267341136932,6.167262169913489,1,3.788720849546512
3289.104580640793,6.205470805592068,1,3.767159550504151
3289.1974341869354,6.182545624184922,1,3.780096329929567
3289.275873184204,6.197829078456355,1,3.771471810312622
3289.3548669815063,6.200376320834923,1,3.770034390376466
3289.4341204166412,6.2080180479706435,1,3.7657221305679918
3289.529862165451,6.190187351320635,1,3.7757840701210963
3289.621844768524,6.218207017484925,1,3.7599724508233656
3289.698778629303,6.19273459369921,1,3.774346650184937
3289.776609182358,6.187640108942066,1,3.777221490057252
3289.8688440322876,6.2156597751063565,1,3.761409870759521
3289.9462463855743,6.19273459369921,1,3.774346650184937
3290.0389614105225,6.218207017484925,1,3.7599724508233656
3290.130815267563,6.200376320834923,1,3.770034390376466
3290.2370619773865,6.2080180479706435,1,3.7657221305679918
3290.328322649002,6.200376320834923,1,3.770034390376466
3290.406086206436,6.202923563213499,1,3.768596970440307
3290.4856379032135,6.202923563213499,1,3.768596970440307
3290.562941789627,6.197829078456355,1,3.771471810312622
3290.656587600708,6.200376320834923,1,3.770034390376466
3290.7345027923584,6.202923563213499,1,3.768596970440307
3290.8269329071045,6.195281836077779,1,3.772909230248781
3290.9068627357483,6.19273459369921,1,3.774346650184937
3290.9847712516785,6.202923563213499,1,3.768596970440307
3291.061798810959,6.195281836077779,1,3.772909230248781
3291.15496635437,6.205470805592068,1,3.767159550504151
3291.2323780059814,6.200376320834923,1,3.770034390376466
3291.310294151306,6.200376320834923,1,3.770034390376466
3291.3881390094757,6.195281836077779,1,3.772909230248781
3291.480049133301,6.197829078456355,1,3.771471810312622
3291.5590620040894,6.200376320834923,1,3.770034390376466
3291.6517844200134,6.205470805592068,1,3.767159550504151
3291.7306146621704,6.190187351320635,1,3.7757840701210963
3291.8260340690613,6.187640108942066,1,3.777221490057252
3291.935527086258,6.2080180479706435,1,3.7657221305679918
3292.014779806137,6.200376320834923,1,3.770034390376466
3292.09285736084,6.19273459369921,1,3.774346650184937
3292.1703457832336,6.213112532727788,1,3.7628472906956767
3292.2481637001038,6.182545624184922,1,3.780096329929567
3292.325920820236,6.210565290349212,1,3.764284710631836
3292.4021611213684,6.200376320834923,1,3.770034390376466
3292.494790315628,6.197829078456355,1,3.771471810312622
3292.5746862888336,6.197829078456355,1,3.771471810312622
3292.667967557907,6.202923563213499,1,3.768596970440307
3292.746593952179,6.195281836077779,1,3.772909230248781
3292.824567079544,6.200376320834923,1,3.770034390376466
3292.918557405472,6.202923563213499,1,3.768596970440307
3293.01318192482,6.195281836077779,1,3.772909230248781
3293.090400457382,6.195281836077779,1,3.772909230248781
3293.1831905841827,6.202923563213499,1,3.768596970440307
3293.262068748474,6.190187351320635,1,3.7757840701210963
3293.3409497737885,6.19273459369921,1,3.774346650184937
3293.4178309440613,6.2080180479706435,1,3.7657221305679918
3293.509381532669,6.205470805592068,1,3.767159550504151
3293.6181411743164,6.195281836077779,1,3.772909230248781
3293.697953939438,6.197829078456355,1,3.771471810312622
3293.7767939567566,6.205470805592068,1,3.767159550504151
3293.8536891937256,6.202923563213499,1,3.768596970440307
3293.933434009552,6.2080180479706435,1,3.7657221305679918
3294.026286125183,6.202923563213499,1,3.768596970440307
3294.118902683258,6.205470805592068,1,3.767159550504151
3294.197678565979,6.182545624184922,1,3.780096329929567
3294.2737390995026,6.195281836077779,1,3.772909230248781
3294.351648569107,6.2080180479706435,1,3.7657221305679918
3294.4307107925415,6.197829078456355,1,3.771471810312622
3294.508505821228,6.195281836077779,1,3.772909230248781
3294.599427461624,6.190187351320635,1,3.7757840701210963
3294.6927967071533,6.190187351320635,1,3.7757840701210963
3294.769038915634,6.2080180479706435,1,3.7657221305679918
3294.8468403816223,6.190187351320635,1,3.7757840701210963
3294.9246361255646,6.2156597751063565,1,3.761409870759521
3295.0176503658295,6.220754259863501,1,3.758535030887206
3295.0946366786957,6.190187351320635,1,3.7757840701210963
3295.1873908042908,6.202923563213499,1,3.768596970440307
3295.2966339588165,6.197829078456355,1,3.771471810312622
3295.3886489868164,6.205470805592068,1,3.767159550504151
3295.481606245041,6.197829078456355,1,3.771471810312622
3295.5615158081055,6.197829078456355,1,3.771471810312622
3295.6548635959625,6.202923563213499,1,3.768596970440307
3295.731644153595,6.200376320834923,1,3.770034390376466
3295.824462890625,6.213112532727788,1,3.7628472906956767
3295.902674674988,6.210565290349212,1,3.764284710631836
3295.9952354431152,6.210565290349212,1,3.764284710631836
3296.0729637145996,6.2080180479706435,1,3.7657221305679918
3296.1651263237,6.200376320834923,1,3.770034390376466
3296.2428295612335,6.205470805592068,1,3.767159550504151
3296.3349792957306,6.205470805592068,1,3.767159550504151
3296.427279472351,6.197829078456355,1,3.771471810312622
3296.5071136951447,6.2156597751063565,1,3.761409870759521
3296.584337949753,6.2080180479706435,1,3.7657221305679918
3296.6768877506256,6.202923563213499,1,3.768596970440307
3296.768842935562,6.2156597751063565,1,3.761409870759521
3296.8598630428314,6.205470805592068,1,3.767159550504151
3296.938051700592,6.205470805592068,1,3.767159550504151
3297.047443628311,6.2080180479706435,1,3.7657221305679918
3297.1248285770416,6.2156597751063565,1,3.761409870759521
3297.202865123749,6.205470805592068,1,3.767159550504151
3297.2818217277527,6.213112532727788,1,3.7628472906956767
3297.359065771103,6.2080180479706435,1,3.7657221305679918
3297.4537975788116,6.210565290349212,1,3.764284710631836
3297.5466678142548,6.213112532727788,1,3.7628472906956767
3297.6250450611115,6.19273459369921,1,3.774346650184937
3297.7171750068665,6.210565290349212,1,3.764284710631836
3297.811042547226,6.202923563213499,1,3.768596970440307
3297.889839887619,6.200376320834923,1,3.770034390376466
3297.967736721039,6.197829078456355,1,3.771471810312622
3298.059776544571,6.197829078456355,1,3.771471810312622
3298.1387591362,6.213112532727788,1,3.7628472906956767
3298.2165665626526,6.202923563213499,1,3.768596970440307
3298.3087062835693,6.213112532727788,1,3.7628472906956767
3298.388700246811,6.2080180479706435,1,3.7657221305679918
3298.4805982112885,6.187640108942066,1,3.777221490057252
3298.560194015503,6.202923563213499,1,3.768596970440307
3298.6539709568024,6.2080180479706435,1,3.7657221305679918
3298.7629091739655,6.202923563213499,1,3.768596970440307
3298.8425142765045,6.202923563213499,1,3.768596970440307
3298.9211885929108,6.213112532727788,1,3.7628472906956767
3298.997734308243,6.19273459369921,1,3.774346650184937
3299.089171886444,6.213112532727788,1,3.7628472906956767
3299.166208744049,6.2080180479706435,1,3.7657221305679918
3299.2429852485657,6.197829078456355,1,3.771471810312622
3299.336314201355,6.213112532727788,1,3.7628472906956767
3299.4291746616364,6.185092866563497,1,3.7786589099934074
3299.506981611252,6.202923563213499,1,3.768596970440307
3299.5863497257233,6.2080180479706435,1,3.7657221305679918
3299.67870759964,6.190187351320635,1,3.7757840701210963
3299.757084608078,6.205470805592068,1,3.767159550504151
3299.8518946170807,6.205470805592068,1,3.767159550504151
3299.9289844036102,6.195281836077779,1,3.772909230248781
3300.0087711811066,6.202923563213499,1,3.768596970440307
3300.086663007736,6.210565290349212,1,3.764284710631836
3300.164485692978,6.197829078456355,1,3.771471810312622
3300.241564512253,6.202923563213499,1,3.768596970440307
3300.319808483124,6.205470805592068,1,3.767159550504151
3300.4278903007507,6.187640108942066,1,3.777221490057252
3300.5039715766907,6.213112532727788,1,3.7628472906956767
3300.5937926769257,6.2080180479706435,1,3.7657221305679918
3300.6706223487854,6.195281836077779,1,3.772909230248781
3300.749696969986,6.205470805592068,1,3.767159550504151
3300.8408195972443,6.19273459369921,1,3.774346650184937
3300.9345514774323,6.2156597751063565,1,3.761409870759521
3301.027564048767,6.202923563213499,1,3.768596970440307
3301.104397058487,6.200376320834923,1,3.770034390376466
3301.183738708496,6.200376320834923,1,3.770034390376466
3301.2622168064117,6.195281836077779,1,3.772909230248781
3301.339623451233,6.202923563213499,1,3.768596970440307
3301.4164423942566,6.2156597751063565,1,3.761409870759521
3301.495523929596,6.19273459369921,1,3.774346650184937
3301.57279419899,6.2080180479706435,1,3.7657221305679918
3301.667904615402,6.2156597751063565,1,3.761409870759521
3301.761040687561,6.2080180479706435,1,3.7657221305679918
3301.852868080139,6.2080180479706435,1,3.7657221305679918
3301.9306745529175,6.19273459369921,1,3.774346650184937
3302.008699655533,6.202923563213499,1,3.768596970440307
3302.135000228882,6.197829078456355,1,3.771471810312622
3302.2290670871735,6.200376320834923,1,3.770034390376466
3302.306895494461,6.200376320834923,1,3.770034390376466
3302.3844544887543,6.202923563213499,1,3.768596970440307
3302.4766550064087,6.195281836077779,1,3.772909230248781
3302.555650949478,6.210565290349212,1,3.764284710631836
3302.633026123047,6.197829078456355,1,3.771471810312622
3302.7102172374725,6.197829078456355,1,3.771471810312622
3302.7868320941925,6.202923563213499,1,3.768596970440307
3302.86483335495,6.187640108942066,1,3.777221490057252
3302.9429545402527,6.197829078456355,1,3.771471810312622
3303.035249710083,6.202923563213499,1,3.768596970440307
3303.114031791687,6.202923563213499,1,3.768596970440307
3303.206293106079,6.218207017484925,1,3.7599724508233656
3303.2860124111176,6.202923563213499,1,3.768596970440307
3303.364205121994,6.195281836077779,1,3.772909230248781
3303.455450296402,6.202923563213499,1,3.768596970440307
3303.5341725349426,6.2080180479706435,1,3.7657221305679918
3303.6244566440582,6.200376320834923,1,3.770034390376466
3303.7007191181183,6.195281836077779,1,3.772909230248781
3303.811897754669,6.19273459369921,1,3.774346650184937
3303.8900117874146,6.197829078456355,1,3.771471810312622
3303.9680094718933,6.2080180479706435,1,3.7657221305679918
3304.047176361084,6.197829078456355,1,3.771471810312622
3304.123804330826,6.2080180479706435,1,3.7657221305679918
3304.2016427516937,6.2156597751063565,1,3.761409870759521
3304.281501531601,6.197829078456355,1,3.771471810312622
3304.3742957115173,6.205470805592068,1,3.767159550504151
3304.4533307552338,6.2080180479706435,1,3.7657221305679918
3304.5307376384735,6.195281836077779,1,3.772909230248781
3304.607629299164,6.205470805592068,1,3.767159550504151
3304.68616604805,6.197829078456355,1,3.771471810312622
3304.7640495300293,6.190187351320635,1,3.7757840701210963
3304.8568222522736,6.19273459369921,1,3.774346650184937
3304.933678627014,6.218207017484925,1,3.7599724508233656
3305.0107052326202,6.202923563213499,1,3.768596970440307
3305.1016778945923,6.200376320834923,1,3.770034390376466
3305.1806898117065,6.195281836077779,1,3.772909230248781
3305.2735102176666,6.202923563213499,1,3.768596970440307
3305.3660686016083,6.2080180479706435,1,3.7657221305679918
3305.475529193878,6.19273459369921,1,3.774346650184937
3305.5662405490875,6.195281836077779,1,3.772909230248781
3305.6456129550934,6.187640108942066,1,3.777221490057252
3305.72301030159,6.218207017484925,1,3.7599724508233656
3305.7989373207092,6.202923563213499,1,3.768596970440307
3305.8768033981323,6.200376320834923,1,3.770034390376466
3305.955627679825,6.220754259863501,1,3.758535030887206
3306.03178691864,6.210565290349212,1,3.764284710631836
3306.10981464386,6.197829078456355,1,3.771471810312622
3306.2006752490997,6.202923563213499,1,3.768596970440307
3306.2806277275085,6.202923563213499,1,3.768596970440307
3306.371702671051,6.220754259863501,1,3.758535030887206
3306.4495673179626,6.205470805592068,1,3.767159550504151
3306.5286848545074,6.202923563213499,1,3.768596970440307
3306.6084208488464,6.2080180479706435,1,3.7657221305679918
3306.702131509781,6.210565290349212,1,3.764284710631836
3306.7971048355103,6.190187351320635,1,3.7757840701210963
3306.8761615753174,6.202923563213499,1,3.768596970440307
3306.9538621902466,6.210565290349212,1,3.764284710631836
3307.0307466983795,6.19273459369921,1,3.774346650184937
3307.1394884586334,6.202923563213499,1,3.768596970440307
3307.219354391098,6.2233015022420695,1,3.7570976109510505
3307.31117105484,6.202923563213499,1,3.768596970440307
3307.402565717697,6.205470805592068,1,3.767159550504151
3307.495247364044,6.2156597751063565,1,3.761409870759521
3307.5748200416565,6.2156597751063565,1,3.761409870759521
3307.653018951416,6.2233015022420695,1,3.7570976109510505
3307.7328956127167,6.218207017484925,1,3.7599724508233656
3307.8254981040955,6.213112532727788,1,3.7628472906956767
3307.9197664260864,6.220754259863501,1,3.758535030887206
3308.013617038727,6.190187351320635,1,3.7757840701210963
3308.091554880142,6.205470805592068,1,3.767159550504151
3308.170044183731,6.2233015022420695,1,3.7570976109510505
3308.248419523239,6.19273459369921,1,3.774346650184937
3308.341815471649,6.202923563213499,1,3.768596970440307
3308.420531272888,6.220754259863501,1,3.758535030887206
3308.514425754547,6.190187351320635,1,3.7757840701210963
3308.5909407138824,6.210565290349212,1,3.764284710631836
3308.6690199375153,6.202923563213499,1,3.768596970440307
3308.7479553222656,6.205470805592068,1,3.767159550504151
3308.857744693756,6.2156597751063565,1,3.761409870759521
3308.9500572681427,6.200376320834923,1,3.770034390376466
3309.041239976883,6.202923563213499,1,3.768596970440307
3309.1210470199585,6.218207017484925,1,3.7599724508233656
3309.2004811763763,6.218207017484925,1,3.7599724508233656
3309.2773950099945,6.205470805592068,1,3.767159550504151
3309.354973077774,6.220754259863501,1,3.758535030887206
3309.4320776462555,6.210565290349212,1,3.764284710631836
3309.5090610980988,6.205470805592068,1,3.767159550504151
3309.58834028244,6.225848744620645,1,3.755660191014891
3309.668363571167,6.213112532727788,1,3.7628472906956767
3309.758882045746,6.197829078456355,1,3.771471810312622
3309.8382325172424,6.213112532727788,1,3.7628472906956767
3309.9160389900208,6.205470805592068,1,3.767159550504151
3310.0086147785187,6.205470805592068,1,3.767159550504151
3310.1083443164825,6.218207017484925,1,3.7599724508233656
3310.194848537445,6.213112532727788,1,3.7628472906956767
3310.2708311080933,6.2080180479706435,1,3.7657221305679918
3310.3497018814087,6.205470805592068,1,3.767159550504151
3310.441392183304,6.202923563213499,1,3.768596970440307
3310.5493619441986,6.2080180479706435,1,3.7657221305679918
3310.642277956009,6.218207017484925,1,3.7599724508233656
3310.72008562088,6.220754259863501,1,3.758535030887206
3310.79696059227,6.195281836077779,1,3.772909230248781
3310.87477684021,6.205470805592068,1,3.767159550504151
3310.9525995254517,6.220754259863501,1,3.758535030887206
3311.030459880829,6.205470805592068,1,3.767159550504151
3311.107675075531,6.2080180479706435,1,3.7657221305679918
3311.187479019165,6.202923563213499,1,3.768596970440307
3311.2833518981934,6.213112532727788,1,3.7628472906956767
3311.3601105213165,6.213112532727788,1,3.7628472906956767
3311.4541597366333,6.210565290349212,1,3.764284710631836
3311.532837867737,6.218207017484925,1,3.7599724508233656
3311.60963845253,6.2233015022420695,1,3.7570976109510505
3311.702903985977,6.197829078456355,1,3.771471810312622
3311.782832145691,6.2080180479706435,1,3.7657221305679918
3311.860664129257,6.202923563213499,1,3.768596970440307
3311.938093185425,6.2080180479706435,1,3.7657221305679918
3312.016152858734,6.205470805592068,1,3.767159550504151
3312.0936319828033,6.187640108942066,1,3.777221490057252
3312.2035365104675,6.213112532727788,1,3.7628472906956767
3312.2956244945526,6.205470805592068,1,3.767159550504151
3312.3754110336304,6.197829078456355,1,3.771471810312622
3312.4681980609894,6.213112532727788,1,3.7628472906956767
3312.5451605319977,6.2080180479706435,1,3.7657221305679918
3312.6226313114166,6.218207017484925,1,3.7599724508233656
3312.7016367912292,6.2080180479706435,1,3.7657221305679918
3312.7778849601746,6.2080180479706435,1,3.7657221305679918
3312.855794429779,6.213112532727788,1,3.7628472906956767
3312.935576915741,6.202923563213499,1,3.768596970440307
3313.028868198395,6.197829078456355,1,3.771471810312622
3313.1087136268616,6.2233015022420695,1,3.7570976109510505
3313.203505754471,6.220754259863501,1,3.758535030887206
3313.2816984653473,6.210565290349212,1,3.764284710631836
3313.3745896816254,6.210565290349212,1,3.764284710631836
3313.465840816498,6.210565290349212,1,3.764284710631836
3313.5596277713776,6.210565290349212,1,3.764284710631836
3313.63894367218,6.218207017484925,1,3.7599724508233656
3313.7168691158295,6.218207017484925,1,3.7599724508233656
3313.795628786087,6.2156597751063565,1,3.761409870759521
3313.905443429947,6.233490471756358,1,3.7513479312064204
3313.9823524951935,6.205470805592068,1,3.767159550504151
3314.061801671982,6.210565290349212,1,3.764284710631836
3314.1538462638855,6.220754259863501,1,3.758535030887206
3314.231812953949,6.2233015022420695,1,3.7570976109510505
3314.311635017395,6.202923563213499,1,3.768596970440307
3314.389865875244,6.233490471756358,1,3.7513479312064204
3314.4686200618744,6.228395986999214,1,3.7542227710787355
3314.5624120235443,6.210565290349212,1,3.764284710631836
3314.654581308365,6.2233015022420695,1,3.7570976109510505
3314.7476904392242,6.213112532727788,1,3.7628472906956767
3314.8396050930023,6.210565290349212,1,3.764284710631836
3314.9184353351593,6.213112532727788,1,3.7628472906956767
3314.9979286193848,6.2080180479706435,1,3.7657221305679918
3315.0766429901123,6.213112532727788,1,3.7628472906956767
3315.1545581817627,6.2233015022420695,1,3.7570976109510505
3315.2333478927612,6.2156597751063565,1,3.761409870759521
3315.3260843753815,6.2080180479706435,1,3.7657221305679918
3315.402402639389,6.213112532727788,1,3.7628472906956767
3315.482203245163,6.210565290349212,1,3.764284710631836
3315.5903646945953,6.205470805592068,1,3.767159550504151
3315.683348417282,6.202923563213499,1,3.768596970440307
3315.761302947998,6.213112532727788,1,3.7628472906956767
3315.855010986328,6.2156597751063565,1,3.761409870759521
3315.932810306549,6.205470805592068,1,3.767159550504151
3316.0250849723816,6.2080180479706435,1,3.7657221305679918
3316.103348016739,6.2156597751063565,1,3.761409870759521
3316.182137966156,6.220754259863501,1,3.758535030887206
3316.2595937252045,6.220754259863501,1,3.758535030887206
3316.3376138210297,6.2233015022420695,1,3.7570976109510505
3316.41642165184,6.205470805592068,1,3.767159550504151
3316.5083916187286,6.2156597751063565,1,3.761409870759521
3316.5862782001495,6.220754259863501,1,3.758535030887206
3316.679697036743,6.218207017484925,1,3.7599724508233656
3316.7728219032288,6.2156597751063565,1,3.761409870759521
3316.8517439365387,6.220754259863501,1,3.758535030887206
3316.946555376053,6.2156597751063565,1,3.761409870759521
3317.040642976761,6.218207017484925,1,3.7599724508233656
3317.118551492691,6.213112532727788,1,3.7628472906956767
3317.2091126441956,6.210565290349212,1,3.764284710631836
3317.317531824112,6.220754259863501,1,3.758535030887206
3317.3959770202637,6.210565290349212,1,3.764284710631836
3317.4885885715485,6.213112532727788,1,3.7628472906956767
3317.567975759506,6.213112532727788,1,3.7628472906956767
3317.65957736969,6.2156597751063565,1,3.761409870759521
3317.7376594543457,6.2156597751063565,1,3.761409870759521
3317.815146923065,6.202923563213499,1,3.768596970440307
3317.907966375351,6.218207017484925,1,3.7599724508233656
3317.985775709152,6.2309432293777895,1,3.7527853511425757
3318.078287601471,6.218207017484925,1,3.7599724508233656
3318.17080950737,6.2233015022420695,1,3.7570976109510505
3318.2487757205963,6.213112532727788,1,3.7628472906956767
3318.3285768032074,6.2156597751063565,1,3.761409870759521
3318.4064934253693,6.2156597751063565,1,3.761409870759521
3318.4998545646667,6.2156597751063565,1,3.761409870759521
3318.5771119594574,6.218207017484925,1,3.7599724508233656
3318.668876886368,6.218207017484925,1,3.7599724508233656
3318.748146057129,6.2156597751063565,1,3.761409870759521
3318.840782403946,6.225848744620645,1,3.755660191014891
3318.933990240097,6.220754259863501,1,3.758535030887206
3319.0423922538757,6.2233015022420695,1,3.7570976109510505
3319.120813369751,6.233490471756358,1,3.7513479312064204
3319.2006380558014,6.2309432293777895,1,3.7527853511425757
3319.2956387996674,6.213112532727788,1,3.7628472906956767
3319.3752057552338,6.213112532727788,1,3.7628472906956767
3319.4521956443787,6.2156597751063565,1,3.761409870759521
3319.5427758693695,6.218207017484925,1,3.7599724508233656
3319.6218073368073,6.213112532727788,1,3.7628472906956767
3319.7001407146454,6.2233015022420695,1,3.7570976109510505
3319.7916147708893,6.213112532727788,1,3.7628472906956767
3319.8691306114197,6.218207017484925,1,3.7599724508233656
3319.9464588165283,6.2080180479706435,1,3.7657221305679918
3320.0238065719604,6.225848744620645,1,3.755660191014891
3320.1038210392,6.205470805592068,1,3.767159550504151
3320.1836981773376,6.213112532727788,1,3.7628472906956767
3320.2615084648132,6.210565290349212,1,3.764284710631836
3320.355257987976,6.213112532727788,1,3.7628472906956767
3320.4343478679657,6.210565290349212,1,3.764284710631836
3320.527272462845,6.210565290349212,1,3.764284710631836
3320.604654073715,6.225848744620645,1,3.755660191014891
3320.7289843559265,6.2233015022420695,1,3.7570976109510505
3320.8054304122925,6.2233015022420695,1,3.7570976109510505
3320.884649038315,6.220754259863501,1,3.758535030887206
3320.977550983429,6.213112532727788,1,3.7628472906956767
3321.0536336898804,6.2233015022420695,1,3.7570976109510505
3321.1326134204865,6.213112532727788,1,3.7628472906956767
3321.21049118042,6.213112532727788,1,3.7628472906956767
3321.290469646454,6.2233015022420695,1,3.7570976109510505
3321.370354413986,6.213112532727788,1,3.7628472906956767
3321.4462280273438,6.218207017484925,1,3.7599724508233656
3321.538794517517,6.218207017484925,1,3.7599724508233656
3321.630633831024,6.205470805592068,1,3.767159550504151
3321.708252429962,6.218207017484925,1,3.7599724508233656
3321.7858715057373,6.2233015022420695,1,3.7570976109510505
3321.8776636123657,6.213112532727788,1,3.7628472906956767
3321.956687927246,6.225848744620645,1,3.755660191014891
3322.033691883087,6.218207017484925,1,3.7599724508233656
3322.10955953598,6.218207017484925,1,3.7599724508233656
3322.188399553299,6.218207017484925,1,3.7599724508233656
3322.2653172016144,6.210565290349212,1,3.764284710631836
3322.3748681545258,6.228395986999214,1,3.7542227710787355
3322.4537167549133,6.2233015022420695,1,3.7570976109510505
3322.5328040122986,6.213112532727788,1,3.7628472906956767
3322.6242849826813,6.2309432293777895,1,3.7527853511425757
3322.718415260315,6.233490471756358,1,3.7513479312064204
3322.8104345798492,6.210565290349212,1,3.764284710631836
3322.887771129608,6.2233015022420695,1,3.7570976109510505
3322.981043100357,6.2080180479706435,1,3.7657221305679918
3323.057075023651,6.228395986999214,1,3.7542227710787355
3323.1365146636963,6.225848744620645,1,3.755660191014891
3323.215093612671,6.213112532727788,1,3.7628472906956767
3323.3068754673004,6.2385849565135025,1,3.7484730913341053
3323.3861107826233,6.2233015022420695,1,3.7570976109510505
3323.4651188850403,6.220754259863501,1,3.758535030887206
3323.5576117038727,6.220754259863501,1,3.758535030887206
3323.650932788849,6.218207017484925,1,3.7599724508233656
3323.743244409561,6.218207017484925,1,3.7599724508233656
3323.836885213852,6.2385849565135025,1,3.7484730913341053
3323.931223154068,6.202923563213499,1,3.768596970440307
3324.0235245227814,6.2309432293777895,1,3.7527853511425757
3324.133889198303,6.2309432293777895,1,3.7527853511425757
3324.20938372612,6.225848744620645,1,3.755660191014891
3324.288539648056,6.228395986999214,1,3.7542227710787355
3324.3678784370422,6.2233015022420695,1,3.7570976109510505
3324.4452950954437,6.2080180479706435,1,3.7657221305679918
3324.537600040436,6.236037714134934,1,3.7499105112702606
3324.616413831711,6.2080180479706435,1,3.7657221305679918
3324.6933312416077,6.2233015022420695,1,3.7570976109510505
3324.7712445259094,6.220754259863501,1,3.758535030887206
3324.8502089977264,6.210565290349212,1,3.764284710631836
3324.940690279007,6.220754259863501,1,3.758535030887206
3325.0345351696014,6.218207017484925,1,3.7599724508233656
3325.1140348911285,6.205470805592068,1,3.767159550504151
3325.2045958042145,6.2233015022420695,1,3.7570976109510505
3325.2963502407074,6.210565290349212,1,3.764284710631836
3325.373378276825,6.225848744620645,1,3.755660191014891
3325.4507114887238,6.225848744620645,1,3.755660191014891
3325.5275497436523,6.218207017484925,1,3.7599724508233656
3325.605240345001,6.218207017484925,1,3.7599724508233656
3325.684177160263,6.2233015022420695,1,3.7570976109510505
3325.795008659363,6.218207017484925,1,3.7599724508233656
3325.8729672431946,6.2233015022420695,1,3.7570976109510505
3325.9500002861023,6.210565290349212,1,3.764284710631836
3326.043801546097,6.213112532727788,1,3.7628472906956767
3326.137546300888,6.2385849565135025,1,3.7484730913341053
3326.217497110367,6.220754259863501,1,3.758535030887206
3326.295836210251,6.225848744620645,1,3.755660191014891
3326.3870191574097,6.220754259863501,1,3.758535030887206
3326.478904724121,6.213112532727788,1,3.7628472906956767
3326.555685043335,6.2233015022420695,1,3.7570976109510505
3326.6335883140564,6.264057380299224,1,3.73409889197253
3326.7134211063385,6.2080180479706435,1,3.7657221305679918
3326.7912545204163,6.233490471756358,1,3.7513479312064204
3326.8847811222076,6.225848744620645,1,3.755660191014891
3326.963822364807,6.2233015022420695,1,3.7570976109510505
3327.041105747223,6.220754259863501,1,3.758535030887206
3327.1208794116974,6.241132198892078,1,3.7470356713979456
3327.1980175971985,6.213112532727788,1,3.7628472906956767
3327.2908318042755,6.220754259863501,1,3.758535030887206
3327.3836846351624,6.218207017484925,1,3.7599724508233656
3327.4917924404144,6.220754259863501,1,3.758535030887206
3327.569041490555,6.228395986999214,1,3.7542227710787355
3327.648827314377,6.220754259863501,1,3.758535030887206
3327.725697517395,6.2156597751063565,1,3.761409870759521
3327.818578004837,6.2309432293777895,1,3.7527853511425757
3327.896987438202,6.2080180479706435,1,3.7657221305679918
3327.974662065506,6.233490471756358,1,3.7513479312064204
3328.0535390377045,6.225848744620645,1,3.755660191014891
3328.1331675052643,6.205470805592068,1,3.767159550504151
3328.2095069885254,6.2309432293777895,1,3.7527853511425757
3328.2890622615814,6.228395986999214,1,3.7542227710787355
3328.3689064979553,6.2385849565135025,1,3.7484730913341053
3328.4768137931824,6.220754259863501,1,3.758535030887206
3328.5537898540497,6.233490471756358,1,3.7513479312064204
3328.632797241211,6.2233015022420695,1,3.7570976109510505
3328.7097165584564,6.218207017484925,1,3.7599724508233656
3328.789758205414,6.225848744620645,1,3.755660191014891
3328.868829011917,6.225848744620645,1,3.755660191014891
3328.9459838867188,6.228395986999214,1,3.7542227710787355
3329.024032831192,6.2233015022420695,1,3.7570976109510505
3329.132823228836,6.2233015022420695,1,3.7570976109510505
3329.2107717990875,6.2156597751063565,1,3.761409870759521
3329.2889964580536,6.2233015022420695,1,3.7570976109510505
3329.3808534145355,6.218207017484925,1,3.7599724508233656
3329.4578654766083,6.228395986999214,1,3.7542227710787355
3329.5515065193176,6.243679441270647,1,3.7455982514617903
3329.6413128376007,6.2309432293777895,1,3.7527853511425757
3329.7338588237762,6.2233015022420695,1,3.7570976109510505
3329.8112494945526,6.228395986999214,1,3.7542227710787355
3329.888457775116,6.220754259863501,1,3.758535030887206
3329.980788230896,6.2156597751063565,1,3.761409870759521
3330.0729620456696,6.218207017484925,1,3.7599724508233656
3330.151076555252,6.225848744620645,1,3.755660191014891
3330.2279539108276,6.2309432293777895,1,3.7527853511425757
3330.3060007095337,6.2385849565135025,1,3.7484730913341053
3330.385055065155,6.228395986999214,1,3.7542227710787355
3330.4641258716583,6.218207017484925,1,3.7599724508233656
3330.5418043136597,6.233490471756358,1,3.7513479312064204
3330.6217164993286,6.228395986999214,1,3.7542227710787355
3330.7005138397217,6.220754259863501,1,3.758535030887206
3330.8236408233643,6.2309432293777895,1,3.7527853511425757
3330.901513338089,6.2080180479706435,1,3.7657221305679918
3330.9814038276672,6.2080180479706435,1,3.7657221305679918
3331.072194337845,6.220754259863501,1,3.758535030887206
3331.151999235153,6.225848744620645,1,3.755660191014891
3331.2456958293915,6.213112532727788,1,3.7628472906956767
3331.3375992774963,6.233490471756358,1,3.7513479312064204
3331.416352748871,6.210565290349212,1,3.764284710631836
3331.508113384247,6.225848744620645,1,3.755660191014891
3331.585943698883,6.225848744620645,1,3.755660191014891
3331.664089679718,6.2233015022420695,1,3.7570976109510505
3331.7408077716827,6.2233015022420695,1,3.7570976109510505
3331.8365683555603,6.225848744620645,1,3.755660191014891
3331.931521177292,6.210565290349212,1,3.764284710631836
3332.009504556656,6.220754259863501,1,3.758535030887206
3332.0883560180664,6.220754259863501,1,3.758535030887206
3332.1668558120728,6.228395986999214,1,3.7542227710787355
3332.2459399700165,6.2156597751063565,1,3.761409870759521
3332.3244712352753,6.228395986999214,1,3.7542227710787355
3332.402640104294,6.218207017484925,1,3.7599724508233656
3332.5129733085632,6.2156597751063565,1,3.761409870759521
3332.590816259384,6.2385849565135025,1,3.7484730913341053
3332.682867527008,6.202923563213499,1,3.768596970440307
3332.7624864578247,6.213112532727788,1,3.7628472906956767
3332.854649066925,6.213112532727788,1,3.7628472906956767
3332.94793009758,6.2156597751063565,1,3.761409870759521
3333.0430011749268,6.228395986999214,1,3.7542227710787355
3333.1208686828613,6.225848744620645,1,3.755660191014891
3333.200663328171,6.2156597751063565,1,3.761409870759521
3333.279782295227,6.225848744620645,1,3.755660191014891
3333.3717131614685,6.233490471756358,1,3.7513479312064204
3333.4665944576263,6.213112532727788,1,3.7628472906956767
3333.5446758270264,6.225848744620645,1,3.755660191014891
3333.637533426285,6.236037714134934,1,3.7499105112702606
3333.7168340682983,6.213112532727788,1,3.7628472906956767
3333.7958805561066,6.2156597751063565,1,3.761409870759521
3333.888632774353,6.218207017484925,1,3.7599724508233656
3333.983871459961,6.220754259863501,1,3.758535030887206
3334.0626378059387,6.2233015022420695,1,3.7570976109510505
3334.1714055538177,6.2156597751063565,1,3.761409870759521
3334.2486889362335,6.2080180479706435,1,3.7657221305679918
3334.340608358383,6.228395986999214,1,3.7542227710787355
3334.4328145980835,6.213112532727788,1,3.7628472906956767
3334.5258927345276,6.2309432293777895,1,3.7527853511425757
3334.6060752868652,6.2309432293777895,1,3.7527853511425757
3334.6993114948273,6.213112532727788,1,3.7628472906956767
3334.775843858719,6.220754259863501,1,3.758535030887206
3334.854902267456,6.228395986999214,1,3.7542227710787355
3334.93301486969,6.2233015022420695,1,3.7570976109510505
3335.0253932476044,6.2309432293777895,1,3.7527853511425757
3335.104651451111,6.2233015022420695,1,3.7570976109510505
3335.200390815735,6.2156597751063565,1,3.761409870759521
3335.292757987976,6.220754259863501,1,3.758535030887206
3335.370014190674,6.2385849565135025,1,3.7484730913341053
3335.4479188919067,6.220754259863501,1,3.758535030887206
3335.5399508476257,6.2385849565135025,1,3.7484730913341053
3335.6187946796417,6.2233015022420695,1,3.7570976109510505
3335.7426505088806,6.233490471756358,1,3.7513479312064204
3335.822546005249,6.220754259863501,1,3.758535030887206
3335.9003732204437,6.213112532727788,1,3.7628472906956767
3335.994191646576,6.2233015022420695,1,3.7570976109510505
3336.0712370872498,6.228395986999214,1,3.7542227710787355
3336.1631803512573,6.2233015022420695,1,3.7570976109510505
3336.240744113922,6.218207017484925,1,3.7599724508233656
3336.3346893787384,6.213112532727788,1,3.7628472906956767
3336.427499294281,6.218207017484925,1,3.7599724508233656
3336.518450975418,6.2080180479706435,1,3.7657221305679918
3336.6092166900635,6.213112532727788,1,3.7628472906956767
3336.701367855072,6.2080180479706435,1,3.7657221305679918
3336.780163526535,6.205470805592068,1,3.767159550504151
3336.8590202331543,6.2233015022420695,1,3.7570976109510505
3336.936993598938,6.228395986999214,1,3.7542227710787355
3337.016211271286,6.2156597751063565,1,3.761409870759521
3337.108328819275,6.218207017484925,1,3.7599724508233656
3337.188261985779,6.2156597751063565,1,3.761409870759521
3337.2821917533875,6.2233015022420695,1,3.7570976109510505
3337.391008377075,6.2233015022420695,1,3.7570976109510505
3337.46981716156,6.2233015022420695,1,3.7570976109510505
3337.5626635551453,6.213112532727788,1,3.7628472906956767
3337.6407101154327,6.2233015022420695,1,3.7570976109510505
3337.7186257839203,6.202923563213499,1,3.768596970440307
3337.8092007637024,6.225848744620645,1,3.755660191014891
3337.8872060775757,6.2233015022420695,1,3.7570976109510505
3337.965405225754,6.213112532727788,1,3.7628472906956767
3338.0571625232697,6.228395986999214,1,3.7542227710787355
3338.152001142502,6.210565290349212,1,3.764284710631836
3338.229637861252,6.213112532727788,1,3.7628472906956767
3338.322887659073,6.2309432293777895,1,3.7527853511425757
3338.401653766632,6.2080180479706435,1,3.7657221305679918
3338.479315519333,6.225848744620645,1,3.755660191014891
3338.5717737674713,6.228395986999214,1,3.7542227710787355
3338.6675565242767,6.2080180479706435,1,3.7657221305679918
3338.759534597397,6.2309432293777895,1,3.7527853511425757
3338.851977586746,6.220754259863501,1,3.758535030887206
3338.961739063263,6.218207017484925,1,3.7599724508233656
3339.0406470298767,6.220754259863501,1,3.758535030887206
3339.1204764842987,6.2309432293777895,1,3.7527853511425757
3339.213969707489,6.2233015022420695,1,3.7570976109510505
3339.3072741031647,6.225848744620645,1,3.755660191014891
3339.385721683502,6.2080180479706435,1,3.7657221305679918
3339.4782662391663,6.218207017484925,1,3.7599724508233656
3339.557346343994,6.2309432293777895,1,3.7527853511425757
3339.6506605148315,6.228395986999214,1,3.7542227710787355
3339.7286171913147,6.2233015022420695,1,3.7570976109510505
3339.822822570801,6.2385849565135025,1,3.7484730913341053
3339.9164147377014,6.218207017484925,1,3.7599724508233656
3339.995001077652,6.2309432293777895,1,3.7527853511425757
3340.072156190872,6.2309432293777895,1,3.7527853511425757
3340.1654739379883,6.2156597751063565,1,3.761409870759521
3340.2427818775177,6.228395986999214,1,3.7542227710787355
3340.336194038391,6.213112532727788,1,3.7628472906956767
3340.4289288520813,6.228395986999214,1,3.7542227710787355
3340.536726951599,6.225848744620645,1,3.755660191014891
3340.6137561798096,6.2309432293777895,1,3.7527853511425757
3340.7054426670074,6.2233015022420695,1,3.7570976109510505
3340.784785270691,6.218207017484925,1,3.7599724508233656
3340.8748292922974,6.2233015022420695,1,3.7570976109510505
3340.9675426483154,6.2233015022420695,1,3.7570976109510505
3341.0469629764557,6.2233015022420695,1,3.7570976109510505
3341.1246054172516,6.2385849565135025,1,3.7484730913341053
3341.21666932106,6.2309432293777895,1,3.7527853511425757
3341.294263124466,6.228395986999214,1,3.7542227710787355
3341.3869919776917,6.218207017484925,1,3.7599724508233656
3341.4796764850616,6.220754259863501,1,3.758535030887206
3341.5720257759094,6.220754259863501,1,3.758535030887206
3341.6510620117188,6.225848744620645,1,3.755660191014891
3341.7446291446686,6.2385849565135025,1,3.7484730913341053
3341.83624458313,6.2233015022420695,1,3.7570976109510505
3341.914203643799,6.210565290349212,1,3.764284710631836
3342.0056126117706,6.2309432293777895,1,3.7527853511425757
3342.132402420044,6.218207017484925,1,3.7599724508233656
3342.226534843445,6.220754259863501,1,3.758535030887206
3342.3204011917114,6.220754259863501,1,3.758535030887206
3342.4121804237366,6.2309432293777895,1,3.7527853511425757
3342.5040097236633,6.225848744620645,1,3.755660191014891
3342.594883441925,6.2233015022420695,1,3.7570976109510505
3342.6871190071106,6.220754259863501,1,3.758535030887206
3342.7799043655396,6.233490471756358,1,3.7513479312064204
3342.8723151683807,6.2309432293777895,1,3.7527853511425757
3342.9495363235474,6.220754259863501,1,3.758535030887206
3343.043663740158,6.2462266836492155,1,3.7441608315256345
3343.121160507202,6.228395986999214,1,3.7542227710787355
3343.2143034934998,6.2156597751063565,1,3.761409870759521
3343.307915210724,6.228395986999214,1,3.7542227710787355
3343.384872674942,6.2233015022420695,1,3.7570976109510505
3343.4649107456207,6.2309432293777895,1,3.7527853511425757
3343.542881011963,6.2385849565135025,1,3.7484730913341053
3343.6346783638,6.225848744620645,1,3.755660191014891
3343.7276332378387,6.2309432293777895,1,3.7527853511425757
3343.8356869220734,6.220754259863501,1,3.758535030887206
3343.914561510086,6.2309432293777895,1,3.7527853511425757
3344.0084059238434,6.2385849565135025,1,3.7484730913341053
3344.101305961609,6.220754259863501,1,3.758535030887206
3344.1956350803375,6.2385849565135025,1,3.7484730913341053
3344.2746517658234,6.228395986999214,1,3.7542227710787355
3344.3675360679626,6.228395986999214,1,3.7542227710787355
3344.46288561821,6.2233015022420695,1,3.7570976109510505
3344.5558412075043,6.243679441270647,1,3.7455982514617903
3344.650665998459,6.228395986999214,1,3.7542227710787355
3344.7294516563416,6.233490471756358,1,3.7513479312064204
3344.8232605457306,6.2385849565135025,1,3.7484730913341053
3344.916337490082,6.225848744620645,1,3.755660191014891
3345.010579109192,6.228395986999214,1,3.7542227710787355
3345.089345932007,6.2462266836492155,1,3.7441608315256345
3345.184126138687,6.225848744620645,1,3.755660191014891
3345.27610206604,6.2309432293777895,1,3.7527853511425757
3345.3690779209137,6.2309432293777895,1,3.7527853511425757
3345.491141796112,6.225848744620645,1,3.755660191014891
3345.599951028824,6.218207017484925,1,3.7599724508233656
3345.679055929184,6.228395986999214,1,3.7542227710787355
3345.7558393478394,6.2309432293777895,1,3.7527853511425757
3345.8489270210266,6.218207017484925,1,3.7599724508233656
3345.926780462265,6.2309432293777895,1,3.7527853511425757
3346.0176775455475,6.218207017484925,1,3.7599724508233656
3346.097504377365,6.213112532727788,1,3.7628472906956767
3346.1898946762085,6.2309432293777895,1,3.7527853511425757
3346.2846295833588,6.218207017484925,1,3.7599724508233656
3346.378918170929,6.228395986999214,1,3.7542227710787355
3346.46976518631,6.2309432293777895,1,3.7527853511425757
3346.562894821167,6.236037714134934,1,3.7499105112702606
3346.655616044998,6.2309432293777895,1,3.7527853511425757
3346.748946428299,6.228395986999214,1,3.7542227710787355
3346.828861951828,6.233490471756358,1,3.7513479312064204
3346.9057133197784,6.2309432293777895,1,3.7527853511425757
3346.9986662864685,6.2233015022420695,1,3.7570976109510505
3347.108163356781,6.2233015022420695,1,3.7570976109510505
3347.202208518982,6.225848744620645,1,3.755660191014891
3347.2814452648163,6.236037714134934,1,3.7499105112702606
3347.358361721039,6.241132198892078,1,3.7470356713979456
3347.4376680850983,6.2233015022420695,1,3.7570976109510505
3347.531481027603,6.2309432293777895,1,3.7527853511425757
3347.6094238758087,6.241132198892078,1,3.7470356713979456
3347.7014820575714,6.236037714134934,1,3.7499105112702606
3347.796758413315,6.220754259863501,1,3.758535030887206
3347.890871524811,6.2309432293777895,1,3.7527853511425757
3347.968999862671,6.233490471756358,1,3.7513479312064204
3348.060782432556,6.2385849565135025,1,3.7484730913341053
3348.140622854233,6.2385849565135025,1,3.7484730913341053
3348.220560312271,6.210565290349212,1,3.764284710631836
3348.3116908073425,6.236037714134934,1,3.7499105112702606
3348.4046618938446,6.228395986999214,1,3.7542227710787355
3348.498880624771,6.225848744620645,1,3.755660191014891
3348.592627763748,6.248773926027791,1,3.742723411589475
3348.700686454773,6.2233015022420695,1,3.7570976109510505
3348.7926416397095,6.2385849565135025,1,3.7484730913341053
3348.88649892807,6.2156597751063565,1,3.761409870759521
3348.981292486191,6.2309432293777895,1,3.7527853511425757
3349.060128927231,6.243679441270647,1,3.7455982514617903
3349.1400532722473,6.2233015022420695,1,3.7570976109510505
3349.215930223465,6.228395986999214,1,3.7542227710787355
3349.293771505356,6.236037714134934,1,3.7499105112702606
3349.3727922439575,6.233490471756358,1,3.7513479312064204
3349.4508554935455,6.220754259863501,1,3.758535030887206
3349.530019044876,6.243679441270647,1,3.7455982514617903
3349.621968269348,6.2233015022420695,1,3.7570976109510505
3349.7131905555725,6.241132198892078,1,3.7470356713979456
3349.8070085048676,6.233490471756358,1,3.7513479312064204
3349.8998017311096,6.225848744620645,1,3.755660191014891
3349.991007089615,6.233490471756358,1,3.7513479312064204
3350.0847911834717,6.210565290349212,1,3.764284710631836
3350.1776208877563,6.241132198892078,1,3.7470356713979456
3350.2709064483643,6.2233015022420695,1,3.7570976109510505
3350.379199743271,6.2385849565135025,1,3.7484730913341053
3350.470046520233,6.213112532727788,1,3.7628472906956767
3350.548981189728,6.241132198892078,1,3.7470356713979456
3350.642457485199,6.2309432293777895,1,3.7527853511425757
3350.719425678253,6.218207017484925,1,3.7599724508233656
3350.8115372657776,6.241132198892078,1,3.7470356713979456
3350.903612136841,6.220754259863501,1,3.758535030887206
3350.9960010051727,6.233490471756358,1,3.7513479312064204
3351.074153661728,6.2309432293777895,1,3.7527853511425757
3351.1680977344513,6.236037714134934,1,3.7499105112702606
3351.2630105018616,6.243679441270647,1,3.7455982514617903
3351.355047225952,6.233490471756358,1,3.7513479312064204
3351.4478046894073,6.236037714134934,1,3.7499105112702606
3351.539918899536,6.220754259863501,1,3.758535030887206
3351.632998943329,6.2233015022420695,1,3.7570976109510505
3351.710877418518,6.243679441270647,1,3.7455982514617903
3351.802274942398,6.2309432293777895,1,3.7527853511425757
3351.8812494277954,6.236037714134934,1,3.7499105112702606
3352.003091573715,6.225848744620645,1,3.755660191014891
3352.0949387550354,6.2233015022420695,1,3.7570976109510505
3352.1721358299255,6.2156597751063565,1,3.761409870759521
3352.264032125473,6.243679441270647,1,3.7455982514617903
3352.359057664871,6.233490471756358,1,3.7513479312064204
3352.451078414917,6.218207017484925,1,3.7599724508233656
3352.5419216156006,6.225848744620645,1,3.755660191014891
3352.621985435486,6.241132198892078,1,3.7470356713979456
3352.700902938843,6.233490471756358,1,3.7513479312064204
3352.7786798477173,6.2309432293777895,1,3.7527853511425757
3352.85875415802,6.243679441270647,1,3.7455982514617903
3352.9375550746918,6.2233015022420695,1,3.7570976109510505
3353.028586626053,6.2385849565135025,1,3.7484730913341053
3353.1063895225525,6.225848744620645,1,3.755660191014891
3353.1977853775024,6.2309432293777895,1,3.7527853511425757
3353.291127204895,6.236037714134934,1,3.7499105112702606
3353.370393514633,6.220754259863501,1,3.758535030887206
3353.4621958732605,6.2462266836492155,1,3.7441608315256345
3353.571933746338,6.225848744620645,1,3.755660191014891
3353.663740873337,6.241132198892078,1,3.7470356713979456
3353.7426991462708,6.2385849565135025,1,3.7484730913341053
3353.835797548294,6.225848744620645,1,3.755660191014891
3353.9256451129913,6.236037714134934,1,3.7499105112702606
3354.00270819664,6.2309432293777895,1,3.7527853511425757
3354.094805955887,6.241132198892078,1,3.7470356713979456
3354.1865994930267,6.2309432293777895,1,3.7527853511425757
3354.266417980194,6.228395986999214,1,3.7542227710787355
3354.359565973282,6.241132198892078,1,3.7470356713979456
3354.4376080036163,6.2233015022420695,1,3.7570976109510505
3354.5174462795258,6.228395986999214,1,3.7542227710787355
3354.6088938713074,6.2309432293777895,1,3.7527853511425757
3354.7187716960907,6.220754259863501,1,3.758535030887206
3354.811977624893,6.243679441270647,1,3.7455982514617903
3354.889809846878,6.2309432293777895,1,3.7527853511425757
3354.969324350357,6.225848744620645,1,3.755660191014891
3355.0618369579315,6.2385849565135025,1,3.7484730913341053
3355.1726248264313,6.2233015022420695,1,3.7570976109510505
3355.251455307007,6.2233015022420695,1,3.7570976109510505
3355.342837572098,6.2309432293777895,1,3.7527853511425757
3355.4351348876953,6.233490471756358,1,3.7513479312064204
3355.527145385742,6.241132198892078,1,3.7470356713979456
3355.6373932361603,6.225848744620645,1,3.755660191014891
3355.761283159256,6.228395986999214,1,3.7542227710787355
3355.8711042404175,6.236037714134934,1,3.7499105112702606
3355.963856935501,6.2233015022420695,1,3.7570976109510505
3356.056117296219,6.225848744620645,1,3.755660191014891
3356.150199174881,6.2309432293777895,1,3.7527853511425757
3356.243005514145,6.228395986999214,1,3.7542227710787355
3356.3380014896393,6.218207017484925,1,3.7599724508233656
3356.431776046753,6.236037714134934,1,3.7499105112702606
3356.523750782013,6.2233015022420695,1,3.7570976109510505
3356.6167736053467,6.233490471756358,1,3.7513479312064204
3356.7086129188538,6.2309432293777895,1,3.7527853511425757
3356.8023643493652,6.228395986999214,1,3.7542227710787355
3356.893624305725,6.2385849565135025,1,3.7484730913341053
3357.0168101787567,6.2462266836492155,1,3.7441608315256345
3357.1090705394745,6.2309432293777895,1,3.7527853511425757
3357.200825214386,6.2309432293777895,1,3.7527853511425757
3357.294572353363,6.241132198892078,1,3.7470356713979456
3357.431370973587,6.225848744620645,1,3.755660191014891
3357.5415558815002,6.236037714134934,1,3.7499105112702606
3357.6326553821564,6.236037714134934,1,3.7499105112702606
3357.7250339984894,6.248773926027791,1,3.742723411589475
3357.819931745529,6.2385849565135025,1,3.7484730913341053
3357.9265401363373,6.225848744620645,1,3.755660191014891
3358.019288301468,6.2309432293777895,1,3.7527853511425757
3358.1090524196625,6.233490471756358,1,3.7513479312064204
3358.2008974552155,6.233490471756358,1,3.7513479312064204
3358.279019832611,6.243679441270647,1,3.7455982514617903
3358.370713710785,6.2309432293777895,1,3.7527853511425757
3358.466390132904,6.233490471756358,1,3.7513479312064204
3358.558746814728,6.241132198892078,1,3.7470356713979456
3358.6684527397156,6.2309432293777895,1,3.7527853511425757
3358.822233438492,6.2309432293777895,1,3.7527853511425757
3358.9150211811066,6.241132198892078,1,3.7470356713979456
3359.0069572925568,6.236037714134934,1,3.7499105112702606
3359.097809791565,6.253868410784936,1,3.73984857171716
3359.1904418468475,6.243679441270647,1,3.7455982514617903
3359.297481775284,6.2385849565135025,1,3.7484730913341053
3359.3903710842133,6.2385849565135025,1,3.7484730913341053
3359.485591173172,6.2233015022420695,1,3.7570976109510505
3359.5768191814423,6.241132198892078,1,3.7470356713979456
3359.669508457184,6.2233015022420695,1,3.7570976109510505
3359.761506795883,6.228395986999214,1,3.7542227710787355
3359.8574073314667,6.236037714134934,1,3.7499105112702606
3359.9503877162933,6.2385849565135025,1,3.7484730913341053
3360.0429475307465,6.243679441270647,1,3.7455982514617903
3360.1386919021606,6.228395986999214,1,3.7542227710787355
3360.231625318527,6.233490471756358,1,3.7513479312064204
3360.3263902664185,6.2385849565135025,1,3.7484730913341053
3360.4201395511627,6.225848744620645,1,3.755660191014891
3360.543840408325,6.243679441270647,1,3.7455982514617903
3360.636601448059,6.233490471756358,1,3.7513479312064204
3360.7288358211517,6.243679441270647,1,3.7455982514617903
3360.83731174469,6.225848744620645,1,3.755660191014891
3360.929900407791,6.243679441270647,1,3.7455982514617903
3361.020994901657,6.225848744620645,1,3.755660191014891
3361.113013267517,6.236037714134934,1,3.7499105112702606
3361.2208285331726,6.2385849565135025,1,3.7484730913341053
3361.3125953674316,6.241132198892078,1,3.7470356713979456
3361.4055213928223,6.220754259863501,1,3.758535030887206
3361.500273704529,6.220754259863501,1,3.758535030887206
3361.594994544983,6.233490471756358,1,3.7513479312064204
3361.685558795929,6.2385849565135025,1,3.7484730913341053
3361.7813029289246,6.2385849565135025,1,3.7484730913341053
3361.872060060501,6.220754259863501,1,3.758535030887206
3361.96577334404,6.228395986999214,1,3.7542227710787355
3362.056574821472,6.243679441270647,1,3.7455982514617903
3362.147557258606,6.2309432293777895,1,3.7527853511425757
3362.274120569229,6.233490471756358,1,3.7513479312064204
3362.365917444229,6.228395986999214,1,3.7542227710787355
3362.4438416957855,6.2385849565135025,1,3.7484730913341053
3362.537834405899,6.2385849565135025,1,3.7484730913341053
3362.627654314041,6.241132198892078,1,3.7470356713979456
3362.7195267677307,6.2385849565135025,1,3.7484730913341053
3362.7977917194366,6.241132198892078,1,3.7470356713979456
3362.8755939006805,6.241132198892078,1,3.7470356713979456
3362.967930793762,6.2233015022420695,1,3.7570976109510505
3363.0447714328766,6.243679441270647,1,3.7455982514617903
3363.1227416992188,6.236037714134934,1,3.7499105112702606
3363.198712348938,6.248773926027791,1,3.742723411589475
3363.2906227111816,6.2233015022420695,1,3.7570976109510505
3363.3848123550415,6.236037714134934,1,3.7499105112702606
3363.464563369751,6.243679441270647,1,3.7455982514617903
3363.555942296982,6.2385849565135025,1,3.7484730913341053
3363.6346352100372,6.2385849565135025,1,3.7484730913341053
3363.727378845215,6.2385849565135025,1,3.7484730913341053
3363.8196012973785,6.241132198892078,1,3.7470356713979456
3363.9457533359528,6.25132116840636,1,3.7412859916533194
3364.0378110408783,6.233490471756358,1,3.7513479312064204
3364.1155960559845,6.233490471756358,1,3.7513479312064204
3364.1937091350555,6.228395986999214,1,3.7542227710787355
3364.2697460651398,6.233490471756358,1,3.7513479312064204
3364.3640015125275,6.243679441270647,1,3.7455982514617903
3364.4557127952576,6.2233015022420695,1,3.7570976109510505
3364.535699367523,6.236037714134934,1,3.7499105112702606
3364.6277759075165,6.241132198892078,1,3.7470356713979456
3364.719654083252,6.2309432293777895,1,3.7527853511425757
3364.814507961273,6.248773926027791,1,3.742723411589475
3364.8930151462555,6.228395986999214,1,3.7542227710787355
3364.984773874283,6.2385849565135025,1,3.7484730913341053
3365.0788810253143,6.228395986999214,1,3.7542227710787355
3365.1699419021606,6.220754259863501,1,3.758535030887206
3365.261853456497,6.2385849565135025,1,3.7484730913341053
3365.3568029403687,6.2233015022420695,1,3.7570976109510505
3365.4346895217896,6.2385849565135025,1,3.7484730913341053
3365.5446627140045,6.2309432293777895,1,3.7527853511425757
3365.636486053467,6.233490471756358,1,3.7513479312064204
3365.731150865555,6.241132198892078,1,3.7470356713979456
3365.8259019851685,6.241132198892078,1,3.7470356713979456
3365.9176523685455,6.25132116840636,1,3.7412859916533194
3366.009941101074,6.2385849565135025,1,3.7484730913341053
3366.1027281284332,6.233490471756358,1,3.7513479312064204
3366.1984372138977,6.2462266836492155,1,3.7441608315256345
3366.2931849956512,6.2385849565135025,1,3.7484730913341053
3366.383796930313,6.2462266836492155,1,3.7441608315256345
3366.4785826206207,6.2309432293777895,1,3.7527853511425757
3366.5695514678955,6.2309432293777895,1,3.7527853511425757
3366.6624336242676,6.2385849565135025,1,3.7484730913341053
3366.757224559784,6.2309432293777895,1,3.7527853511425757
3366.8495059013367,6.25132116840636,1,3.7412859916533194
3366.943255662918,6.248773926027791,1,3.742723411589475
3367.034371137619,6.2309432293777895,1,3.7527853511425757
3367.1293528079987,6.25132116840636,1,3.7412859916533194
3367.2650170326233,6.243679441270647,1,3.7455982514617903
3367.388995885849,6.236037714134934,1,3.7499105112702606
3367.4807426929474,6.256415653163504,1,3.7384111517810044
3367.5765171051025,6.2462266836492155,1,3.7441608315256345
3367.671928882599,6.25132116840636,1,3.7412859916533194
3367.764823913574,6.243679441270647,1,3.7455982514617903
3367.858570098877,6.228395986999214,1,3.7542227710787355
3367.9513318538666,6.2309432293777895,1,3.7527853511425757
3368.045768260956,6.248773926027791,1,3.742723411589475
3368.1397631168365,6.233490471756358,1,3.7513479312064204
3368.232514858246,6.243679441270647,1,3.7455982514617903
3368.32626414299,6.2385849565135025,1,3.7484730913341053
3368.418020248413,6.2309432293777895,1,3.7527853511425757
3368.5267395973206,6.243679441270647,1,3.7455982514617903
3368.6209723949432,6.236037714134934,1,3.7499105112702606
3368.6979641914368,6.248773926027791,1,3.742723411589475
3368.7902550697327,6.225848744620645,1,3.755660191014891
3368.881323337555,6.243679441270647,1,3.7455982514617903
3368.991645336151,6.243679441270647,1,3.7455982514617903
3369.070602416992,6.248773926027791,1,3.742723411589475
3369.161830663681,6.241132198892078,1,3.7470356713979456
3369.24116396904,6.225848744620645,1,3.755660191014891
3369.3209733963013,6.225848744620645,1,3.755660191014891
3369.3987872600555,6.236037714134934,1,3.7499105112702606
3369.4908418655396,6.236037714134934,1,3.7499105112702606
3369.5997698307037,6.2385849565135025,1,3.7484730913341053
3369.6937520504,6.236037714134934,1,3.7499105112702606
3369.787397146225,6.2385849565135025,1,3.7484730913341053
3369.877692937851,6.248773926027791,1,3.742723411589475
3369.96964097023,6.2385849565135025,1,3.7484730913341053
3370.045744895935,6.2385849565135025,1,3.7484730913341053
3370.139377593994,6.2385849565135025,1,3.7484730913341053
3370.2345855236053,6.248773926027791,1,3.742723411589475
3370.326660633087,6.248773926027791,1,3.742723411589475
3370.420380592346,6.236037714134934,1,3.7499105112702606
3370.5141744613647,6.2462266836492155,1,3.7441608315256345
3370.6070594787598,6.233490471756358,1,3.7513479312064204
3370.7306854724884,6.241132198892078,1,3.7470356713979456
3370.822530031204,6.228395986999214,1,3.7542227710787355
3370.9158284664154,6.2385849565135025,1,3.7484730913341053
3371.0090942382812,6.248773926027791,1,3.742723411589475
3371.1049489974976,6.233490471756358,1,3.7513479312064204
3371.215613603592,6.253868410784936,1,3.73984857171716
3371.3263165950775,6.241132198892078,1,3.7470356713979456
3371.452978372574,6.248773926027791,1,3.742723411589475
3371.5786459445953,6.256415653163504,1,3.7384111517810044
3371.6883504390717,6.233490471756358,1,3.7513479312064204
3371.813015460968,6.253868410784936,1,3.73984857171716
3371.921724796295,6.233490471756358,1,3.7513479312064204
3372.0324280261993,6.253868410784936,1,3.73984857171716
3372.1283209323883,6.248773926027791,1,3.742723411589475
3372.220836877823,6.225848744620645,1,3.755660191014891
3372.313222885132,6.25132116840636,1,3.7412859916533194
3372.405821084976,6.228395986999214,1,3.7542227710787355
3372.498610496521,6.243679441270647,1,3.7455982514617903
3372.6103389263153,6.248773926027791,1,3.742723411589475
3372.702977657318,6.2385849565135025,1,3.7484730913341053
3372.781737089157,6.243679441270647,1,3.7455982514617903
3372.8733892440796,6.241132198892078,1,3.7470356713979456
3372.9685146808624,6.243679441270647,1,3.7455982514617903
3373.0637691020966,6.2385849565135025,1,3.7484730913341053
3373.155035972595,6.2309432293777895,1,3.7527853511425757
3373.2487053871155,6.2462266836492155,1,3.7441608315256345
3373.3409910202026,6.2462266836492155,1,3.7441608315256345
3373.418577194214,6.2462266836492155,1,3.7441608315256345
3373.510767221451,6.241132198892078,1,3.7470356713979456
3373.587641954422,6.2462266836492155,1,3.7441608315256345
3373.697363615036,6.236037714134934,1,3.7499105112702606
3373.82302570343,6.2462266836492155,1,3.7441608315256345
3373.9456973075867,6.2462266836492155,1,3.7441608315256345
3374.0377628803253,6.241132198892078,1,3.7470356713979456
3374.1295924186707,6.2462266836492155,1,3.7441608315256345
3374.222835302353,6.243679441270647,1,3.7455982514617903
3374.3301758766174,6.241132198892078,1,3.7470356713979456
3374.408091068268,6.233490471756358,1,3.7513479312064204
3374.5000882148743,6.2462266836492155,1,3.7441608315256345
3374.577852487564,6.241132198892078,1,3.7470356713979456
3374.6726360321045,6.2385849565135025,1,3.7484730913341053
3374.763671875,6.248773926027791,1,3.742723411589475
3374.841788291931,6.2309432293777895,1,3.7527853511425757
3374.9209225177765,6.233490471756358,1,3.7513479312064204
3374.9979264736176,6.2462266836492155,1,3.7441608315256345
3375.0767030715942,6.248773926027791,1,3.742723411589475
3375.171597957611,6.243679441270647,1,3.7455982514617903
3375.264387845993,6.241132198892078,1,3.7470356713979456
3375.359096765518,6.236037714134934,1,3.7499105112702606
3375.4523088932037,6.2462266836492155,1,3.7441608315256345
3375.5307734012604,6.243679441270647,1,3.7455982514617903
3375.610283613205,6.233490471756358,1,3.7513479312064204
3375.6872565746307,6.241132198892078,1,3.7470356713979456
3375.7657198905945,6.248773926027791,1,3.742723411589475
3375.8757894039154,6.236037714134934,1,3.7499105112702606
3375.9685637950897,6.248773926027791,1,3.742723411589475
3376.0610246658325,6.2385849565135025,1,3.7484730913341053
3376.1528944969177,6.2462266836492155,1,3.7441608315256345
3376.230694770813,6.2385849565135025,1,3.7484730913341053
3376.324642419815,6.233490471756358,1,3.7513479312064204
3376.417854785919,6.243679441270647,1,3.7455982514617903
3376.5111446380615,6.2462266836492155,1,3.7441608315256345
3376.5907402038574,6.2462266836492155,1,3.7441608315256345
3376.6678698062897,6.253868410784936,1,3.73984857171716
3376.7476909160614,6.241132198892078,1,3.7470356713979456
3376.8267056941986,6.248773926027791,1,3.742723411589475
3376.9058787822723,6.2462266836492155,1,3.7441608315256345
3376.9857909679413,6.248773926027791,1,3.742723411589475
3377.078212738037,6.2385849565135025,1,3.7484730913341053
3377.1707360744476,6.248773926027791,1,3.742723411589475
3377.2484550476074,6.248773926027791,1,3.742723411589475
3377.341244697571,6.25132116840636,1,3.7412859916533194
3377.41926240921,6.243679441270647,1,3.7455982514617903
3377.5289463996887,6.241132198892078,1,3.7470356713979456
3377.620799303055,6.2462266836492155,1,3.7441608315256345
3377.698770046234,6.253868410784936,1,3.73984857171716
3377.791801929474,6.241132198892078,1,3.7470356713979456
3377.8708004951477,6.248773926027791,1,3.742723411589475
3377.947962999344,6.243679441270647,1,3.7455982514617903
3378.0258247852325,6.248773926027791,1,3.742723411589475
3378.105033636093,6.25132116840636,1,3.7412859916533194
3378.197228908539,6.256415653163504,1,3.7384111517810044
3378.289253950119,6.25132116840636,1,3.7412859916533194
3378.3682284355164,6.2462266836492155,1,3.7441608315256345
3378.4592366218567,6.241132198892078,1,3.7470356713979456
3378.5379099845886,6.2462266836492155,1,3.7441608315256345
3378.6149735450745,6.243679441270647,1,3.7455982514617903
3378.7090978622437,6.243679441270647,1,3.7455982514617903
3378.8000178337097,6.264057380299224,1,3.73409889197253
3378.8778944015503,6.2462266836492155,1,3.7441608315256345
3378.9545044898987,6.236037714134934,1,3.7499105112702606
3379.063225507736,6.2462266836492155,1,3.7441608315256345
3379.1557083129883,6.243679441270647,1,3.7455982514617903
3379.234043121338,6.2462266836492155,1,3.7441608315256345
3379.3277797698975,6.2309432293777895,1,3.7527853511425757
3379.4199526309967,6.25132116840636,1,3.7412859916533194
3379.5137317180634,6.25132116840636,1,3.7412859916533194
3379.6070399284363,6.243679441270647,1,3.7455982514617903
3379.6995062828064,6.248773926027791,1,3.742723411589475
3379.7930166721344,6.248773926027791,1,3.742723411589475
3379.8861904144287,6.248773926027791,1,3.742723411589475
3379.9794840812683,6.248773926027791,1,3.742723411589475
3380.057454109192,6.243679441270647,1,3.7455982514617903
3380.1491413116455,6.25132116840636,1,3.7412859916533194
3380.242640733719,6.2385849565135025,1,3.7484730913341053
3380.3350734710693,6.25896289554208,1,3.736973731844845
3380.4146518707275,6.248773926027791,1,3.742723411589475
3380.492862224579,6.243679441270647,1,3.7455982514617903
3380.5850822925568,6.2462266836492155,1,3.7441608315256345
3380.6961600780487,6.256415653163504,1,3.7384111517810044
3380.7885060310364,6.256415653163504,1,3.7384111517810044
3380.8979461193085,6.25132116840636,1,3.7412859916533194
3381.02560710907,6.243679441270647,1,3.7455982514617903
3381.147563934326,6.2462266836492155,1,3.7441608315256345
3381.2394728660583,6.2385849565135025,1,3.7484730913341053
3381.3476281166077,6.253868410784936,1,3.73984857171716
3381.4274883270264,6.25896289554208,1,3.736973731844845
3381.5208852291107,6.256415653163504,1,3.7384111517810044
3381.612785577774,6.241132198892078,1,3.7470356713979456
3381.705349445343,6.25132116840636,1,3.7412859916533194
3381.797108411789,6.256415653163504,1,3.7384111517810044
3381.907146692276,6.243679441270647,1,3.7455982514617903
3382.0147483348846,6.243679441270647,1,3.7455982514617903
3382.1424894332886,6.243679441270647,1,3.7455982514617903
3382.2352373600006,6.253868410784936,1,3.73984857171716
3382.359872817993,6.233490471756358,1,3.7513479312064204
3382.4841618537903,6.256415653163504,1,3.7384111517810044
3382.5936698913574,6.2385849565135025,1,3.7484730913341053
3382.6864478588104,6.2385849565135025,1,3.7484730913341053
3382.7655580043793,6.248773926027791,1,3.742723411589475
3382.8578956127167,6.253868410784936,1,3.73984857171716
3382.950978040695,6.248773926027791,1,3.742723411589475
3383.044976711273,6.25132116840636,1,3.7412859916533194
3383.1550858020782,6.248773926027791,1,3.742723411589475
3383.2480840682983,6.256415653163504,1,3.7384111517810044
3383.3417966365814,6.241132198892078,1,3.7470356713979456
3383.4348514080048,6.25132116840636,1,3.7412859916533194
3383.5278301239014,6.233490471756358,1,3.7513479312064204
3383.6052503585815,6.241132198892078,1,3.7470356713979456
3383.6979229450226,6.253868410784936,1,3.73984857171716
3383.7897868156433,6.243679441270647,1,3.7455982514617903
3383.8827588558197,6.269151865056369,1,3.731224052100215
3383.978018760681,6.266604622677793,1,3.732661472036374
3384.103672504425,6.248773926027791,1,3.742723411589475
3384.2301263809204,6.243679441270647,1,3.7455982514617903
3384.3218791484833,6.25132116840636,1,3.7412859916533194
3384.445853948593,6.248773926027791,1,3.742723411589475
3384.5540747642517,6.25896289554208,1,3.736973731844845
3384.64874625206,6.253868410784936,1,3.73984857171716
3384.7437007427216,6.233490471756358,1,3.7513479312064204
3384.8211200237274,6.253868410784936,1,3.73984857171716
3384.9010140895844,6.266604622677793,1,3.732661472036374
3384.9954969882965,6.243679441270647,1,3.7455982514617903
3385.0728447437286,6.248773926027791,1,3.742723411589475
3385.1666717529297,6.264057380299224,1,3.73409889197253
3385.2595796585083,6.248773926027791,1,3.742723411589475
3385.336800813675,6.2462266836492155,1,3.7441608315256345
3385.4142031669617,6.2462266836492155,1,3.7441608315256345
3385.507570505142,6.2462266836492155,1,3.7441608315256345
3385.6499605178833,6.253868410784936,1,3.73984857171716
3385.757183790207,6.243679441270647,1,3.7455982514617903
3385.8678040504456,6.25132116840636,1,3.7412859916533194
3385.9754507541656,6.241132198892078,1,3.7470356713979456
3386.085608959198,6.248773926027791,1,3.742723411589475
3386.1941549777985,6.233490471756358,1,3.7513479312064204
3386.2735238075256,6.233490471756358,1,3.7513479312064204
3386.367926597595,6.241132198892078,1,3.7470356713979456
3386.444276571274,6.248773926027791,1,3.742723411589475
3386.521600961685,6.241132198892078,1,3.7470356713979456
3386.59951877594,6.25132116840636,1,3.7412859916533194
3386.693264722824,6.241132198892078,1,3.7470356713979456
3386.802971839905,6.256415653163504,1,3.7384111517810044
3386.910207748413,6.243679441270647,1,3.7455982514617903
3387.0318789482117,6.253868410784936,1,3.73984857171716
3387.1395938396454,6.2385849565135025,1,3.7484730913341053
3387.23180603981,6.264057380299224,1,3.73409889197253
3387.3106994628906,6.2462266836492155,1,3.7441608315256345
3387.402650117874,6.243679441270647,1,3.7455982514617903
3387.513346672058,6.248773926027791,1,3.742723411589475
3387.6060910224915,6.256415653163504,1,3.7384111517810044
3387.6992259025574,6.25896289554208,1,3.736973731844845
3387.7780101299286,6.25132116840636,1,3.7412859916533194
3387.9335947036743,6.243679441270647,1,3.7455982514617903
3388.0427033901215,6.228395986999214,1,3.7542227710787355
3388.1360981464386,6.253868410784936,1,3.73984857171716
3388.229302883148,6.264057380299224,1,3.73409889197253
3388.3380303382874,6.253868410784936,1,3.73984857171716
3388.4497187137604,6.233490471756358,1,3.7513479312064204
3388.5594046115875,6.2462266836492155,1,3.7441608315256345
3388.6707239151,6.25896289554208,1,3.736973731844845
3388.794316291809,6.253868410784936,1,3.73984857171716
3388.9060175418854,6.2462266836492155,1,3.7441608315256345
3389.0316812992096,6.266604622677793,1,3.732661472036374
3389.1408710479736,6.228395986999214,1,3.7542227710787355
3389.2635595798492,6.253868410784936,1,3.73984857171716
3389.3590881824493,6.2462266836492155,1,3.7441608315256345
3389.438945531845,6.253868410784936,1,3.73984857171716
3389.5476565361023,6.256415653163504,1,3.7384111517810044
3389.6733615398407,6.2462266836492155,1,3.7441608315256345
3389.782078266144,6.25132116840636,1,3.7412859916533194
3389.954614162445,6.2462266836492155,1,3.7441608315256345
3390.0778942108154,6.25132116840636,1,3.7412859916533194
3390.1708250045776,6.25132116840636,1,3.7412859916533194
3390.263559103012,6.264057380299224,1,3.73409889197253
3390.3733489513397,6.256415653163504,1,3.7384111517810044
3390.4800658226013,6.253868410784936,1,3.73984857171716
3390.5907673835754,6.2462266836492155,1,3.7441608315256345
3390.684517621994,6.25132116840636,1,3.7412859916533194
3390.7922353744507,6.243679441270647,1,3.7455982514617903
3390.883636236191,6.253868410784936,1,3.73984857171716
3390.978401660919,6.243679441270647,1,3.7455982514617903
3391.074193716049,6.2462266836492155,1,3.7441608315256345
3391.1678173542023,6.261510137920649,1,3.7355363119086893
3391.263203382492,6.241132198892078,1,3.7470356713979456
3391.354446411133,6.25132116840636,1,3.7412859916533194
3391.465152025223,6.253868410784936,1,3.73984857171716
3391.574857234955,6.253868410784936,1,3.73984857171716
3391.669533967972,6.253868410784936,1,3.73984857171716
3391.7652950286865,6.261510137920649,1,3.7355363119086893
3391.888782978058,6.25896289554208,1,3.736973731844845
3391.98379278183,6.261510137920649,1,3.7355363119086893
3392.0761132240295,6.2385849565135025,1,3.7484730913341053
3392.1685497760773,6.25132116840636,1,3.7412859916533194
3392.247330904007,6.261510137920649,1,3.7355363119086893
3392.355043888092,6.256415653163504,1,3.7384111517810044
3392.4657809734344,6.248773926027791,1,3.742723411589475
3392.5906443595886,6.248773926027791,1,3.742723411589475
3392.71382689476,6.248773926027791,1,3.742723411589475
3392.837927341461,6.253868410784936,1,3.73984857171716
3392.9471542835236,6.256415653163504,1,3.7384111517810044
3393.072070837021,6.243679441270647,1,3.7455982514617903
3393.1670682430267,6.264057380299224,1,3.73409889197253
3393.2588081359863,6.243679441270647,1,3.7455982514617903
3393.3517112731934,6.264057380299224,1,3.73409889197253
3393.443529844284,6.25132116840636,1,3.7412859916533194
3393.5346307754517,6.25132116840636,1,3.7412859916533194
3393.626451253891,6.25132116840636,1,3.7412859916533194
3393.7490470409393,6.25896289554208,1,3.736973731844845
3393.8433616161346,6.248773926027791,1,3.742723411589475
3393.9366178512573,6.2385849565135025,1,3.7484730913341053
3394.0310339927673,6.269151865056369,1,3.731224052100215
3394.1247968673706,6.253868410784936,1,3.73984857171716
3394.218546628952,6.264057380299224,1,3.73409889197253
3394.3132927417755,6.25896289554208,1,3.736973731844845
3394.405047416687,6.25132116840636,1,3.7412859916533194
3394.516748905182,6.25896289554208,1,3.736973731844845
3394.6242775917053,6.243679441270647,1,3.7455982514617903
3394.749764919281,6.266604622677793,1,3.732661472036374
3394.8450639247894,6.253868410784936,1,3.73984857171716
3394.951022863388,6.2385849565135025,1,3.7484730913341053
3395.0613012313843,6.253868410784936,1,3.73984857171716
3395.15491271019,6.256415653163504,1,3.7384111517810044
3395.2491059303284,6.264057380299224,1,3.73409889197253
3395.341062307358,6.241132198892078,1,3.7470356713979456
3395.4330217838287,6.264057380299224,1,3.73409889197253
3395.588604927063,6.256415653163504,1,3.7384111517810044
3395.6843886375427,6.264057380299224,1,3.73409889197253
3395.77814912796,6.2462266836492155,1,3.7441608315256345
3395.886334657669,6.256415653163504,1,3.7384111517810044
3395.9940464496613,6.256415653163504,1,3.7384111517810044
3396.087750673294,6.25132116840636,1,3.7412859916533194
3396.199466228485,6.269151865056369,1,3.731224052100215
3396.3071777820587,6.2462266836492155,1,3.7441608315256345
3396.402934551239,6.253868410784936,1,3.73984857171716
3396.4976727962494,6.261510137920649,1,3.7355363119086893
3396.606377363205,6.25896289554208,1,3.736973731844845
3396.7170820236206,6.256415653163504,1,3.7384111517810044
3396.8098516464233,6.253868410784936,1,3.73984857171716
3396.9051744937897,6.241132198892078,1,3.7470356713979456
3396.998923301697,6.256415653163504,1,3.7384111517810044
3397.1084344387054,6.253868410784936,1,3.73984857171716
3397.2180366516113,6.261510137920649,1,3.7355363119086893
3397.327073574066,6.25896289554208,1,3.736973731844845
3397.465706348419,6.264057380299224,1,3.73409889197253
3397.5614495277405,6.253868410784936,1,3.73984857171716
3397.654201745987,6.243679441270647,1,3.7455982514617903
3397.747951030731,6.25896289554208,1,3.736973731844845
3397.857659101486,6.243679441270647,1,3.7455982514617903
3397.965800523758,6.264057380299224,1,3.73409889197253
3398.075042486191,6.253868410784936,1,3.73984857171716
3398.1832914352417,6.269151865056369,1,3.731224052100215
3398.279034137726,6.269151865056369,1,3.731224052100215
3398.3874640464783,6.2462266836492155,1,3.7441608315256345
3398.4971714019775,6.25896289554208,1,3.736973731844845
3398.5928194522858,6.256415653163504,1,3.7384111517810044
3398.702510356903,6.243679441270647,1,3.7455982514617903
3398.798237800598,6.2462266836492155,1,3.7441608315256345
3398.8919847011566,6.25132116840636,1,3.7412859916533194
3398.9997675418854,6.25896289554208,1,3.736973731844845
3399.1085228919983,6.248773926027791,1,3.742723411589475
3399.2177786827087,6.256415653163504,1,3.7384111517810044
3399.3244938850403,6.243679441270647,1,3.7455982514617903
3399.468116760254,6.261510137920649,1,3.7355363119086893
3399.576819896698,6.25896289554208,1,3.736973731844845
3399.6715836524963,6.253868410784936,1,3.73984857171716
3399.766337156296,6.25132116840636,1,3.7412859916533194
3399.874821662903,6.25132116840636,1,3.7412859916533194
3399.981965303421,6.25896289554208,1,3.736973731844845
3400.074723958969,6.243679441270647,1,3.7455982514617903
3400.1694679260254,6.264057380299224,1,3.73409889197253
3400.2791755199432,6.264057380299224,1,3.73409889197253
3400.373934984207,6.253868410784936,1,3.73984857171716
3400.4816513061523,6.264057380299224,1,3.73409889197253
3400.5763952732086,6.253868410784936,1,3.73984857171716
3400.6867582798004,6.25132116840636,1,3.7412859916533194
3400.795345067978,6.261510137920649,1,3.7355363119086893
3400.8910863399506,6.25132116840636,1,3.7412859916533194
3400.9838395118713,6.25896289554208,1,3.736973731844845
3401.078586101532,6.25896289554208,1,3.736973731844845
3401.1714084148407,6.266604622677793,1,3.732661472036374
3401.28134059906,6.25896289554208,1,3.736973731844845
3401.375458717346,6.248773926027791,1,3.742723411589475
3401.4672195911407,6.266604622677793,1,3.732661472036374
3401.5629744529724,6.253868410784936,1,3.73984857171716
3401.6686918735504,6.261510137920649,1,3.7355363119086893
3401.7803931236267,6.264057380299224,1,3.73409889197253
3401.890277147293,6.241132198892078,1,3.7470356713979456
3401.9972383975983,6.25132116840636,1,3.7412859916533194
3402.0907638072968,6.253868410784936,1,3.73984857171716
3402.19851064682,6.256415653163504,1,3.7384111517810044
3402.2942547798157,6.274246349813506,1,3.728349212227904
3402.4039735794067,6.2462266836492155,1,3.7441608315256345
3402.496160507202,6.261510137920649,1,3.7355363119086893
3402.590423822403,6.2462266836492155,1,3.7441608315256345
3402.7001349925995,6.261510137920649,1,3.7355363119086893
3402.7948834896088,6.253868410784936,1,3.73984857171716
3402.9025995731354,6.264057380299224,1,3.73409889197253
3403.0131311416626,6.248773926027791,1,3.742723411589475
3403.1527581214905,6.25132116840636,1,3.7412859916533194
3403.248502969742,6.25896289554208,1,3.736973731844845
3403.356213092804,6.2385849565135025,1,3.7484730913341053
3403.4498279094696,6.253868410784936,1,3.73984857171716
3403.560042858124,6.264057380299224,1,3.73409889197253
3403.6557891368866,6.253868410784936,1,3.73984857171716
3403.749141216278,6.269151865056369,1,3.731224052100215
3403.8558559417725,6.264057380299224,1,3.73409889197253
3403.9484622478485,6.264057380299224,1,3.73409889197253
3404.04017663002,6.253868410784936,1,3.73984857171716
3404.151353597641,6.248773926027791,1,3.742723411589475
3404.2609708309174,6.264057380299224,1,3.73409889197253
3404.3719823360443,6.248773926027791,1,3.742723411589475
3404.462746620178,6.264057380299224,1,3.73409889197253
3404.5556387901306,6.253868410784936,1,3.73984857171716
3404.6496398448944,6.266604622677793,1,3.732661472036374
3404.741435289383,6.253868410784936,1,3.73984857171716
3404.8511106967926,6.25132116840636,1,3.7412859916533194
3404.9897458553314,6.248773926027791,1,3.742723411589475
3405.0954620838165,6.264057380299224,1,3.73409889197253
3405.202172756195,6.248773926027791,1,3.742723411589475
3405.313873529434,6.25896289554208,1,3.736973731844845
3405.406663417816,6.2462266836492155,1,3.7441608315256345
3405.500607252121,6.253868410784936,1,3.73984857171716
3405.5939123630524,6.261510137920649,1,3.7355363119086893
3405.6861686706543,6.25896289554208,1,3.736973731844845
3405.7809150218964,6.25132116840636,1,3.7412859916533194
3405.87438249588,6.2462266836492155,1,3.7441608315256345
3405.968136072159,6.256415653163504,1,3.7384111517810044
3406.0624346733093,6.256415653163504,1,3.7384111517810044
3406.15598654747,6.25896289554208,1,3.736973731844845
3406.2507326602936,6.261510137920649,1,3.7355363119086893
3406.3586740493774,6.261510137920649,1,3.7355363119086893
3406.453924179077,6.253868410784936,1,3.73984857171716
3406.576598882675,6.25896289554208,1,3.736973731844845
3406.684343099594,6.256415653163504,1,3.7384111517810044
3406.7779297828674,6.264057380299224,1,3.73409889197253
3406.886481285095,6.241132198892078,1,3.7470356713979456
3406.9792342185974,6.25896289554208,1,3.736973731844845
3407.0719859600067,6.264057380299224,1,3.73409889197253
3407.1667325496674,6.25896289554208,1,3.736973731844845
3407.2595188617706,6.253868410784936,1,3.73984857171716
3407.366829395294,6.264057380299224,1,3.73409889197253
3407.460717201233,6.271699107434937,1,3.729786632164059
3407.567454814911,6.256415653163504,1,3.7384111517810044
3407.6777443885803,6.261510137920649,1,3.7355363119086893
3407.798441886902,6.261510137920649,1,3.7355363119086893
3407.889199733734,6.2462266836492155,1,3.7441608315256345
3407.9832804203033,6.261510137920649,1,3.7355363119086893
3408.0628867149353,6.261510137920649,1,3.7355363119086893
3408.1566462516785,6.248773926027791,1,3.742723411589475
3408.2486729621887,6.266604622677793,1,3.732661472036374
3408.34242272377,6.261510137920649,1,3.7355363119086893
3408.4380548000336,6.25896289554208,1,3.736973731844845
3408.545765399933,6.2462266836492155,1,3.7441608315256345
3408.6993551254272,6.253868410784936,1,3.73984857171716
3408.809061050415,6.266604622677793,1,3.732661472036374
3408.919777393341,6.2462266836492155,1,3.7441608315256345
3409.029507637024,6.264057380299224,1,3.73409889197253
3409.123233795166,6.2462266836492155,1,3.7441608315256345
3409.215101957321,6.256415653163504,1,3.7384111517810044
3409.308394908905,6.256415653163504,1,3.7384111517810044
3409.4181077480316,6.248773926027791,1,3.742723411589475
3409.5116012096405,6.269151865056369,1,3.731224052100215
3409.607071876526,6.25132116840636,1,3.7412859916533194
3409.700353384018,6.253868410784936,1,3.73984857171716
3409.8080654144287,6.261510137920649,1,3.7355363119086893
3409.9018137454987,6.256415653163504,1,3.7384111517810044
3410.0125181674957,6.271699107434937,1,3.729786632164059
3410.1232311725616,6.253868410784936,1,3.73984857171716
3410.229937314987,6.25896289554208,1,3.736973731844845
3410.3396430015564,6.25896289554208,1,3.736973731844845
3410.447708129883,6.269151865056369,1,3.731224052100215
3410.5876545906067,6.25132116840636,1,3.7412859916533194
3410.6973609924316,6.269151865056369,1,3.731224052100215
3410.808070898056,6.264057380299224,1,3.73409889197253
3410.9008827209473,6.248773926027791,1,3.742723411589475
3410.9927434921265,6.25896289554208,1,3.736973731844845
3411.085884332657,6.2462266836492155,1,3.7441608315256345
3411.163010120392,6.25896289554208,1,3.736973731844845
3411.240563392639,6.261510137920649,1,3.7355363119086893
3411.334286928177,6.256415653163504,1,3.7384111517810044
3411.4119453430176,6.266604622677793,1,3.732661472036374
3411.4892156124115,6.256415653163504,1,3.7384111517810044
3411.5817906856537,6.266604622677793,1,3.732661472036374
3411.6725606918335,6.248773926027791,1,3.742723411589475
3411.766327857971,6.269151865056369,1,3.731224052100215
3411.8601286411285,6.274246349813506,1,3.728349212227904
3411.953945875168,6.264057380299224,1,3.73409889197253
3412.046724796295,6.256415653163504,1,3.7384111517810044
3412.1414597034454,6.25896289554208,1,3.736973731844845
3412.265211582184,6.256415653163504,1,3.7384111517810044
3412.3587419986725,6.2462266836492155,1,3.7441608315256345
3412.4385702610016,6.2385849565135025,1,3.7484730913341053
3412.5324573516846,6.269151865056369,1,3.731224052100215
3412.62539935112,6.243679441270647,1,3.7455982514617903
3412.7188637256622,6.261510137920649,1,3.7355363119086893
3412.810519218445,6.261510137920649,1,3.7355363119086893
3412.890588760376,6.256415653163504,1,3.7384111517810044
3412.9847695827484,6.253868410784936,1,3.73984857171716
3413.0617005825043,6.256415653163504,1,3.7384111517810044
3413.1537158489227,6.264057380299224,1,3.73409889197253
3413.231737136841,6.256415653163504,1,3.7384111517810044
3413.3254494667053,6.248773926027791,1,3.742723411589475
3413.433174610138,6.261510137920649,1,3.7355363119086893
3413.526555299759,6.266604622677793,1,3.732661472036374
3413.6198194026947,6.264057380299224,1,3.73409889197253
3413.7135722637177,6.274246349813506,1,3.728349212227904
3413.807968854904,6.248773926027791,1,3.742723411589475
3413.901764392853,6.264057380299224,1,3.73409889197253
3414.0264303684235,6.264057380299224,1,3.73409889197253
3414.1210124492645,6.25896289554208,1,3.736973731844845
3414.2138164043427,6.276793592192082,1,3.726911792291744
3414.309342622757,6.253868410784936,1,3.73984857171716
3414.4010977745056,6.264057380299224,1,3.73409889197253
3414.5108046531677,6.264057380299224,1,3.73409889197253
3414.6061244010925,6.253868410784936,1,3.73984857171716
3414.714874267578,6.271699107434937,1,3.729786632164059
3414.823622226715,6.243679441270647,1,3.7455982514617903
3414.917140483856,6.261510137920649,1,3.7355363119086893
3415.0258774757385,6.253868410784936,1,3.73984857171716
3415.118719100952,6.25896289554208,1,3.736973731844845
3415.213993549347,6.271699107434937,1,3.729786632164059
3415.3077108860016,6.248773926027791,1,3.742723411589475
3415.4018371105194,6.271699107434937,1,3.729786632164059
3415.497580051422,6.274246349813506,1,3.728349212227904
3415.6068122386932,6.261510137920649,1,3.7355363119086893
3415.734344482422,6.25896289554208,1,3.736973731844845
3415.8759660720825,6.269151865056369,1,3.731224052100215
3415.984672307968,6.256415653163504,1,3.7384111517810044
3416.094379425049,6.271699107434937,1,3.729786632164059
3416.2040865421295,6.253868410784936,1,3.73984857171716
3416.3117978572845,6.266604622677793,1,3.732661472036374
3416.4075417518616,6.256415653163504,1,3.7384111517810044
3416.499296426773,6.264057380299224,1,3.73409889197253
3416.5935723781586,6.264057380299224,1,3.73409889197253
3416.717474937439,6.25896289554208,1,3.736973731844845
3416.827793598175,6.269151865056369,1,3.731224052100215
3416.9215607643127,6.261510137920649,1,3.7355363119086893
3416.999613046646,6.284435319327795,1,3.7225995324832737
3417.108512401581,6.256415653163504,1,3.7384111517810044
3417.2001070976257,6.264057380299224,1,3.73409889197253
3417.278869152069,6.261510137920649,1,3.7355363119086893
3417.3586966991425,6.253868410784936,1,3.73984857171716
3417.450583934784,6.25896289554208,1,3.736973731844845
3417.5443484783173,6.253868410784936,1,3.73984857171716
3417.6851189136505,6.269151865056369,1,3.731224052100215
3417.7797355651855,6.269151865056369,1,3.731224052100215
3417.8734681606293,6.253868410784936,1,3.73984857171716
3417.982659816742,6.25896289554208,1,3.736973731844845
3418.076411008835,6.256415653163504,1,3.7384111517810044
3418.168981552124,6.25132116840636,1,3.7412859916533194
3418.2637190818787,6.266604622677793,1,3.732661472036374
3418.3574929237366,6.261510137920649,1,3.7355363119086893
3418.4503133296967,6.256415653163504,1,3.7384111517810044
3418.544256925583,6.271699107434937,1,3.729786632164059
3418.6375029087067,6.256415653163504,1,3.7384111517810044
3418.7327563762665,6.264057380299224,1,3.73409889197253
3418.8275151252747,6.269151865056369,1,3.731224052100215
3418.9202547073364,6.256415653163504,1,3.7384111517810044
3419.0134353637695,6.276793592192082,1,3.726911792291744
3419.1071906089783,6.264057380299224,1,3.73409889197253
3419.2149772644043,6.269151865056369,1,3.731224052100215
3419.3095910549164,6.271699107434937,1,3.729786632164059
3419.4362711906433,6.248773926027791,1,3.742723411589475
3419.532233953476,6.261510137920649,1,3.7355363119086893
3419.625418663025,6.25132116840636,1,3.7412859916533194
3419.7191541194916,6.25132116840636,1,3.7412859916533194
3419.825766801834,6.266604622677793,1,3.732661472036374
3419.9180495738983,6.269151865056369,1,3.731224052100215
3420.012796163559,6.269151865056369,1,3.731224052100215
3420.1070053577423,6.256415653163504,1,3.7384111517810044
3420.198765039444,6.27934083457065,1,3.7254743723555888
3420.289650440216,6.269151865056369,1,3.731224052100215
3420.3814747333527,6.271699107434937,1,3.729786632164059
3420.459836959839,6.271699107434937,1,3.729786632164059
3420.5518090724945,6.27934083457065,1,3.7254743723555888
3420.644062757492,6.269151865056369,1,3.731224052100215
3420.7207984924316,6.261510137920649,1,3.7355363119086893
3420.81467294693,6.27934083457065,1,3.7254743723555888
3420.8918826580048,6.269151865056369,1,3.731224052100215
3420.9847297668457,6.269151865056369,1,3.731224052100215
3421.0635681152344,6.271699107434937,1,3.729786632164059
3421.1706533432007,6.25132116840636,1,3.7412859916533194
3421.2475237846375,6.269151865056369,1,3.731224052100215
3421.327579975128,6.274246349813506,1,3.728349212227904
3421.4202716350555,6.253868410784936,1,3.73984857171716
3421.5156848430634,6.25896289554208,1,3.736973731844845
3421.609642267227,6.25896289554208,1,3.736973731844845
3421.687623023987,6.25896289554208,1,3.736973731844845
3421.780981063843,6.27934083457065,1,3.7254743723555888
3421.8729853630066,6.266604622677793,1,3.732661472036374
3421.951516866684,6.261510137920649,1,3.7355363119086893
3422.028419494629,6.271699107434937,1,3.729786632164059
3422.1069157123566,6.25896289554208,1,3.736973731844845
3422.1848175525665,6.269151865056369,1,3.731224052100215
3422.264432668686,6.266604622677793,1,3.732661472036374
3422.356230735779,6.2462266836492155,1,3.7441608315256345
3422.435240983963,6.264057380299224,1,3.73409889197253
3422.528608560562,6.274246349813506,1,3.728349212227904
3422.620475769043,6.261510137920649,1,3.7355363119086893
3422.731847524643,6.274246349813506,1,3.728349212227904
3422.8106348514557,6.27934083457065,1,3.7254743723555888
3422.901167869568,6.264057380299224,1,3.73409889197253
3422.9789419174194,6.274246349813506,1,3.728349212227904
3423.0558516979218,6.264057380299224,1,3.73409889197253
3423.149564266205,6.271699107434937,1,3.729786632164059
3423.2289197444916,6.25896289554208,1,3.736973731844845
3423.305855989456,6.261510137920649,1,3.7355363119086893
3423.38299036026,6.274246349813506,1,3.728349212227904
3423.477627515793,6.274246349813506,1,3.728349212227904
3423.554854154587,6.25896289554208,1,3.736973731844845
3423.64613366127,6.271699107434937,1,3.729786632164059
3423.7408521175385,6.253868410784936,1,3.73984857171716
3423.8342039585114,6.266604622677793,1,3.732661472036374
3423.9136617183685,6.271699107434937,1,3.729786632164059
3424.006444454193,6.261510137920649,1,3.7355363119086893
3424.082986354828,6.261510137920649,1,3.7355363119086893
3424.1757152080536,6.25132116840636,1,3.7412859916533194
3424.2836430072784,6.271699107434937,1,3.729786632164059
3424.362560272217,6.256415653163504,1,3.7384111517810044
3424.4549701213837,6.261510137920649,1,3.7355363119086893
3424.5328946113586,6.266604622677793,1,3.732661472036374
3424.609625339508,6.25896289554208,1,3.736973731844845
3424.6882371902466,6.264057380299224,1,3.73409889197253
3424.780814409256,6.276793592192082,1,3.726911792291744
3424.8754558563232,6.261510137920649,1,3.7355363119086893
3424.9683997631073,6.25896289554208,1,3.736973731844845
3425.0473022460938,6.269151865056369,1,3.731224052100215
3425.1406829357147,6.25132116840636,1,3.7412859916533194
3425.2184405326843,6.271699107434937,1,3.729786632164059
3425.3111560344696,6.266604622677793,1,3.732661472036374
3425.390005350113,6.261510137920649,1,3.7355363119086893
3425.4849803447723,6.281888076949226,1,3.724036952419429
3425.5627212524414,6.261510137920649,1,3.7355363119086893
3425.6548688411713,6.274246349813506,1,3.728349212227904
3425.7496564388275,6.269151865056369,1,3.731224052100215
3425.8734967708588,6.264057380299224,1,3.73409889197253
3425.9669032096863,6.25896289554208,1,3.736973731844845
3426.0606491565704,6.264057380299224,1,3.73409889197253
3426.1536560058594,6.256415653163504,1,3.7384111517810044
3426.2329671382904,6.274246349813506,1,3.728349212227904
3426.325278043747,6.269151865056369,1,3.731224052100215
3426.434783220291,6.271699107434937,1,3.729786632164059
3426.528532743454,6.269151865056369,1,3.731224052100215
3426.621791601181,6.264057380299224,1,3.73409889197253
3426.715045928955,6.281888076949226,1,3.724036952419429
3426.8087406158447,6.266604622677793,1,3.732661472036374
3426.9016859531403,6.274246349813506,1,3.728349212227904
3426.995635032654,6.25896289554208,1,3.736973731844845
3427.0879333019257,6.261510137920649,1,3.7355363119086893
3427.181678533554,6.27934083457065,1,3.7254743723555888
3427.275433778763,6.271699107434937,1,3.729786632164059
3427.371061563492,6.261510137920649,1,3.7355363119086893
3427.4662585258484,6.271699107434937,1,3.729786632164059
3427.5593361854553,6.261510137920649,1,3.7355363119086893
3427.686995267868,6.264057380299224,1,3.73409889197253
3427.7804651260376,6.253868410784936,1,3.73984857171716
3427.874214410782,6.261510137920649,1,3.7355363119086893
3427.9680981636047,6.271699107434937,1,3.729786632164059
3428.062865972519,6.269151865056369,1,3.731224052100215
3428.155831336975,6.266604622677793,1,3.732661472036374
3428.248582839966,6.269151865056369,1,3.731224052100215
3428.343785762787,6.281888076949226,1,3.724036952419429
3428.422746658325,6.264057380299224,1,3.73409889197253
3428.516487598419,6.281888076949226,1,3.724036952419429
3428.608281850815,6.264057380299224,1,3.73409889197253
3428.714005947113,6.274246349813506,1,3.728349212227904
3428.8057548999786,6.271699107434937,1,3.729786632164059
3428.899724006653,6.264057380299224,1,3.73409889197253
3429.008439064026,6.264057380299224,1,3.73409889197253
3429.116724252701,6.284435319327795,1,3.7225995324832737
3429.225168466568,6.261510137920649,1,3.7355363119086893
3429.3186802864075,6.274246349813506,1,3.728349212227904
3429.4443662166595,6.276793592192082,1,3.726911792291744
3429.5524747371674,6.274246349813506,1,3.728349212227904
3429.6605558395386,6.284435319327795,1,3.7225995324832737
3429.7544786930084,6.266604622677793,1,3.732661472036374
3429.8482286930084,6.269151865056369,1,3.731224052100215
3429.9389855861664,6.261510137920649,1,3.7355363119086893
3430.0317373275757,6.281888076949226,1,3.724036952419429
3430.1234967708588,6.256415653163504,1,3.7384111517810044
3430.2182393074036,6.271699107434937,1,3.729786632164059
3430.312029361725,6.274246349813506,1,3.728349212227904
3430.3898646831512,6.25896289554208,1,3.736973731844845
3430.4856452941895,6.261510137920649,1,3.7355363119086893
3430.5765767097473,6.284435319327795,1,3.7225995324832737
3430.6856212615967,6.27934083457065,1,3.7254743723555888
3430.778706550598,6.274246349813506,1,3.728349212227904
3430.857536792755,6.266604622677793,1,3.732661472036374
3430.9340875148773,6.271699107434937,1,3.729786632164059
3431.025871038437,6.266604622677793,1,3.732661472036374
3431.1664962768555,6.271699107434937,1,3.729786632164059
3431.274836063385,6.256415653163504,1,3.7384111517810044
3431.3529348373413,6.274246349813506,1,3.728349212227904
3431.4473588466644,6.271699107434937,1,3.729786632164059
3431.5394439697266,6.27934083457065,1,3.7254743723555888
3431.6327764987946,6.276793592192082,1,3.726911792291744
3431.724449634552,6.266604622677793,1,3.732661472036374
3431.8197050094604,6.25896289554208,1,3.736973731844845
3431.9145674705505,6.27934083457065,1,3.7254743723555888
3432.008440256119,6.261510137920649,1,3.7355363119086893
3432.0883350372314,6.271699107434937,1,3.729786632164059
3432.1806421279907,6.274246349813506,1,3.728349212227904
3432.2740240097046,6.264057380299224,1,3.73409889197253
3432.3691251277924,6.261510137920649,1,3.7355363119086893
3432.460742712021,6.269151865056369,1,3.731224052100215
3432.553584098816,6.266604622677793,1,3.732661472036374
3432.6473331451416,6.274246349813506,1,3.728349212227904
3432.7394256591797,6.25896289554208,1,3.736973731844845
3432.8620932102203,6.271699107434937,1,3.729786632164059
3432.952644586563,6.25896289554208,1,3.736973731844845
3433.031626224518,6.266604622677793,1,3.732661472036374
3433.1248981952667,6.266604622677793,1,3.732661472036374
3433.2029991149902,6.274246349813506,1,3.728349212227904
3433.2977566719055,6.266604622677793,1,3.732661472036374
3433.38947057724,6.269151865056369,1,3.731224052100215
3433.484221458435,6.274246349813506,1,3.728349212227904
3433.577962875366,6.274246349813506,1,3.728349212227904
3433.6690855026245,6.264057380299224,1,3.73409889197253
3433.761964082718,6.281888076949226,1,3.724036952419429
3433.86869931221,6.281888076949226,1,3.724036952419429
3433.961467027664,6.281888076949226,1,3.724036952419429
3434.0572245121,6.266604622677793,1,3.732661472036374
3434.1680614948273,6.266604622677793,1,3.732661472036374
3434.2630095481873,6.276793592192082,1,3.726911792291744
3434.3539934158325,6.274246349813506,1,3.728349212227904
3434.4469509124756,6.284435319327795,1,3.7225995324832737
3434.538936853409,6.264057380299224,1,3.73409889197253
3434.6479535102844,6.27934083457065,1,3.7254743723555888
3434.7256438732147,6.274246349813506,1,3.728349212227904
3434.818732023239,6.271699107434937,1,3.729786632164059
3434.9094219207764,6.274246349813506,1,3.728349212227904
3435.0033700466156,6.261510137920649,1,3.7355363119086893
3435.08017373085,6.274246349813506,1,3.728349212227904
3435.173320531845,6.264057380299224,1,3.73409889197253
3435.264796733856,6.276793592192082,1,3.726911792291744
3435.344204187393,6.281888076949226,1,3.724036952419429
3435.439602613449,6.271699107434937,1,3.729786632164059
3435.5329542160034,6.289529804084939,1,3.7197246926109586
3435.6247339248657,6.266604622677793,1,3.732661472036374
3435.702598810196,6.27934083457065,1,3.7254743723555888
3435.779942035675,6.27934083457065,1,3.7254743723555888
3435.85866689682,6.261510137920649,1,3.7355363119086893
3435.9366359710693,6.264057380299224,1,3.73409889197253
3436.0291187763214,6.27934083457065,1,3.7254743723555888
3436.106444120407,6.274246349813506,1,3.728349212227904
3436.214409351349,6.276793592192082,1,3.726911792291744
3436.307281255722,6.261510137920649,1,3.7355363119086893
3436.3992557525635,6.281888076949226,1,3.724036952419429
3436.490970849991,6.274246349813506,1,3.728349212227904
3436.5847363471985,6.28698256170637,1,3.721162112547114
3436.678514957428,6.271699107434937,1,3.729786632164059
3436.7738506793976,6.284435319327795,1,3.7225995324832737
3436.8688032627106,6.27934083457065,1,3.7254743723555888
3436.962693452835,6.27934083457065,1,3.7254743723555888
3437.057619333267,6.261510137920649,1,3.7355363119086893
3437.150371313095,6.276793592192082,1,3.726911792291744
3437.245617389679,6.276793592192082,1,3.726911792291744
3437.341358423233,6.264057380299224,1,3.73409889197253
3437.434110403061,6.274246349813506,1,3.728349212227904
3437.5428178310394,6.261510137920649,1,3.7355363119086893
3437.6335759162903,6.28698256170637,1,3.721162112547114
3437.7283284664154,6.264057380299224,1,3.73409889197253
3437.822075843811,6.266604622677793,1,3.732661472036374
3437.948732614517,6.281888076949226,1,3.724036952419429
3438.0444774627686,6.281888076949226,1,3.724036952419429
3438.1382310390472,6.264057380299224,1,3.73409889197253
3438.233423233032,6.269151865056369,1,3.731224052100215
3438.326149702072,6.248773926027791,1,3.742723411589475
3438.404127597809,6.261510137920649,1,3.7355363119086893
3438.4828412532806,6.266604622677793,1,3.732661472036374
3438.5748336315155,6.25132116840636,1,3.7412859916533194
3438.684539794922,6.266604622677793,1,3.732661472036374
3438.77779006958,6.271699107434937,1,3.729786632164059
3438.8712887763977,6.264057380299224,1,3.73409889197253
3438.966031074524,6.271699107434937,1,3.729786632164059
3439.057537317276,6.264057380299224,1,3.73409889197253
3439.1532969474792,6.261510137920649,1,3.7355363119086893
3439.2450652122498,6.269151865056369,1,3.731224052100215
3439.340858221054,6.274246349813506,1,3.728349212227904
3439.432857275009,6.27934083457065,1,3.7254743723555888
3439.526260614395,6.271699107434937,1,3.729786632164059
3439.6499297618866,6.276793592192082,1,3.726911792291744
3439.7436797618866,6.276793592192082,1,3.726911792291744
3439.8547320365906,6.25896289554208,1,3.736973731844845
3439.9482367038727,6.284435319327795,1,3.7225995324832737
3440.0417132377625,6.25896289554208,1,3.736973731844845
3440.1354830265045,6.269151865056369,1,3.731224052100215
3440.227303981781,6.274246349813506,1,3.728349212227904
3440.339017868042,6.264057380299224,1,3.73409889197253
3440.431738615036,6.271699107434937,1,3.729786632164059
3440.525784254074,6.274246349813506,1,3.728349212227904
3440.6195578575134,6.28698256170637,1,3.721162112547114
3440.7113473415375,6.294624288842083,1,3.7168498527386435
3440.8050966262817,6.269151865056369,1,3.731224052100215
3440.8998482227325,6.271699107434937,1,3.729786632164059
3441.009473323822,6.266604622677793,1,3.732661472036374
3441.1042153835297,6.274246349813506,1,3.728349212227904
3441.2119600772858,6.289529804084939,1,3.7197246926109586
3441.3076808452606,6.274246349813506,1,3.728349212227904
3441.4004125595093,6.276793592192082,1,3.726911792291744
3441.538871049881,6.25896289554208,1,3.736973731844845
3441.6322746276855,6.284435319327795,1,3.7225995324832737
3441.727182149887,6.289529804084939,1,3.7197246926109586
3441.821472644806,6.274246349813506,1,3.728349212227904
3441.9152212142944,6.289529804084939,1,3.7197246926109586
3442.0089757442474,6.281888076949226,1,3.724036952419429
3442.1027324199677,6.27934083457065,1,3.7254743723555888
3442.210826396942,6.28698256170637,1,3.721162112547114
3442.3026134967804,6.276793592192082,1,3.726911792291744
3442.395362138748,6.276793592192082,1,3.726911792291744
3442.487116575241,6.276793592192082,1,3.726911792291744
3442.5808663368225,6.284435319327795,1,3.7225995324832737
3442.688581943512,6.269151865056369,1,3.731224052100215
3442.7823309898376,6.281888076949226,1,3.724036952419429
3442.875089406967,6.271699107434937,1,3.729786632164059
3442.954839706421,6.266604622677793,1,3.732661472036374
3443.0469059944153,6.241132198892078,1,3.7470356713979456
3443.140259742737,6.27934083457065,1,3.7254743723555888
3443.264928817749,6.281888076949226,1,3.724036952419429
3443.360636949539,6.281888076949226,1,3.724036952419429
3443.4534039497375,6.274246349813506,1,3.728349212227904
3443.5476937294006,6.289529804084939,1,3.7197246926109586
3443.6409475803375,6.281888076949226,1,3.724036952419429
3443.733781814575,6.292077046463515,1,3.718287272674799
3443.8265335559845,6.274246349813506,1,3.728349212227904
3443.9202964305878,6.292077046463515,1,3.718287272674799
3444.013048171997,6.27934083457065,1,3.7254743723555888
3444.108750104904,6.269151865056369,1,3.731224052100215
3444.2006590366364,6.289529804084939,1,3.7197246926109586
3444.2943093776703,6.284435319327795,1,3.7225995324832737
3444.3890523910522,6.276793592192082,1,3.726911792291744
3444.4824545383453,6.281888076949226,1,3.724036952419429
3444.5754764080048,6.261510137920649,1,3.7355363119086893
3444.6692633628845,6.28698256170637,1,3.721162112547114
3444.7620453834534,6.27934083457065,1,3.7254743723555888
3444.855746984482,6.274246349813506,1,3.728349212227904
3444.9820654392242,6.289529804084939,1,3.7197246926109586
3445.07781624794,6.27934083457065,1,3.7254743723555888
3445.169619321823,6.27934083457065,1,3.7254743723555888
3445.2624039649963,6.274246349813506,1,3.728349212227904
3445.356429338455,6.269151865056369,1,3.731224052100215
3445.450179576874,6.292077046463515,1,3.718287272674799
3445.5459229946136,6.284435319327795,1,3.7225995324832737
3445.637677192688,6.28698256170637,1,3.721162112547114
3445.729656457901,6.276793592192082,1,3.726911792291744
3445.822717189789,6.284435319327795,1,3.7225995324832737
3445.91783285141,6.289529804084939,1,3.7197246926109586
3446.013567209244,6.284435319327795,1,3.7225995324832737
3446.1073772907257,6.261510137920649,1,3.7355363119086893
3446.202759027481,6.292077046463515,1,3.718287272674799
3446.2965066432953,6.276793592192082,1,3.726911792291744
3446.3896453380585,6.284435319327795,1,3.7225995324832737
3446.4822340011597,6.284435319327795,1,3.7225995324832737
3446.574407339096,6.269151865056369,1,3.731224052100215
3446.702123641968,6.281888076949226,1,3.724036952419429
3446.795905828476,6.27934083457065,1,3.7254743723555888
3446.891620874405,6.266604622677793,1,3.732661472036374
3446.982726573944,6.284435319327795,1,3.7225995324832737
3447.091431617737,6.269151865056369,1,3.731224052100215
3447.2011382579803,6.289529804084939,1,3.7197246926109586
3447.3087685108185,6.269151865056369,1,3.731224052100215
3447.3865127563477,6.274246349813506,1,3.728349212227904
3447.4786138534546,6.289529804084939,1,3.7197246926109586
3447.571223974228,6.284435319327795,1,3.7225995324832737
3447.680481672287,6.284435319327795,1,3.7225995324832737
3447.790741443634,6.266604622677793,1,3.732661472036374
3447.9165363311768,6.284435319327795,1,3.7225995324832737
3447.995743751526,6.289529804084939,1,3.7197246926109586
3448.106070280075,6.269151865056369,1,3.731224052100215
3448.199835538864,6.28698256170637,1,3.721162112547114
3448.2925882339478,6.274246349813506,1,3.728349212227904
3448.4142620563507,6.284435319327795,1,3.7225995324832737
3448.5239713191986,6.261510137920649,1,3.7355363119086893
3448.679469347,6.276793592192082,1,3.726911792291744
3448.7586324214935,6.271699107434937,1,3.729786632164059
3448.8506343364716,6.27934083457065,1,3.7254743723555888
3448.944046974182,6.266604622677793,1,3.732661472036374
3449.037772655487,6.264057380299224,1,3.73409889197253
3449.1306207180023,6.28698256170637,1,3.721162112547114
3449.222805261612,6.269151865056369,1,3.731224052100215
3449.3300654888153,6.27934083457065,1,3.7254743723555888
3449.4387743473053,6.274246349813506,1,3.728349212227904
3449.5478599071503,6.28698256170637,1,3.721162112547114
3449.626529932022,6.276793592192082,1,3.726911792291744
3449.7352571487427,6.284435319327795,1,3.7225995324832737
3449.8430893421173,6.266604622677793,1,3.732661472036374
3449.9369921684265,6.274246349813506,1,3.728349212227904
3450.0298597812653,6.269151865056369,1,3.731224052100215
3450.1236515045166,6.271699107434937,1,3.729786632164059
3450.217496395111,6.28698256170637,1,3.721162112547114
3450.310575246811,6.284435319327795,1,3.7225995324832737
3450.4521968364716,6.284435319327795,1,3.7225995324832737
3450.5599088668823,6.274246349813506,1,3.728349212227904
3450.652850627899,6.281888076949226,1,3.724036952419429
3450.745851993561,6.281888076949226,1,3.724036952419429
3450.8387949466705,6.276793592192082,1,3.726911792291744
3450.9296791553497,6.289529804084939,1,3.7197246926109586
3451.0224356651306,6.281888076949226,1,3.724036952419429
3451.134136915207,6.276793592192082,1,3.726911792291744
3451.2280552387238,6.271699107434937,1,3.729786632164059
3451.3221135139465,6.261510137920649,1,3.7355363119086893
3451.4151000976562,6.284435319327795,1,3.7225995324832737
3451.5080721378326,6.284435319327795,1,3.7225995324832737
3451.601268053055,6.27934083457065,1,3.7254743723555888
3451.6940920352936,6.266604622677793,1,3.732661472036374
3451.7729654312134,6.292077046463515,1,3.718287272674799
3451.8646099567413,6.28698256170637,1,3.721162112547114
3451.957405567169,6.27934083457065,1,3.7254743723555888
3452.0362000465393,6.271699107434937,1,3.729786632164059
3452.1441700458527,6.28698256170637,1,3.721162112547114
3452.2231187820435,6.271699107434937,1,3.729786632164059
3452.300822019577,6.294624288842083,1,3.7168498527386435
3452.3786058425903,6.27934083457065,1,3.7254743723555888
3452.4852509498596,6.297171531220659,1,3.715412432802484
3452.562839984894,6.274246349813506,1,3.728349212227904
3452.65665268898,6.274246349813506,1,3.728349212227904
3452.7349438667297,6.281888076949226,1,3.724036952419429
3452.8120527267456,6.274246349813506,1,3.728349212227904
3452.890699148178,6.27934083457065,1,3.7254743723555888
3452.9844715595245,6.284435319327795,1,3.7225995324832737
3453.076801300049,6.266604622677793,1,3.732661472036374
3453.169634580612,6.28698256170637,1,3.721162112547114
3453.263422012329,6.289529804084939,1,3.7197246926109586
3453.3546571731567,6.284435319327795,1,3.7225995324832737
3453.4484972953796,6.28698256170637,1,3.721162112547114
3453.54128241539,6.27934083457065,1,3.7254743723555888
3453.6340670585632,6.28698256170637,1,3.721162112547114
3453.7724533081055,6.27934083457065,1,3.7254743723555888
3453.8960905075073,6.271699107434937,1,3.729786632164059
3454.0157487392426,6.284435319327795,1,3.7225995324832737
3454.108865261078,6.27934083457065,1,3.7254743723555888
3454.187669277191,6.284435319327795,1,3.7225995324832737
3454.2794365882874,6.276793592192082,1,3.726911792291744
3454.3574633598328,6.281888076949226,1,3.724036952419429
3454.448627471924,6.294624288842083,1,3.7168498527386435
3454.5428187847137,6.28698256170637,1,3.721162112547114
3454.6372168064117,6.28698256170637,1,3.721162112547114
3454.730222463608,6.289529804084939,1,3.7197246926109586
3454.8231613636017,6.284435319327795,1,3.7225995324832737
3454.901557445526,6.281888076949226,1,3.724036952419429
3454.994245529175,6.274246349813506,1,3.728349212227904
3455.0732934474945,6.27934083457065,1,3.7254743723555888
3455.164789915085,6.302266015977796,1,3.7125375929301727
3455.2422721385956,6.264057380299224,1,3.73409889197253
3455.3356997966766,6.28698256170637,1,3.721162112547114
3455.4286584854126,6.281888076949226,1,3.724036952419429
3455.5376377105713,6.297171531220659,1,3.715412432802484
3455.6140360832214,6.28698256170637,1,3.721162112547114
3455.692467689514,6.289529804084939,1,3.7197246926109586
3455.771414041519,6.292077046463515,1,3.718287272674799
3455.863975048065,6.284435319327795,1,3.7225995324832737
3455.940360546112,6.284435319327795,1,3.7225995324832737
3456.0173280239105,6.307360500734941,1,3.7096627530578576
3456.108339548111,6.281888076949226,1,3.724036952419429
3456.201963186264,6.297171531220659,1,3.715412432802484
3456.342552423477,6.27934083457065,1,3.7254743723555888
3456.4684076309204,6.28698256170637,1,3.721162112547114
3456.5761198997498,6.28698256170637,1,3.721162112547114
3456.6858298778534,6.28698256170637,1,3.721162112547114
3456.778643846512,6.276793592192082,1,3.726911792291744
3456.8735117912292,6.289529804084939,1,3.7197246926109586
3456.965520620346,6.28698256170637,1,3.721162112547114
3457.0577750205994,6.281888076949226,1,3.724036952419429
3457.1515147686005,6.289529804084939,1,3.7197246926109586
3457.260593175888,6.284435319327795,1,3.7225995324832737
3457.353752374649,6.297171531220659,1,3.715412432802484
3457.432614803314,6.297171531220659,1,3.715412432802484
3457.5256264209747,6.292077046463515,1,3.718287272674799
3457.618708372116,6.297171531220659,1,3.715412432802484
3457.698584318161,6.297171531220659,1,3.715412432802484
3457.7763152122498,6.269151865056369,1,3.731224052100215
3457.87029838562,6.289529804084939,1,3.7197246926109586
3457.949150800705,6.304813258356372,1,3.7111001729940134
3458.027974128723,6.27934083457065,1,3.7254743723555888
3458.1218547821045,6.276793592192082,1,3.726911792291744
3458.2146034240723,6.292077046463515,1,3.718287272674799
3458.339808702469,6.292077046463515,1,3.718287272674799
3458.449554204941,6.28698256170637,1,3.721162112547114
3458.5444984436035,6.284435319327795,1,3.7225995324832737
3458.6366090774536,6.302266015977796,1,3.7125375929301727
3458.759281396866,6.297171531220659,1,3.715412432802484
3458.883031606674,6.304813258356372,1,3.7111001729940134
3459.0074195861816,6.27934083457065,1,3.7254743723555888
3459.0866870880127,6.299718773599228,1,3.7139750128663285
3459.1797375679016,6.281888076949226,1,3.724036952419429
3459.2894217967987,6.292077046463515,1,3.718287272674799
3459.3991277217865,6.292077046463515,1,3.718287272674799
3459.5108308792114,6.27934083457065,1,3.7254743723555888
3459.6051185131073,6.289529804084939,1,3.7197246926109586
3459.699725151062,6.292077046463515,1,3.718287272674799
3459.7796244621277,6.274246349813506,1,3.728349212227904
3459.8718111515045,6.304813258356372,1,3.7111001729940134
3459.949176311493,6.294624288842083,1,3.7168498527386435
3460.0579504966736,6.27934083457065,1,3.7254743723555888
3460.1672394275665,6.281888076949226,1,3.724036952419429
3460.2779433727264,6.276793592192082,1,3.726911792291744
3460.3876485824585,6.28698256170637,1,3.721162112547114
3460.482846736908,6.284435319327795,1,3.7225995324832737
3460.575799703598,6.281888076949226,1,3.724036952419429
3460.670362472534,6.294624288842083,1,3.7168498527386435
3460.779046058655,6.284435319327795,1,3.7225995324832737
3460.8728487491608,6.299718773599228,1,3.7139750128663285
3460.9527752399445,6.281888076949226,1,3.724036952419429
3461.0303721427917,6.276793592192082,1,3.726911792291744
3461.1241688728333,6.294624288842083,1,3.7168498527386435
3461.2328038215637,6.27934083457065,1,3.7254743723555888
3461.3418684005737,6.284435319327795,1,3.7225995324832737
3461.453568458557,6.28698256170637,1,3.721162112547114
3461.562784433365,6.281888076949226,1,3.724036952419429
3461.67165017128,6.292077046463515,1,3.718287272674799
3461.780606508255,6.294624288842083,1,3.7168498527386435
3461.872767686844,6.294624288842083,1,3.7168498527386435
3461.964999437332,6.27934083457065,1,3.7254743723555888
3462.057945728302,6.294624288842083,1,3.7168498527386435
3462.16765332222,6.289529804084939,1,3.7197246926109586
3462.276360988617,6.284435319327795,1,3.7225995324832737
3462.3860692977905,6.28698256170637,1,3.721162112547114
3462.5097374916077,6.281888076949226,1,3.724036952419429
3462.605481863022,6.289529804084939,1,3.7197246926109586
3462.7291507720947,6.28698256170637,1,3.721162112547114
3462.82492518425,6.294624288842083,1,3.7168498527386435
3462.9174630641937,6.284435319327795,1,3.7225995324832737
3463.0095303058624,6.299718773599228,1,3.7139750128663285
3463.086562871933,6.294624288842083,1,3.7168498527386435
3463.1791558265686,6.28698256170637,1,3.721162112547114
3463.259056329727,6.27934083457065,1,3.7254743723555888
3463.337868452072,6.284435319327795,1,3.7225995324832737
3463.4149231910706,6.294624288842083,1,3.7168498527386435
3463.4939284324646,6.276793592192082,1,3.726911792291744
3463.5738892555237,6.294624288842083,1,3.7168498527386435
3463.6677401065826,6.297171531220659,1,3.715412432802484
3463.7602019309998,6.292077046463515,1,3.718287272674799
3463.853959083557,6.241132198892078,1,3.7470356713979456
3463.9477417469025,6.27934083457065,1,3.7254743723555888
3464.026314020157,6.304813258356372,1,3.7111001729940134
3464.1180140972137,6.312454985492085,1,3.7067879131855426
3464.211763381958,6.284435319327795,1,3.7225995324832737
3464.335762500763,6.294624288842083,1,3.7168498527386435
3464.4291591644287,6.289529804084939,1,3.7197246926109586
3464.5209486484528,6.292077046463515,1,3.718287272674799
3464.6139585971832,6.294624288842083,1,3.7168498527386435
3464.7077128887177,6.292077046463515,1,3.718287272674799
3464.800882101059,6.299718773599228,1,3.7139750128663285
3464.8948078155518,6.284435319327795,1,3.7225995324832737
3464.986251115799,6.302266015977796,1,3.7125375929301727
3465.0787329673767,6.289529804084939,1,3.7197246926109586
3465.155088186264,6.299718773599228,1,3.7139750128663285
3465.2463965415955,6.28698256170637,1,3.721162112547114
3465.3406360149384,6.294624288842083,1,3.7168498527386435
3465.4323892593384,6.284435319327795,1,3.7225995324832737
3465.524742126465,6.299718773599228,1,3.7139750128663285
3465.619488477707,6.284435319327795,1,3.7225995324832737
3465.712266921997,6.284435319327795,1,3.7225995324832737
3465.8057329654694,6.297171531220659,1,3.715412432802484
3465.9015305042267,6.299718773599228,1,3.7139750128663285
3466.0252125263214,6.297171531220659,1,3.715412432802484
3466.1209568977356,6.294624288842083,1,3.7168498527386435
3466.21404838562,6.292077046463515,1,3.718287272674799
3466.306343317032,6.299718773599228,1,3.7139750128663285
3466.399095773697,6.284435319327795,1,3.7225995324832737
3466.4918813705444,6.297171531220659,1,3.715412432802484
3466.5866284370422,6.299718773599228,1,3.7139750128663285
3466.6803781986237,6.284435319327795,1,3.7225995324832737
3466.7731308937073,6.294624288842083,1,3.7168498527386435
3466.8818390369415,6.289529804084939,1,3.7197246926109586
3466.992542743683,6.292077046463515,1,3.718287272674799
3467.086909532547,6.297171531220659,1,3.715412432802484
3467.179659843445,6.289529804084939,1,3.7197246926109586
3467.2734043598175,6.292077046463515,1,3.718287272674799
3467.3641035556793,6.27934083457065,1,3.7254743723555888
3467.45836019516,6.294624288842083,1,3.7168498527386435
3467.553987979889,6.294624288842083,1,3.7168498527386435
3467.6607382297516,6.289529804084939,1,3.7197246926109586
3467.7834157943726,6.289529804084939,1,3.7197246926109586
3467.890130996704,6.292077046463515,1,3.718287272674799
3467.9848783016205,6.294624288842083,1,3.7168498527386435
3468.0764684677124,6.292077046463515,1,3.718287272674799
3468.1721301078796,6.297171531220659,1,3.715412432802484
3468.265837907791,6.289529804084939,1,3.7197246926109586
3468.3585901260376,6.28698256170637,1,3.721162112547114
3468.45356798172,6.297171531220659,1,3.715412432802484
3468.531354665756,6.292077046463515,1,3.718287272674799
3468.6236963272095,6.302266015977796,1,3.7125375929301727
3468.716785669327,6.281888076949226,1,3.724036952419429
3468.808057785034,6.302266015977796,1,3.7125375929301727
3468.9009368419647,6.284435319327795,1,3.7225995324832737
3468.993856906891,6.289529804084939,1,3.7197246926109586
3469.0727128982544,6.297171531220659,1,3.715412432802484
3469.1521167755127,6.294624288842083,1,3.7168498527386435
3469.243955373764,6.289529804084939,1,3.7197246926109586
3469.3512394428253,6.292077046463515,1,3.718287272674799
3469.445228099823,6.276793592192082,1,3.726911792291744
3469.5848553180695,6.292077046463515,1,3.718287272674799
3469.6776218414307,6.312454985492085,1,3.7067879131855426
3469.7700579166412,6.284435319327795,1,3.7225995324832737
3469.8610079288483,6.289529804084939,1,3.7197246926109586
3469.9530005455017,6.299718773599228,1,3.7139750128663285
3470.0485002994537,6.284435319327795,1,3.7225995324832737
3470.140732049942,6.297171531220659,1,3.715412432802484
3470.234538793564,6.28698256170637,1,3.721162112547114
3470.3292853832245,6.281888076949226,1,3.724036952419429
3470.421051979065,6.289529804084939,1,3.7197246926109586
3470.5158653259277,6.284435319327795,1,3.7225995324832737
3470.611639738083,6.28698256170637,1,3.721162112547114
3470.7053849697113,6.299718773599228,1,3.7139750128663285
3470.8137390613556,6.281888076949226,1,3.724036952419429
3470.9055297374725,6.28698256170637,1,3.721162112547114
3470.997554540634,6.294624288842083,1,3.7168498527386435
3471.09273147583,6.304813258356372,1,3.7111001729940134
3471.1855189800262,6.299718773599228,1,3.7139750128663285
3471.310255765915,6.299718773599228,1,3.7139750128663285
3471.4022195339203,6.271699107434937,1,3.729786632164059
3471.4959444999695,6.27934083457065,1,3.7254743723555888
3471.587905406952,6.284435319327795,1,3.7225995324832737
3471.6818635463715,6.297171531220659,1,3.715412432802484
3471.7758436203003,6.292077046463515,1,3.718287272674799
3471.867003440857,6.294624288842083,1,3.7168498527386435
3471.9625980854034,6.294624288842083,1,3.7168498527386435
3472.040645122528,6.294624288842083,1,3.7168498527386435
3472.1198852062225,6.292077046463515,1,3.718287272674799
3472.196879863739,6.294624288842083,1,3.7168498527386435
3472.2745831012726,6.292077046463515,1,3.718287272674799
3472.3667595386505,6.28698256170637,1,3.721162112547114
3472.4622778892517,6.292077046463515,1,3.718287272674799
3472.5540647506714,6.294624288842083,1,3.7168498527386435
3472.6497735977173,6.292077046463515,1,3.718287272674799
3472.7435529232025,6.299718773599228,1,3.7139750128663285
3472.8525960445404,6.28698256170637,1,3.721162112547114
3472.995215177536,6.284435319327795,1,3.7225995324832737
3473.1059188842773,6.284435319327795,1,3.7225995324832737
3473.213631629944,6.294624288842083,1,3.7168498527386435
3473.323338031769,6.292077046463515,1,3.718287272674799
3473.415091753006,6.281888076949226,1,3.724036952419429
3473.509118795395,6.297171531220659,1,3.715412432802484
3473.6024146080017,6.294624288842083,1,3.7168498527386435
3473.6981551647186,6.297171531220659,1,3.715412432802484
3473.7909076213837,6.292077046463515,1,3.718287272674799
3473.8966245651245,6.292077046463515,1,3.718287272674799
3474.0033388137817,6.299718773599228,1,3.7139750128663285
3474.0940973758698,6.297171531220659,1,3.715412432802484
3474.203773021698,6.294624288842083,1,3.7168498527386435
3474.297545194626,6.292077046463515,1,3.718287272674799
3474.3905963897705,6.292077046463515,1,3.718287272674799
3474.484498500824,6.284435319327795,1,3.7225995324832737
3474.5766654014587,6.297171531220659,1,3.715412432802484
3474.6717805862427,6.302266015977796,1,3.7125375929301727
3474.796238899231,6.299718773599228,1,3.7139750128663285
3474.888632297516,6.292077046463515,1,3.718287272674799
3474.982980489731,6.292077046463515,1,3.718287272674799
3475.076103448868,6.299718773599228,1,3.7139750128663285
3475.1701300144196,6.292077046463515,1,3.718287272674799
3475.2633938789368,6.297171531220659,1,3.715412432802484
3475.3711054325104,6.307360500734941,1,3.7096627530578576
3475.4784615039825,6.292077046463515,1,3.718287272674799
3475.5710048675537,6.294624288842083,1,3.7168498527386435
3475.6497011184692,6.299718773599228,1,3.7139750128663285
3475.7436096668243,6.292077046463515,1,3.718287272674799
3475.838003396988,6.302266015977796,1,3.7125375929301727
3475.930635690689,6.294624288842083,1,3.7168498527386435
3476.0231578350067,6.297171531220659,1,3.715412432802484
3476.1189999580383,6.28698256170637,1,3.721162112547114
3476.212977170944,6.297171531220659,1,3.715412432802484
3476.3064029216766,6.289529804084939,1,3.7197246926109586
3476.3996868133545,6.289529804084939,1,3.7197246926109586
3476.509399652481,6.297171531220659,1,3.715412432802484
3476.633810043335,6.284435319327795,1,3.7225995324832737
3476.7450313568115,6.294624288842083,1,3.7168498527386435
3476.836238861084,6.289529804084939,1,3.7197246926109586
3476.9130823612213,6.297171531220659,1,3.715412432802484
3477.006181240082,6.289529804084939,1,3.7197246926109586
3477.0988738536835,6.28698256170637,1,3.721162112547114
3477.194640636444,6.289529804084939,1,3.7197246926109586
3477.2877418994904,6.27934083457065,1,3.7254743723555888
3477.378571033478,6.304813258356372,1,3.7111001729940134
3477.472320795059,6.289529804084939,1,3.7197246926109586
3477.566002845764,6.289529804084939,1,3.7197246926109586
3477.6747167110443,6.289529804084939,1,3.7197246926109586
3477.766484975815,6.289529804084939,1,3.7197246926109586
3477.8593645095825,6.294624288842083,1,3.7168498527386435
3477.953072786331,6.284435319327795,1,3.7225995324832737
3478.0468895435333,6.312454985492085,1,3.7067879131855426
3478.1416318416595,6.302266015977796,1,3.7125375929301727
3478.235988378525,6.284435319327795,1,3.7225995324832737
3478.3591680526733,6.309907743113516,1,3.7082253331216983
3478.4549131393433,6.309907743113516,1,3.7082253331216983
3478.5611877441406,6.2462266836492155,1,3.7441608315256345
3478.6559233665466,6.304813258356372,1,3.7111001729940134
3478.7486765384674,6.289529804084939,1,3.7197246926109586
3478.840865135193,6.292077046463515,1,3.718287272674799
3478.936091184616,6.289529804084939,1,3.7197246926109586
3479.0290682315826,6.289529804084939,1,3.7197246926109586
3479.1078634262085,6.294624288842083,1,3.7168498527386435
3479.2013862133026,6.281888076949226,1,3.724036952419429
3479.2971470355988,6.284435319327795,1,3.7225995324832737
3479.3912737369537,6.307360500734941,1,3.7096627530578576
3479.4835352897644,6.297171531220659,1,3.715412432802484
3479.5757818222046,6.284435319327795,1,3.7225995324832737
3479.669731616974,6.28698256170637,1,3.721162112547114
3479.749360561371,6.27934083457065,1,3.7254743723555888
3479.841958761215,6.297171531220659,1,3.715412432802484
3479.9507055282593,6.284435319327795,1,3.7225995324832737
3480.0595088005066,6.299718773599228,1,3.7139750128663285
3480.150746822357,6.284435319327795,1,3.7225995324832737
3480.229536294937,6.294624288842083,1,3.7168498527386435
3480.3087282180786,6.297171531220659,1,3.715412432802484
3480.3866090774536,6.28698256170637,1,3.721162112547114
3480.465991258621,6.281888076949226,1,3.724036952419429
3480.541642665863,6.294624288842083,1,3.7168498527386435
3480.6178851127625,6.297171531220659,1,3.715412432802484
3480.6950495243073,6.304813258356372,1,3.7111001729940134
3480.7882041931152,6.284435319327795,1,3.7225995324832737
3480.8652415275574,6.292077046463515,1,3.718287272674799
3480.9597465991974,6.302266015977796,1,3.7125375929301727
3481.0525443553925,6.289529804084939,1,3.7197246926109586
3481.14456987381,6.284435319327795,1,3.7225995324832737
3481.238604784012,6.294624288842083,1,3.7168498527386435
3481.3297126293182,6.297171531220659,1,3.715412432802484
3481.4087870121,6.297171531220659,1,3.715412432802484
3481.5017108917236,6.302266015977796,1,3.7125375929301727
3481.6097791194916,6.299718773599228,1,3.7139750128663285
3481.704189300537,6.289529804084939,1,3.7197246926109586
3481.7975091934204,6.292077046463515,1,3.718287272674799
3481.891261577606,6.304813258356372,1,3.7111001729940134
3481.9832439422607,6.302266015977796,1,3.7125375929301727
3482.0779905319214,6.302266015977796,1,3.7125375929301727
3482.173736810684,6.294624288842083,1,3.7168498527386435
3482.2834112644196,6.289529804084939,1,3.7197246926109586
3482.375119447708,6.284435319327795,1,3.7225995324832737
3482.46839427948,6.299718773599228,1,3.7139750128663285
3482.563163757324,6.299718773599228,1,3.7139750128663285
3482.656954050064,6.292077046463515,1,3.718287272674799
3482.749493122101,6.284435319327795,1,3.7225995324832737
3482.8432483673096,6.297171531220659,1,3.715412432802484
3482.937002182007,6.284435319327795,1,3.7225995324832737
3483.030820608139,6.297171531220659,1,3.715412432802484
3483.12557220459,6.302266015977796,1,3.7125375929301727
3483.21834897995,6.294624288842083,1,3.7168498527386435
3483.3127715587616,6.299718773599228,1,3.7139750128663285
3483.467280626297,6.302266015977796,1,3.7125375929301727
3483.5606727600098,6.297171531220659,1,3.715412432802484
3483.653844356537,6.292077046463515,1,3.718287272674799
3483.7456336021423,6.28698256170637,1,3.721162112547114
3483.8403403759003,6.304813258356372,1,3.7111001729940134
3483.9331991672516,6.289529804084939,1,3.7197246926109586
3484.0269548892975,6.302266015977796,1,3.7125375929301727
3484.1177208423615,6.28698256170637,1,3.721162112547114
3484.211107492447,6.292077046463515,1,3.718287272674799
3484.305362701416,6.289529804084939,1,3.7197246926109586
3484.398322582245,6.299718773599228,1,3.7139750128663285
3484.493104696274,6.302266015977796,1,3.7125375929301727
3484.585862636566,6.297171531220659,1,3.715412432802484
3484.6793744564056,6.281888076949226,1,3.724036952419429
3484.7741363048553,6.304813258356372,1,3.7111001729940134
3484.8819286823273,6.28698256170637,1,3.721162112547114
3484.9766800403595,6.297171531220659,1,3.715412432802484
3485.0664398670197,6.294624288842083,1,3.7168498527386435
3485.203638076782,6.28698256170637,1,3.721162112547114
3485.296394109726,6.315002227870661,1,3.7053504932493833
3485.391135931015,6.294624288842083,1,3.7168498527386435
3485.4848852157593,6.294624288842083,1,3.7168498527386435
3485.5776772499084,6.309907743113516,1,3.7082253331216983
3485.672427177429,6.299718773599228,1,3.7139750128663285
3485.7647235393524,6.297171531220659,1,3.715412432802484
3485.858494758606,6.304813258356372,1,3.7111001729940134
3485.9542694091797,6.284435319327795,1,3.7225995324832737
3486.0480370521545,6.294624288842083,1,3.7168498527386435
3486.1409935951233,6.294624288842083,1,3.7168498527386435
3486.2339758872986,6.297171531220659,1,3.715412432802484
3486.3279237747192,6.297171531220659,1,3.715412432802484
3486.4229078292847,6.276793592192082,1,3.726911792291744
3486.514701128006,6.299718773599228,1,3.7139750128663285
3486.6074533462524,6.292077046463515,1,3.718287272674799
3486.70121717453,6.284435319327795,1,3.7225995324832737
3486.7949655056,6.294624288842083,1,3.7168498527386435
3486.9056708812714,6.289529804084939,1,3.7197246926109586
3487.0117712020874,6.299718773599228,1,3.7139750128663285
3487.105549097061,6.281888076949226,1,3.724036952419429
3487.1968274116516,6.289529804084939,1,3.7197246926109586
3487.291578054428,6.304813258356372,1,3.7111001729940134
3487.3843615055084,6.284435319327795,1,3.7225995324832737
3487.4792037010193,6.294624288842083,1,3.7168498527386435
3487.5748002529144,6.299718773599228,1,3.7139750128663285
3487.6685321331024,6.284435319327795,1,3.7225995324832737
3487.7642772197723,6.304813258356372,1,3.7111001729940134
3487.857601881027,6.294624288842083,1,3.7168498527386435
3487.951625585556,6.289529804084939,1,3.7197246926109586
3488.0450010299683,6.309907743113516,1,3.7082253331216983
3488.1377389431,6.284435319327795,1,3.7225995324832737
3488.2327444553375,6.304813258356372,1,3.7111001729940134
3488.3264951705933,6.299718773599228,1,3.7139750128663285
3488.4203305244446,6.284435319327795,1,3.7225995324832737
3488.5141158103943,6.299718773599228,1,3.7139750128663285
3488.6387782096863,6.28698256170637,1,3.721162112547114
3488.732561349869,6.297171531220659,1,3.715412432802484
3488.8253133296967,6.294624288842083,1,3.7168498527386435
3488.921069383621,6.284435319327795,1,3.7225995324832737
3489.015810251236,6.299718773599228,1,3.7139750128663285
3489.1394789218903,6.292077046463515,1,3.718287272674799
3489.2491850852966,6.28698256170637,1,3.721162112547114
3489.340664625168,6.292077046463515,1,3.718287272674799
3489.4195125102997,6.294624288842083,1,3.7168498527386435
3489.5107452869415,6.302266015977796,1,3.7125375929301727
3489.5896456241608,6.289529804084939,1,3.7197246926109586
3489.668833732605,6.297171531220659,1,3.715412432802484
3489.760912179947,6.289529804084939,1,3.7197246926109586
3489.8389654159546,6.302266015977796,1,3.7125375929301727
3489.9170594215393,6.241132198892078,1,3.7470356713979456
3489.9941804409027,6.304813258356372,1,3.7111001729940134
3490.07280087471,6.28698256170637,1,3.721162112547114
3490.166931629181,6.294624288842083,1,3.7168498527386435
3490.259685277939,6.312454985492085,1,3.7067879131855426
3490.367856502533,6.28698256170637,1,3.721162112547114
3490.460727930069,6.315002227870661,1,3.7053504932493833
3490.555830001831,6.299718773599228,1,3.7139750128663285
3490.65070605278,6.294624288842083,1,3.7168498527386435
3490.7436084747314,6.299718773599228,1,3.7139750128663285
3490.821780204773,6.27934083457065,1,3.7254743723555888
3490.9129581451416,6.297171531220659,1,3.715412432802484
3491.005177974701,6.289529804084939,1,3.7197246926109586
3491.0828533172607,6.297171531220659,1,3.715412432802484
3491.176102399826,6.299718773599228,1,3.7139750128663285
3491.2698454856873,6.299718773599228,1,3.7139750128663285
3491.3606033325195,6.304813258356372,1,3.7111001729940134
3491.4548251628876,6.284435319327795,1,3.7225995324832737
3491.533634662628,6.297171531220659,1,3.715412432802484
3491.6277112960815,6.302266015977796,1,3.7125375929301727
3491.7207531929016,6.297171531220659,1,3.715412432802484
3491.814814567566,6.312454985492085,1,3.7067879131855426
3491.90536403656,6.284435319327795,1,3.7225995324832737
3492.01424574852,6.320096712627805,1,3.702475653377068
3492.090717792511,6.299718773599228,1,3.7139750128663285
3492.183543920517,6.302266015977796,1,3.7125375929301727
3492.26167178154,6.302266015977796,1,3.7125375929301727
3492.3539850711823,6.284435319327795,1,3.7225995324832737
3492.4318895339966,6.297171531220659,1,3.715412432802484
3492.524576187134,6.294624288842083,1,3.7168498527386435
3492.616995573044,6.299718773599228,1,3.7139750128663285
3492.695821762085,6.307360500734941,1,3.7096627530578576
3492.7883949279785,6.28698256170637,1,3.721162112547114
3492.8664467334747,6.312454985492085,1,3.7067879131855426
3492.9457063674927,6.289529804084939,1,3.7197246926109586
3493.023023366928,6.284435319327795,1,3.7225995324832737
3493.0999093055725,6.292077046463515,1,3.718287272674799
3493.1921968460083,6.294624288842083,1,3.7168498527386435
3493.2837719917297,6.28698256170637,1,3.721162112547114
3493.3607110977173,6.299718773599228,1,3.7139750128663285
3493.438640832901,6.292077046463515,1,3.718287272674799
3493.562131881714,6.304813258356372,1,3.7111001729940134
3493.6573655605316,6.289529804084939,1,3.7197246926109586
3493.765655517578,6.292077046463515,1,3.718287272674799
3493.8591861724854,6.299718773599228,1,3.7139750128663285
3493.950488090515,6.294624288842083,1,3.7168498527386435
3494.0298137664795,6.307360500734941,1,3.7096627530578576
3494.1206855773926,6.292077046463515,1,3.718287272674799
3494.1986198425293,6.309907743113516,1,3.7082253331216983
3494.2785968780518,6.304813258356372,1,3.7111001729940134
3494.3747577667236,6.292077046463515,1,3.718287272674799
3494.4665887355804,6.297171531220659,1,3.715412432802484
3494.558811903,6.304813258356372,1,3.7111001729940134
3494.649647474289,6.297171531220659,1,3.715412432802484
3494.7286496162415,6.309907743113516,1,3.7082253331216983
3494.8224272727966,6.292077046463515,1,3.718287272674799
3494.9153282642365,6.294624288842083,1,3.7168498527386435
3495.008897781372,6.299718773599228,1,3.7139750128663285
3495.087693452835,6.289529804084939,1,3.7197246926109586
3495.197528362274,6.297171531220659,1,3.715412432802484
3495.2765579223633,6.299718773599228,1,3.7139750128663285
3495.3695950508118,6.289529804084939,1,3.7197246926109586
3495.448397874832,6.292077046463515,1,3.718287272674799
3495.5264778137207,6.302266015977796,1,3.7125375929301727
3495.619947195053,6.289529804084939,1,3.7197246926109586
3495.6999118328094,6.302266015977796,1,3.7125375929301727
3495.7789244651794,6.302266015977796,1,3.7125375929301727
3495.856027364731,6.292077046463515,1,3.718287272674799
3495.948897123337,6.302266015977796,1,3.7125375929301727
3496.042027950287,6.297171531220659,1,3.715412432802484
3496.1184108257294,6.307360500734941,1,3.7096627530578576
3496.1965289115906,6.302266015977796,1,3.7125375929301727
3496.2750420570374,6.307360500734941,1,3.7096627530578576
3496.3531169891357,6.294624288842083,1,3.7168498527386435
3496.4322860240936,6.294624288842083,1,3.7168498527386435
3496.5240111351013,6.294624288842083,1,3.7168498527386435
3496.601844072342,6.294624288842083,1,3.7168498527386435
3496.6951127052307,6.304813258356372,1,3.7111001729940134
3496.803637742996,6.289529804084939,1,3.7197246926109586
3496.8819692134857,6.304813258356372,1,3.7111001729940134
3496.961780309677,6.302266015977796,1,3.7125375929301727
3497.05437207222,6.307360500734941,1,3.7096627530578576
3497.148352622986,6.302266015977796,1,3.7125375929301727
3497.23939371109,6.294624288842083,1,3.7168498527386435
3497.317029953003,6.292077046463515,1,3.718287272674799
3497.3949887752533,6.297171531220659,1,3.715412432802484
3497.4877469539642,6.292077046463515,1,3.718287272674799
3497.565100669861,6.302266015977796,1,3.7125375929301727
3497.65674495697,6.289529804084939,1,3.7197246926109586
3497.7656157016754,6.299718773599228,1,3.7139750128663285
3497.8610265254974,6.302266015977796,1,3.7125375929301727
3497.95468378067,6.297171531220659,1,3.715412432802484
3498.033763885498,6.28698256170637,1,3.721162112547114
3498.1114082336426,6.297171531220659,1,3.715412432802484
3498.20410490036,6.292077046463515,1,3.718287272674799
3498.2967660427094,6.304813258356372,1,3.7111001729940134
3498.4053189754486,6.289529804084939,1,3.7197246926109586
3498.482711791992,6.292077046463515,1,3.718287272674799
3498.560800552368,6.304813258356372,1,3.7111001729940134
3498.6535642147064,6.281888076949226,1,3.724036952419429
3498.7459576129913,6.294624288842083,1,3.7168498527386435
3498.824889421463,6.292077046463515,1,3.718287272674799
3498.9170360565186,6.289529804084939,1,3.7197246926109586
3499.0096616744995,6.299718773599228,1,3.7139750128663285
3499.101222753525,6.294624288842083,1,3.7168498527386435
3499.1775920391083,6.309907743113516,1,3.7082253331216983
3499.2557322978973,6.297171531220659,1,3.715412432802484
3499.3475971221924,6.284435319327795,1,3.7225995324832737
3499.439576625824,6.299718773599228,1,3.7139750128663285
3499.53391289711,6.27934083457065,1,3.7254743723555888
3499.6260039806366,6.297171531220659,1,3.715412432802484
3499.70383143425,6.292077046463515,1,3.718287272674799
3499.795642852783,6.309907743113516,1,3.7082253331216983
3499.8737456798553,6.294624288842083,1,3.7168498527386435
3499.9817550182343,6.297171531220659,1,3.715412432802484
3500.057196855545,6.289529804084939,1,3.7197246926109586
3500.1370227336884,6.281888076949226,1,3.724036952419429
3500.2305080890656,6.294624288842083,1,3.7168498527386435
3500.324487924576,6.289529804084939,1,3.7197246926109586
3500.4172422885895,6.302266015977796,1,3.7125375929301727
3500.5089948177338,6.312454985492085,1,3.7067879131855426
3500.617629289627,6.292077046463515,1,3.718287272674799
3500.7113947868347,6.292077046463515,1,3.718287272674799
3500.8200857639313,6.294624288842083,1,3.7168498527386435
3500.9158294200897,6.28698256170637,1,3.721162112547114
3501.007030725479,6.284435319327795,1,3.7225995324832737
3501.1018192768097,6.292077046463515,1,3.718287272674799
3501.196024656296,6.304813258356372,1,3.7111001729940134
3501.306754589081,6.294624288842083,1,3.7168498527386435
3501.4005119800568,6.294624288842083,1,3.7168498527386435
3501.494226694107,6.299718773599228,1,3.7139750128663285
3501.5879769325256,6.284435319327795,1,3.7225995324832737
3501.7276039123535,6.299718773599228,1,3.7139750128663285
3501.822350025177,6.292077046463515,1,3.718287272674799
3501.9480154514313,6.302266015977796,1,3.7125375929301727
3502.0432953834534,6.299718773599228,1,3.7139750128663285
3502.150317668915,6.289529804084939,1,3.7197246926109586
3502.259565591812,6.292077046463515,1,3.718287272674799
3502.383379459381,6.28698256170637,1,3.721162112547114
3502.4908616542816,6.304813258356372,1,3.7111001729940134
3502.5836052894592,6.304813258356372,1,3.7111001729940134
3502.6777789592743,6.297171531220659,1,3.715412432802484
3502.7695348262787,6.294624288842083,1,3.7168498527386435
3502.859445810318,6.307360500734941,1,3.7096627530578576
3502.9383833408356,6.28698256170637,1,3.721162112547114
3503.029988527298,6.299718773599228,1,3.7139750128663285
3503.1068572998047,6.284435319327795,1,3.7225995324832737
3503.200002670288,6.289529804084939,1,3.7197246926109586
3503.2916374206543,6.304813258356372,1,3.7111001729940134
3503.398803472519,6.309907743113516,1,3.7082253331216983
3503.4928874969482,6.309907743113516,1,3.7082253331216983
3503.5992131233215,6.284435319327795,1,3.7225995324832737
3503.678430557251,6.297171531220659,1,3.715412432802484
3503.7709872722626,6.289529804084939,1,3.7197246926109586
3503.8489832878113,6.297171531220659,1,3.715412432802484
3503.944600343704,6.289529804084939,1,3.7197246926109586
3504.0358402729034,6.304813258356372,1,3.7111001729940134
3504.128600358963,6.299718773599228,1,3.7139750128663285
3504.205013513565,6.281888076949226,1,3.724036952419429
3504.2975862026215,6.302266015977796,1,3.7125375929301727
3504.3907182216644,6.297171531220659,1,3.715412432802484
3504.481605052948,6.304813258356372,1,3.7111001729940134
3504.5588505268097,6.304813258356372,1,3.7111001729940134
3504.636725664139,6.307360500734941,1,3.7096627530578576
3504.7276961803436,6.292077046463515,1,3.718287272674799
3504.8225140571594,6.281888076949226,1,3.724036952419429
3504.8991372585297,6.299718773599228,1,3.7139750128663285
3504.992833852768,6.304813258356372,1,3.7111001729940134
3505.0858986377716,6.302266015977796,1,3.7125375929301727
3505.207330942154,6.292077046463515,1,3.718287272674799
3505.2860028743744,6.302266015977796,1,3.7125375929301727
3505.378039121628,6.309907743113516,1,3.7082253331216983
3505.455020427704,6.289529804084939,1,3.7197246926109586
3505.5315301418304,6.307360500734941,1,3.7096627530578576
3505.6229968070984,6.299718773599228,1,3.7139750128663285
3505.7006781101227,6.294624288842083,1,3.7168498527386435
3505.778760433197,6.299718773599228,1,3.7139750128663285
3505.8696999549866,6.307360500734941,1,3.7096627530578576
3505.961781024933,6.304813258356372,1,3.7111001729940134
3506.0388309955597,6.297171531220659,1,3.715412432802484
3506.1302490234375,6.302266015977796,1,3.7125375929301727
3506.2100007534027,6.312454985492085,1,3.7067879131855426
3506.3038425445557,6.292077046463515,1,3.718287272674799
3506.395652770996,6.309907743113516,1,3.7082253331216983
3506.488800048828,6.294624288842083,1,3.7168498527386435
3506.5806477069855,6.315002227870661,1,3.7053504932493833
3506.675401210785,6.304813258356372,1,3.7111001729940134
3506.797646045685,6.312454985492085,1,3.7067879131855426
3506.8740496635437,6.312454985492085,1,3.7067879131855426
3506.9691894054413,6.302266015977796,1,3.7125375929301727
3507.075899362564,6.315002227870661,1,3.7053504932493833
3507.185116291046,6.294624288842083,1,3.7168498527386435
3507.292828321457,6.309907743113516,1,3.7082253331216983
3507.4034371376038,6.307360500734941,1,3.7096627530578576
3507.5121455192566,6.315002227870661,1,3.7053504932493833
3507.62251830101,6.297171531220659,1,3.715412432802484
3507.730005264282,6.304813258356372,1,3.7111001729940134
3507.8379933834076,6.294624288842083,1,3.7168498527386435
3507.9308817386627,6.292077046463515,1,3.718287272674799
3508.0384361743927,6.304813258356372,1,3.7111001729940134
3508.134443283081,6.315002227870661,1,3.7053504932493833
3508.242120742798,6.307360500734941,1,3.7096627530578576
3508.3518278598785,6.304813258356372,1,3.7111001729940134
3508.4595398902893,6.304813258356372,1,3.7111001729940134
3508.5845997333527,6.281888076949226,1,3.724036952419429
3508.739186525345,6.297171531220659,1,3.715412432802484
3508.844902276993,6.304813258356372,1,3.7111001729940134
3508.95161819458,6.297171531220659,1,3.715412432802484
3509.0623321533203,6.304813258356372,1,3.7111001729940134
3509.154086112976,6.292077046463515,1,3.718287272674799
3509.248305082321,6.304813258356372,1,3.7111001729940134
3509.3412091732025,6.304813258356372,1,3.7111001729940134
3509.44792842865,6.307360500734941,1,3.7096627530578576
3509.542155265808,6.307360500734941,1,3.7096627530578576
3509.6336266994476,6.302266015977796,1,3.7125375929301727
3509.740340232849,6.307360500734941,1,3.7096627530578576
3509.8330986499786,6.304813258356372,1,3.7111001729940134
3509.926367521286,6.302266015977796,1,3.7125375929301727
3510.0174527168274,6.309907743113516,1,3.7082253331216983
3510.1252949237823,6.307360500734941,1,3.7096627530578576
3510.2190446853638,6.297171531220659,1,3.715412432802484
3510.3108201026917,6.294624288842083,1,3.7168498527386435
3510.402885913849,6.294624288842083,1,3.7168498527386435
3510.528548002243,6.315002227870661,1,3.7053504932493833
3510.6542162895203,6.289529804084939,1,3.7197246926109586
3510.7469923496246,6.309907743113516,1,3.7082253331216983
3510.839740037918,6.309907743113516,1,3.7082253331216983
3510.9334552288055,6.294624288842083,1,3.7168498527386435
3511.0262026786804,6.312454985492085,1,3.7067879131855426
3511.120965719223,6.292077046463515,1,3.718287272674799
3511.2156953811646,6.304813258356372,1,3.7111001729940134
3511.3079590797424,6.307360500734941,1,3.7096627530578576
3511.4032111167908,6.309907743113516,1,3.7082253331216983
3511.49396944046,6.294624288842083,1,3.7168498527386435
3511.586753129959,6.299718773599228,1,3.7139750128663285
3511.6814670562744,6.304813258356372,1,3.7111001729940134
3511.773293495178,6.299718773599228,1,3.7139750128663285
3511.867596387863,6.299718773599228,1,3.7139750128663285
3511.960388660431,6.320096712627805,1,3.702475653377068
3512.085556268692,6.299718773599228,1,3.7139750128663285
3512.1927783489227,6.304813258356372,1,3.7111001729940134
3512.2851979732513,6.299718773599228,1,3.7139750128663285
3512.3936944007874,6.304813258356372,1,3.7111001729940134
3512.487621307373,6.297171531220659,1,3.715412432802484
3512.5807490348816,6.309907743113516,1,3.7082253331216983
3512.671411514282,6.302266015977796,1,3.7125375929301727
3512.7496857643127,6.292077046463515,1,3.718287272674799
3512.828017950058,6.302266015977796,1,3.7125375929301727
3512.919582605362,6.302266015977796,1,3.7125375929301727
3512.99955034256,6.299718773599228,1,3.7139750128663285
3513.093314409256,6.307360500734941,1,3.7096627530578576
3513.1850576400757,6.294624288842083,1,3.7168498527386435
3513.264980316162,6.304813258356372,1,3.7111001729940134
3513.3578717708588,6.302266015977796,1,3.7125375929301727
3513.435682296753,6.304813258356372,1,3.7111001729940134
3513.530390024185,6.304813258356372,1,3.7111001729940134
3513.6066977977753,6.302266015977796,1,3.7125375929301727
3513.6845638751984,6.297171531220659,1,3.715412432802484
3513.7787685394287,6.294624288842083,1,3.7168498527386435
3513.8557119369507,6.284435319327795,1,3.7225995324832737
3513.966739177704,6.297171531220659,1,3.715412432802484
3514.0439128875732,6.302266015977796,1,3.7125375929301727
3514.1367750167847,6.294624288842083,1,3.7168498527386435
3514.2160131931305,6.297171531220659,1,3.715412432802484
3514.305871486664,6.289529804084939,1,3.7197246926109586
3514.383832216263,6.294624288842083,1,3.7168498527386435
3514.4626653194427,6.312454985492085,1,3.7067879131855426
3514.5540730953217,6.299718773599228,1,3.7139750128663285
3514.646241426468,6.304813258356372,1,3.7111001729940134
3514.723735332489,6.297171531220659,1,3.715412432802484
3514.8153336048126,6.312454985492085,1,3.7067879131855426
3514.892699241638,6.297171531220659,1,3.715412432802484
3514.9843668937683,6.297171531220659,1,3.715412432802484
3515.062057495117,6.297171531220659,1,3.715412432802484
3515.141850709915,6.304813258356372,1,3.7111001729940134
3515.21799659729,6.299718773599228,1,3.7139750128663285
3515.311186313629,6.312454985492085,1,3.7067879131855426
3515.402310848236,6.302266015977796,1,3.7125375929301727
3515.523859977722,6.304813258356372,1,3.7111001729940134
3515.6030061244965,6.299718773599228,1,3.7139750128663285
3515.680149078369,6.312454985492085,1,3.7067879131855426
3515.772030353546,6.297171531220659,1,3.715412432802484
3515.865954875946,6.304813258356372,1,3.7111001729940134
3515.9579253196716,6.315002227870661,1,3.7053504932493833
3516.0359308719635,6.299718773599228,1,3.7139750128663285
3516.1277606487274,6.312454985492085,1,3.7067879131855426
3516.219517469406,6.302266015977796,1,3.7125375929301727
3516.3132688999176,6.304813258356372,1,3.7111001729940134
3516.404856443405,6.304813258356372,1,3.7111001729940134
3516.497720479965,6.317549470249229,1,3.7039130733132275
3516.590456008911,6.309907743113516,1,3.7082253331216983
3516.6832060813904,6.297171531220659,1,3.715412432802484
3516.7789561748505,6.315002227870661,1,3.7053504932493833
3516.8717515468597,6.309907743113516,1,3.7082253331216983
3516.9661803245544,6.299718773599228,1,3.7139750128663285
3517.0584189891815,6.315002227870661,1,3.7053504932493833
3517.1501879692078,6.294624288842083,1,3.7168498527386435
3517.274632692337,6.307360500734941,1,3.7096627530578576
3517.366391181946,6.312454985492085,1,3.7067879131855426
3517.4601912498474,6.322643955006374,1,3.7010382334409124
3517.5529267787933,6.299718773599228,1,3.7139750128663285
3517.6456756591797,6.317549470249229,1,3.7039130733132275
3517.7394285202026,6.309907743113516,1,3.7082253331216983
3517.830227136612,6.312454985492085,1,3.7067879131855426
3517.923013687134,6.309907743113516,1,3.7082253331216983
3518.0287368297577,6.317549470249229,1,3.7039130733132275
3518.12153172493,6.297171531220659,1,3.715412432802484
3518.214750289917,6.299718773599228,1,3.7139750128663285
3518.306531906128,6.299718773599228,1,3.7139750128663285
3518.4016296863556,6.302266015977796,1,3.7125375929301727
3518.4943816661835,6.312454985492085,1,3.7067879131855426
3518.601279735565,6.302266015977796,1,3.7125375929301727
3518.6930351257324,6.302266015977796,1,3.7125375929301727
3518.7841742038727,6.312454985492085,1,3.7067879131855426
3518.8783655166626,6.302266015977796,1,3.7125375929301727
3519.000718832016,6.299718773599228,1,3.7139750128663285
3519.079042196274,6.302266015977796,1,3.7125375929301727
3519.170936346054,6.302266015977796,1,3.7125375929301727
3519.26349067688,6.312454985492085,1,3.7067879131855426
3519.355852127075,6.299718773599228,1,3.7139750128663285
3519.433854818344,6.299718773599228,1,3.7139750128663285
3519.524353504181,6.309907743113516,1,3.7082253331216983
3519.620097875595,6.284435319327795,1,3.7225995324832737
3519.7277019023895,6.317549470249229,1,3.7039130733132275
3519.83815574646,6.299718773599228,1,3.7139750128663285
3519.9610526561737,6.317549470249229,1,3.7039130733132275
3520.054724931717,6.302266015977796,1,3.7125375929301727
3520.1316034793854,6.309907743113516,1,3.7082253331216983
3520.2226161956787,6.299718773599228,1,3.7139750128663285
3520.3166267871857,6.302266015977796,1,3.7125375929301727
3520.423341035843,6.299718773599228,1,3.7139750128663285
3520.5330488681793,6.28698256170637,1,3.721162112547114
3520.6388363838196,6.307360500734941,1,3.7096627530578576
3520.747951030731,6.299718773599228,1,3.7139750128663285
3520.838686943054,6.299718773599228,1,3.7139750128663285
3520.9157598018646,6.312454985492085,1,3.7067879131855426
3521.0079448223114,6.315002227870661,1,3.7053504932493833
3521.11456990242,6.304813258356372,1,3.7111001729940134
3521.237275123596,6.28698256170637,1,3.721162112547114
3521.329272508621,6.312454985492085,1,3.7067879131855426
3521.4071896076202,6.317549470249229,1,3.7039130733132275
3521.49999499321,6.307360500734941,1,3.7096627530578576
3521.590697288513,6.315002227870661,1,3.7053504932493833
3521.6698439121246,6.304813258356372,1,3.7111001729940134
3521.74657702446,6.312454985492085,1,3.7067879131855426
3521.8384380340576,6.309907743113516,1,3.7082253331216983
3521.9300882816315,6.304813258356372,1,3.7111001729940134
3522.0216834545135,6.312454985492085,1,3.7067879131855426
3522.115817308426,6.302266015977796,1,3.7125375929301727
3522.2087564468384,6.299718773599228,1,3.7139750128663285
3522.30046582222,6.28698256170637,1,3.721162112547114
3522.407606601715,6.307360500734941,1,3.7096627530578576
3522.4988985061646,6.294624288842083,1,3.7168498527386435
3522.57813000679,6.299718773599228,1,3.7139750128663285
3522.6711554527283,6.284435319327795,1,3.7225995324832737
3522.7479293346405,6.299718773599228,1,3.7139750128663285
3522.8259263038635,6.299718773599228,1,3.7139750128663285
3522.9057171344757,6.297171531220659,1,3.715412432802484
3523.0124645233154,6.294624288842083,1,3.7168498527386435
3523.124169111252,6.304813258356372,1,3.7111001729940134
3523.2308807373047,6.307360500734941,1,3.7096627530578576
3523.324108362198,6.297171531220659,1,3.715412432802484
3523.4168603420258,6.309907743113516,1,3.7082253331216983
3523.5265674591064,6.312454985492085,1,3.7067879131855426
3523.636274576187,6.307360500734941,1,3.7096627530578576
3523.746010541916,6.312454985492085,1,3.7067879131855426
3523.839474439621,6.312454985492085,1,3.7067879131855426
3523.946357727051,6.299718773599228,1,3.7139750128663285
3524.055066347122,6.304813258356372,1,3.7111001729940134
3524.1476130485535,6.320096712627805,1,3.702475653377068
3524.256287574768,6.320096712627805,1,3.702475653377068
3524.3489603996277,6.297171531220659,1,3.715412432802484
3524.427892923355,6.312454985492085,1,3.7067879131855426
3524.5201609134674,6.304813258356372,1,3.7111001729940134
3524.612965106964,6.317549470249229,1,3.7039130733132275
3524.6918053627014,6.309907743113516,1,3.7082253331216983
3524.769788980484,6.297171531220659,1,3.715412432802484
3524.8624880313873,6.312454985492085,1,3.7067879131855426
3524.9542429447174,6.307360500734941,1,3.7096627530578576
3525.0462095737457,6.317549470249229,1,3.7039130733132275
3525.156390428543,6.309907743113516,1,3.7082253331216983
3525.2495019435883,6.307360500734941,1,3.7096627530578576
3525.3428316116333,6.307360500734941,1,3.7096627530578576
3525.436751127243,6.297171531220659,1,3.715412432802484
3525.54416513443,6.317549470249229,1,3.7039130733132275
3525.6369099617004,6.307360500734941,1,3.7096627530578576
3525.744705915451,6.315002227870661,1,3.7053504932493833
3525.854512453079,6.307360500734941,1,3.7096627530578576
3525.961911916733,6.330285682142087,1,3.696725973632442
3526.056738138199,6.302266015977796,1,3.7125375929301727
3526.150589942932,6.304813258356372,1,3.7111001729940134
3526.2417407035828,6.315002227870661,1,3.7053504932493833
3526.336489915848,6.304813258356372,1,3.7111001729940134
3526.4274356365204,6.317549470249229,1,3.7039130733132275
3526.5375378131866,6.297171531220659,1,3.715412432802484
3526.6273040771484,6.3251911973849495,1,3.699600813504753
3526.7190709114075,6.299718773599228,1,3.7139750128663285
3526.812835931778,6.299718773599228,1,3.7139750128663285
3526.9195992946625,6.297171531220659,1,3.715412432802484
3527.0110659599304,6.307360500734941,1,3.7096627530578576
3527.106809616089,6.3251911973849495,1,3.699600813504753
3527.199562072754,6.315002227870661,1,3.7053504932493833
3527.3102662563324,6.312454985492085,1,3.7067879131855426
3527.4020211696625,6.28698256170637,1,3.721162112547114
3527.494772911072,6.304813258356372,1,3.7111001729940134
3527.5891284942627,6.307360500734941,1,3.7096627530578576
3527.7128958702087,6.307360500734941,1,3.7096627530578576
3527.804835319519,6.304813258356372,1,3.7111001729940134
3527.8964676856995,6.297171531220659,1,3.715412432802484
3527.987673521042,6.299718773599228,1,3.7139750128663285
3528.0920510292053,6.312454985492085,1,3.7067879131855426
3528.184860944748,6.307360500734941,1,3.7096627530578576
3528.276286125183,6.315002227870661,1,3.7053504932493833
3528.3533079624176,6.320096712627805,1,3.702475653377068
3528.446702480316,6.299718773599228,1,3.7139750128663285
3528.5407819747925,6.315002227870661,1,3.7053504932493833
3528.634848833084,6.304813258356372,1,3.7111001729940134
3528.7128834724426,6.3251911973849495,1,3.699600813504753
3528.805583000183,6.309907743113516,1,3.7082253331216983
3528.917363166809,6.294624288842083,1,3.7168498527386435
3529.0270562171936,6.317549470249229,1,3.7039130733132275
3529.119810819626,6.302266015977796,1,3.7125375929301727
3529.229024171829,6.315002227870661,1,3.7053504932493833
3529.322805404663,6.317549470249229,1,3.7039130733132275
3529.4335091114044,6.304813258356372,1,3.7111001729940134
3529.527237176895,6.317549470249229,1,3.7039130733132275
3529.60702753067,6.317549470249229,1,3.7039130733132275
3529.686236858368,6.304813258356372,1,3.7111001729940134
3529.76353263855,6.330285682142087,1,3.696725973632442
3529.8427867889404,6.309907743113516,1,3.7082253331216983
3529.9195511341095,6.312454985492085,1,3.7067879131855426
3529.99786734581,6.307360500734941,1,3.7096627530578576
3530.077362537384,6.297171531220659,1,3.715412432802484
3530.1552810668945,6.3251911973849495,1,3.699600813504753
3530.246603488922,6.307360500734941,1,3.7096627530578576
3530.3561477661133,6.315002227870661,1,3.7053504932493833
3530.431902885437,6.302266015977796,1,3.7125375929301727
3530.526707172394,6.307360500734941,1,3.7096627530578576
3530.6363899707794,6.299718773599228,1,3.7139750128663285
3530.744316101074,6.320096712627805,1,3.702475653377068
3530.8533980846405,6.294624288842083,1,3.7168498527386435
3530.9466774463654,6.315002227870661,1,3.7053504932493833
3531.0399363040924,6.304813258356372,1,3.7111001729940134
3531.1802372932434,6.322643955006374,1,3.7010382334409124
3531.275334596634,6.312454985492085,1,3.7067879131855426
3531.3670933246613,6.309907743113516,1,3.7082253331216983
3531.4608902931213,6.317549470249229,1,3.7039130733132275
3531.5695853233337,6.299718773599228,1,3.7139750128663285
3531.6633336544037,6.309907743113516,1,3.7082253331216983
3531.7581236362457,6.315002227870661,1,3.7053504932493833
3531.866409301758,6.307360500734941,1,3.7096627530578576
3531.9591612815857,6.317549470249229,1,3.7039130733132275
3532.0509390830994,6.315002227870661,1,3.7053504932493833
3532.1566677093506,6.317549470249229,1,3.7039130733132275
3532.250465631485,6.304813258356372,1,3.7111001729940134
3532.3432240486145,6.327738439763518,1,3.6981633935685974
3532.438957452774,6.315002227870661,1,3.7053504932493833
3532.533217191696,6.304813258356372,1,3.7111001729940134
3532.627042531967,6.309907743113516,1,3.7082253331216983
3532.7203578948975,6.304813258356372,1,3.7111001729940134
3532.8125932216644,6.315002227870661,1,3.7053504932493833
3532.9544398784637,6.307360500734941,1,3.7096627530578576
3533.04669547081,6.299718773599228,1,3.7139750128663285
3533.1404671669006,6.315002227870661,1,3.7053504932493833
3533.233205318451,6.304813258356372,1,3.7111001729940134
3533.325954914093,6.302266015977796,1,3.7125375929301727
3533.4217052459717,6.317549470249229,1,3.7039130733132275
3533.514458179474,6.315002227870661,1,3.7053504932493833
3533.6082067489624,6.309907743113516,1,3.7082253331216983
3533.701957464218,6.292077046463515,1,3.718287272674799
3533.7958240509033,6.317549470249229,1,3.7039130733132275
3533.872822523117,6.315002227870661,1,3.7053504932493833
3533.966455936432,6.307360500734941,1,3.7096627530578576
3534.0597689151764,6.307360500734941,1,3.7096627530578576
3534.15283703804,6.302266015977796,1,3.7125375929301727
3534.230745792389,6.302266015977796,1,3.7125375929301727
3534.3242859840393,6.317549470249229,1,3.7039130733132275
3534.4171164035797,6.294624288842083,1,3.7168498527386435
3534.5104715824127,6.3251911973849495,1,3.699600813504753
3534.664388656616,6.309907743113516,1,3.7082253331216983
3534.774147748947,6.312454985492085,1,3.7067879131855426
3534.884115219116,6.297171531220659,1,3.715412432802484
3534.993996620178,6.315002227870661,1,3.7053504932493833
3535.086942911148,6.302266015977796,1,3.7125375929301727
3535.180713415146,6.299718773599228,1,3.7139750128663285
3535.2736015319824,6.309907743113516,1,3.7082253331216983
3535.367550134659,6.309907743113516,1,3.7082253331216983
3535.461047410965,6.315002227870661,1,3.7053504932493833
3535.5389289855957,6.335380166899231,1,3.693851133760127
3535.631347179413,6.307360500734941,1,3.7096627530578576
3535.7237770557404,6.312454985492085,1,3.7067879131855426
3535.8161232471466,6.307360500734941,1,3.7096627530578576
3535.8954396247864,6.302266015977796,1,3.7125375929301727
3535.973888158798,6.307360500734941,1,3.7096627530578576
3536.06657743454,6.304813258356372,1,3.7111001729940134
3536.159079551697,6.309907743113516,1,3.7082253331216983
3536.2380678653717,6.307360500734941,1,3.7096627530578576
3536.345729112625,6.3251911973849495,1,3.699600813504753
3536.4400815963745,6.309907743113516,1,3.7082253331216983
3536.517336368561,6.304813258356372,1,3.7111001729940134
3536.5963542461395,6.309907743113516,1,3.7082253331216983
3536.6887736320496,6.322643955006374,1,3.7010382334409124
3536.764962911606,6.317549470249229,1,3.7039130733132275
3536.8591573238373,6.3251911973849495,1,3.699600813504753
3536.952900648117,6.304813258356372,1,3.7111001729940134
3537.046620130539,6.320096712627805,1,3.702475653377068
3537.156662940979,6.327738439763518,1,3.6981633935685974
3537.265367269516,6.320096712627805,1,3.702475653377068
3537.3744838237762,6.320096712627805,1,3.702475653377068
3537.4672181606293,6.307360500734941,1,3.7096627530578576
3537.5631251335144,6.302266015977796,1,3.7125375929301727
3537.656877756119,6.3251911973849495,1,3.699600813504753
3537.7501373291016,6.304813258356372,1,3.7111001729940134
3537.8428959846497,6.317549470249229,1,3.7039130733132275
3537.9361906051636,6.315002227870661,1,3.7053504932493833
3538.029281616211,6.309907743113516,1,3.7082253331216983
3538.138674736023,6.315002227870661,1,3.7053504932493833
3538.2176191806793,6.299718773599228,1,3.7139750128663285
3538.3115825653076,6.312454985492085,1,3.7067879131855426
3538.4054098129272,6.322643955006374,1,3.7010382334409124
3538.498430490494,6.312454985492085,1,3.7067879131855426
3538.5784256458282,6.320096712627805,1,3.702475653377068
3538.672166824341,6.320096712627805,1,3.702475653377068
3538.7651686668396,6.315002227870661,1,3.7053504932493833
3538.874792575836,6.322643955006374,1,3.7010382334409124
3538.9683763980865,6.309907743113516,1,3.7082253331216983
3539.062125682831,6.320096712627805,1,3.702475653377068
3539.1558752059937,6.3251911973849495,1,3.699600813504753
3539.249645471573,6.317549470249229,1,3.7039130733132275
3539.3434176445007,6.320096712627805,1,3.702475653377068
3539.43421125412,6.307360500734941,1,3.7096627530578576
3539.5293469429016,6.317549470249229,1,3.7039130733132275
3539.622104406357,6.312454985492085,1,3.7067879131855426
3539.7148566246033,6.317549470249229,1,3.7039130733132275
3539.855486392975,6.317549470249229,1,3.7039130733132275
3539.9501535892487,6.315002227870661,1,3.7053504932493833
3540.058254003525,6.307360500734941,1,3.7096627530578576
3540.1504611968994,6.312454985492085,1,3.7067879131855426
3540.24574303627,6.330285682142087,1,3.696725973632442
3540.338053226471,6.315002227870661,1,3.7053504932493833
3540.4317264556885,6.317549470249229,1,3.7039130733132275
3540.5246629714966,6.312454985492085,1,3.7067879131855426
3540.617559671402,6.312454985492085,1,3.7067879131855426
3540.7113547325134,6.3251911973849495,1,3.699600813504753
3540.7884798049927,6.309907743113516,1,3.7082253331216983
3540.866178750992,6.302266015977796,1,3.7125375929301727
3540.9453723430634,6.302266015977796,1,3.7125375929301727
3541.0383353233337,6.304813258356372,1,3.7111001729940134
3541.1460473537445,6.315002227870661,1,3.7053504932493833
3541.236806154251,6.309907743113516,1,3.7082253331216983
3541.329562664032,6.304813258356372,1,3.7111001729940134
3541.423312187195,6.322643955006374,1,3.7010382334409124
3541.5460164546967,6.315002227870661,1,3.7053504932493833
3541.639756679535,6.312454985492085,1,3.7067879131855426
3541.7335062026978,6.312454985492085,1,3.7067879131855426
3541.8282520771027,6.320096712627805,1,3.702475653377068
3541.92014169693,6.309907743113516,1,3.7082253331216983
3542.0128407478333,6.317549470249229,1,3.7039130733132275
3542.1065907478333,6.320096712627805,1,3.702475653377068
3542.1991612911224,6.312454985492085,1,3.7067879131855426
3542.2938764095306,6.327738439763518,1,3.6981633935685974
3542.386383533478,6.317549470249229,1,3.7039130733132275
3542.4954586029053,6.322643955006374,1,3.7010382334409124
3542.573714017868,6.3251911973849495,1,3.699600813504753
3542.665446281433,6.317549470249229,1,3.7039130733132275
3542.7583813667297,6.320096712627805,1,3.702475653377068
3542.8381600379944,6.327738439763518,1,3.6981633935685974
3542.9304382801056,6.317549470249229,1,3.7039130733132275
3543.0253055095673,6.320096712627805,1,3.702475653377068
3543.1180334091187,6.315002227870661,1,3.7053504932493833
3543.229856491089,6.315002227870661,1,3.7053504932493833
3543.322933912277,6.322643955006374,1,3.7010382334409124
3543.3994767665863,6.312454985492085,1,3.7067879131855426
3543.492612361908,6.327738439763518,1,3.6981633935685974
3543.5843687057495,6.312454985492085,1,3.7067879131855426
3543.6637597084045,6.315002227870661,1,3.7053504932493833
3543.7437539100647,6.327738439763518,1,3.6981633935685974
3543.837733268738,6.327738439763518,1,3.6981633935685974
3543.9167187213898,6.312454985492085,1,3.7067879131855426
3543.9941532611847,6.3251911973849495,1,3.699600813504753
3544.0870382785797,6.320096712627805,1,3.702475653377068
3544.1814465522766,6.322643955006374,1,3.7010382334409124
3544.2585277557373,6.317549470249229,1,3.7039130733132275
3544.3506269454956,6.3251911973849495,1,3.699600813504753
3544.444472551346,6.320096712627805,1,3.702475653377068
3544.536823272705,6.309907743113516,1,3.7082253331216983
3544.613107442856,6.315002227870661,1,3.7053504932493833
3544.7049567699432,6.320096712627805,1,3.702475653377068
3544.796911716461,6.322643955006374,1,3.7010382334409124
3544.905914545059,6.320096712627805,1,3.702475653377068
3544.997969150543,6.307360500734941,1,3.7096627530578576
3545.0928297042847,6.315002227870661,1,3.7053504932493833
3545.1885771751404,6.315002227870661,1,3.7053504932493833
3545.282512664795,6.315002227870661,1,3.7053504932493833
3545.360326051712,6.315002227870661,1,3.7053504932493833
3545.452826976776,6.320096712627805,1,3.702475653377068
3545.531690120697,6.315002227870661,1,3.7053504932493833
3545.60848236084,6.330285682142087,1,3.696725973632442
3545.6860206127167,6.299718773599228,1,3.7139750128663285
3545.765911579132,6.309907743113516,1,3.7082253331216983
3545.842853307724,6.335380166899231,1,3.693851133760127
3545.9195539951324,6.315002227870661,1,3.7053504932493833
3546.0116934776306,6.3328329245206625,1,3.6952885536962823
3546.104781150818,6.315002227870661,1,3.7053504932493833
3546.197304725647,6.322643955006374,1,3.7010382334409124
3546.292626619339,6.312454985492085,1,3.7067879131855426
3546.3846113681793,6.299718773599228,1,3.7139750128663285
3546.5246710777283,6.317549470249229,1,3.7039130733132275
3546.6191782951355,6.309907743113516,1,3.7082253331216983
3546.7116096019745,6.307360500734941,1,3.7096627530578576
3546.7896132469177,6.307360500734941,1,3.7096627530578576
3546.8994245529175,6.307360500734941,1,3.7096627530578576
3547.010563135147,6.320096712627805,1,3.702475653377068
3547.120270252228,6.317549470249229,1,3.7039130733132275
3547.226892709732,6.322643955006374,1,3.7010382334409124
3547.3191978931427,6.302266015977796,1,3.7125375929301727
3547.3970913887024,6.317549470249229,1,3.7039130733132275
3547.4919204711914,6.3251911973849495,1,3.699600813504753
3547.5836782455444,6.302266015977796,1,3.7125375929301727
3547.6953825950623,6.320096712627805,1,3.702475653377068
3547.8170568943024,6.315002227870661,1,3.7053504932493833
3547.925824403763,6.3251911973849495,1,3.699600813504753
3548.017864227295,6.312454985492085,1,3.7067879131855426
3548.111835718155,6.322643955006374,1,3.7010382334409124
3548.220544576645,6.322643955006374,1,3.7010382334409124
3548.3591742515564,6.3251911973849495,1,3.699600813504753
3548.4370634555817,6.3251911973849495,1,3.699600813504753
3548.5286252498627,6.330285682142087,1,3.696725973632442
3548.637952566147,6.322643955006374,1,3.7010382334409124
3548.7466616630554,6.3251911973849495,1,3.699600813504753
3548.856369495392,6.3251911973849495,1,3.699600813504753
3548.9640815258026,6.304813258356372,1,3.7111001729940134
3549.0737874507904,6.312454985492085,1,3.7067879131855426
3549.180700778961,6.315002227870661,1,3.7053504932493833
3549.259541273117,6.330285682142087,1,3.696725973632442
3549.3532888889313,6.317549470249229,1,3.7039130733132275
3549.460779428482,6.3251911973849495,1,3.699600813504753
3549.5724551677704,6.320096712627805,1,3.702475653377068
3549.6655399799347,6.317549470249229,1,3.7039130733132275
3549.7578711509705,6.322643955006374,1,3.7010382334409124
3549.853289604187,6.307360500734941,1,3.7096627530578576
3549.9447872638702,6.317549470249229,1,3.7039130733132275
3550.0400760173798,6.327738439763518,1,3.6981633935685974
3550.1600625514984,6.330285682142087,1,3.696725973632442
3550.2376968860626,6.322643955006374,1,3.7010382334409124
3550.3294196128845,6.322643955006374,1,3.7010382334409124
3550.422371149063,6.317549470249229,1,3.7039130733132275
3550.5156304836273,6.322643955006374,1,3.7010382334409124
3550.607103586197,6.320096712627805,1,3.702475653377068
3550.7007007598877,6.322643955006374,1,3.7010382334409124
3550.7778737545013,6.320096712627805,1,3.702475653377068
3550.8693947792053,6.320096712627805,1,3.702475653377068
3550.965086698532,6.3251911973849495,1,3.699600813504753
3551.058985710144,6.322643955006374,1,3.7010382334409124
3551.150768518448,6.3251911973849495,1,3.699600813504753
3551.230625152588,6.309907743113516,1,3.7082253331216983
3551.3227388858795,6.343021894034951,1,3.689538873951652
3551.4014143943787,6.315002227870661,1,3.7053504932493833
3551.494152069092,6.3328329245206625,1,3.6952885536962823
3551.570713996887,6.315002227870661,1,3.7053504932493833
3551.648569583893,6.315002227870661,1,3.7053504932493833
3551.727752685547,6.335380166899231,1,3.693851133760127
3551.8515877723694,6.312454985492085,1,3.7067879131855426
3551.945162296295,6.327738439763518,1,3.6981633935685974
3552.036204814911,6.317549470249229,1,3.7039130733132275
3552.1289081573486,6.335380166899231,1,3.693851133760127
3552.2191908359528,6.312454985492085,1,3.7067879131855426
3552.3109090328217,6.330285682142087,1,3.696725973632442
3552.4066529273987,6.327738439763518,1,3.6981633935685974
3552.4976069927216,6.322643955006374,1,3.7010382334409124
3552.5775213241577,6.3404746516563755,1,3.690976293887812
3552.6575157642365,6.320096712627805,1,3.702475653377068
3552.7647104263306,6.3251911973849495,1,3.699600813504753
3552.9049406051636,6.327738439763518,1,3.6981633935685974
3553.028208255768,6.330285682142087,1,3.696725973632442
3553.123971939087,6.327738439763518,1,3.6981633935685974
3553.215030670166,6.320096712627805,1,3.702475653377068
3553.310781478882,6.3251911973849495,1,3.699600813504753
3553.4025433063507,6.312454985492085,1,3.7067879131855426
3553.5282073020935,6.322643955006374,1,3.7010382334409124
3553.6977593898773,6.315002227870661,1,3.7053504932493833
3553.7936413288116,6.337927409277807,1,3.692413713823967
3553.8857865333557,6.3251911973849495,1,3.699600813504753
3553.9635949134827,6.335380166899231,1,3.693851133760127
3554.04167842865,6.335380166899231,1,3.693851133760127
3554.1344633102417,6.307360500734941,1,3.7096627530578576
3554.2441713809967,6.327738439763518,1,3.6981633935685974
3554.3688423633575,6.3251911973849495,1,3.699600813504753
3554.4925076961517,6.3404746516563755,1,3.690976293887812
3554.5856614112854,6.320096712627805,1,3.702475653377068
3554.678295612335,6.330285682142087,1,3.696725973632442
3554.75719332695,6.3404746516563755,1,3.690976293887812
3554.8489973545074,6.327738439763518,1,3.6981633935685974
3554.940503358841,6.3251911973849495,1,3.699600813504753
3555.031413793564,6.312454985492085,1,3.7067879131855426
3555.1095283031464,6.330285682142087,1,3.696725973632442
3555.2038033008575,6.317549470249229,1,3.7039130733132275
3555.297063112259,6.327738439763518,1,3.6981633935685974
3555.4536471366882,6.309907743113516,1,3.7082253331216983
3555.5610344409943,6.3328329245206625,1,3.6952885536962823
3555.6531643867493,6.3251911973849495,1,3.699600813504753
3555.7466354370117,6.320096712627805,1,3.702475653377068
3555.8250970840454,6.322643955006374,1,3.7010382334409124
3555.920123577118,6.320096712627805,1,3.702475653377068
3556.0429062843323,6.335380166899231,1,3.693851133760127
3556.152631521225,6.312454985492085,1,3.7067879131855426
3556.2762789726257,6.335380166899231,1,3.693851133760127
3556.38498878479,6.322643955006374,1,3.7010382334409124
3556.5096554756165,6.330285682142087,1,3.696725973632442
3556.619371175766,6.312454985492085,1,3.7067879131855426
3556.742849111557,6.322643955006374,1,3.7010382334409124
3556.8356750011444,6.317549470249229,1,3.7039130733132275
3556.9277544021606,6.3404746516563755,1,3.690976293887812
3557.021113872528,6.327738439763518,1,3.6981633935685974
3557.1141533851624,6.330285682142087,1,3.696725973632442
3557.206603050232,6.330285682142087,1,3.696725973632442
3557.3297312259674,6.337927409277807,1,3.692413713823967
3557.4374442100525,6.312454985492085,1,3.7067879131855426
3557.5311930179596,6.327738439763518,1,3.6981633935685974
3557.6399347782135,6.330285682142087,1,3.696725973632442
3557.766238451004,6.320096712627805,1,3.702475653377068
3557.8901336193085,6.3404746516563755,1,3.690976293887812
3557.9858095645905,6.312454985492085,1,3.7067879131855426
3558.0626895427704,6.3328329245206625,1,3.6952885536962823
3558.1551880836487,6.309907743113516,1,3.7082253331216983
3558.250452041626,6.330285682142087,1,3.696725973632442
3558.3427629470825,6.335380166899231,1,3.693851133760127
3558.43683218956,6.317549470249229,1,3.7039130733132275
3558.5455384254456,6.337927409277807,1,3.692413713823967
3558.6548557281494,6.312454985492085,1,3.7067879131855426
3558.7785918712616,6.3251911973849495,1,3.699600813504753
3558.87038064003,6.317549470249229,1,3.7039130733132275
3558.9630613327026,6.3251911973849495,1,3.699600813504753
3559.054372549057,6.3251911973849495,1,3.699600813504753
3559.1489384174347,6.3251911973849495,1,3.699600813504753
3559.2725625038147,6.320096712627805,1,3.702475653377068
3559.396236896515,6.3404746516563755,1,3.690976293887812
3559.5009524822235,6.317549470249229,1,3.7039130733132275
3559.6256425380707,6.320096712627805,1,3.702475653377068
3559.749946117401,6.315002227870661,1,3.7053504932493833
3559.82972741127,6.330285682142087,1,3.696725973632442
3559.922512292862,6.327738439763518,1,3.6981633935685974
3560.0461807250977,6.330285682142087,1,3.696725973632442
3560.1692910194397,6.315002227870661,1,3.7053504932493833
3560.2631475925446,6.335380166899231,1,3.693851133760127
3560.3407204151154,6.3251911973849495,1,3.699600813504753
3560.433522462845,6.317549470249229,1,3.7039130733132275
3560.527186155319,6.317549470249229,1,3.7039130733132275
3560.620992422104,6.312454985492085,1,3.7067879131855426
3560.7119240760803,6.330285682142087,1,3.696725973632442
3560.8077640533447,6.3251911973849495,1,3.699600813504753
3560.899015903473,6.327738439763518,1,3.6981633935685974
3560.992834329605,6.337927409277807,1,3.692413713823967
3561.1495082378387,6.327738439763518,1,3.6981633935685974
3561.273181438446,6.3328329245206625,1,3.6952885536962823
3561.3808121681213,6.3404746516563755,1,3.690976293887812
3561.4730365276337,6.307360500734941,1,3.7096627530578576
3561.565640449524,6.337927409277807,1,3.692413713823967
3561.6587805747986,6.3328329245206625,1,3.6952885536962823
3561.750552892685,6.330285682142087,1,3.696725973632442
3561.841327190399,6.335380166899231,1,3.693851133760127
3561.9347565174103,6.337927409277807,1,3.692413713823967
3562.0270383358,6.3328329245206625,1,3.6952885536962823
3562.16553068161,6.3404746516563755,1,3.690976293887812
3562.3049750328064,6.320096712627805,1,3.702475653377068
3562.4146909713745,6.327738439763518,1,3.6981633935685974
3562.553016424179,6.322643955006374,1,3.7010382334409124
3562.662768125534,6.327738439763518,1,3.6981633935685974
3562.7697281837463,6.3251911973849495,1,3.699600813504753
3562.893399477005,6.348116378792096,1,3.6866640340793375
3563.001297235489,6.317549470249229,1,3.7039130733132275
3563.1098713874817,6.322643955006374,1,3.7010382334409124
3563.2165863513947,6.3251911973849495,1,3.699600813504753
3563.327290058136,6.330285682142087,1,3.696725973632442
3563.4217557907104,6.322643955006374,1,3.7010382334409124
3563.514949321747,6.3404746516563755,1,3.690976293887812
3563.608778476715,6.3328329245206625,1,3.6952885536962823
3563.7324497699738,6.3251911973849495,1,3.699600813504753
3563.857956647873,6.337927409277807,1,3.692413713823967
3563.9786326885223,6.330285682142087,1,3.696725973632442
3564.0887620449066,6.322643955006374,1,3.7010382334409124
3564.18159198761,6.3404746516563755,1,3.690976293887812
3564.307098388672,6.335380166899231,1,3.693851133760127
3564.415505886078,6.330285682142087,1,3.696725973632442
3564.5399696826935,6.3251911973849495,1,3.699600813504753
3564.648684024811,6.3404746516563755,1,3.690976293887812
3564.744384288788,6.330285682142087,1,3.696725973632442
3564.8387684822083,6.320096712627805,1,3.702475653377068
3564.9316024780273,6.348116378792096,1,3.6866640340793375
3565.058422803879,6.322643955006374,1,3.7010382334409124
3565.1505863666534,6.343021894034951,1,3.689538873951652
3565.2449135780334,6.327738439763518,1,3.6981633935685974
3565.3517899513245,6.315002227870661,1,3.7053504932493833
3565.462494134903,6.3404746516563755,1,3.690976293887812
3565.5841674804688,6.327738439763518,1,3.6981633935685974
3565.6782252788544,6.335380166899231,1,3.693851133760127
3565.7558648586273,6.3251911973849495,1,3.699600813504753
3565.8483192920685,6.330285682142087,1,3.696725973632442
3565.9420285224915,6.3251911973849495,1,3.699600813504753
3566.034787416458,6.327738439763518,1,3.6981633935685974
3566.1288080215454,6.337927409277807,1,3.692413713823967
3566.219635486603,6.335380166899231,1,3.693851133760127
3566.328347682953,6.3328329245206625,1,3.6952885536962823
3566.4509732723236,6.320096712627805,1,3.702475653377068
3566.575519323349,6.320096712627805,1,3.702475653377068
3566.683817625046,6.337927409277807,1,3.692413713823967
3566.809480905533,6.3251911973849495,1,3.699600813504753
3566.9183497428894,6.330285682142087,1,3.696725973632442
3567.0265622138977,6.320096712627805,1,3.702475653377068
3567.120635032654,6.330285682142087,1,3.696725973632442
3567.2293450832367,6.337927409277807,1,3.692413713823967
3567.3390522003174,6.335380166899231,1,3.693851133760127
3567.4627215862274,6.335380166899231,1,3.693851133760127
3567.572427511215,6.3251911973849495,1,3.699600813504753
3567.665204524994,6.335380166899231,1,3.693851133760127
3567.7441449165344,6.337927409277807,1,3.692413713823967
3567.837646007538,6.330285682142087,1,3.696725973632442
3567.928883075714,6.335380166899231,1,3.693851133760127
3568.0235912799835,6.320096712627805,1,3.702475653377068
3568.147228240967,6.348116378792096,1,3.6866640340793375
3568.2730424404144,6.317549470249229,1,3.7039130733132275
3568.3783960342407,6.335380166899231,1,3.693851133760127
3568.4697785377502,6.327738439763518,1,3.6981633935685974
3568.5637798309326,6.335380166899231,1,3.693851133760127
3568.656100988388,6.3251911973849495,1,3.699600813504753
3568.749046564102,6.3251911973849495,1,3.699600813504753
3568.8886823654175,6.322643955006374,1,3.7010382334409124
3569.0313012599945,6.335380166899231,1,3.693851133760127
3569.1559705734253,6.335380166899231,1,3.693851133760127
3569.281631231308,6.343021894034951,1,3.689538873951652
3569.4073004722595,6.335380166899231,1,3.693851133760127
3569.5140380859375,6.337927409277807,1,3.692413713823967
3569.593632221222,6.3404746516563755,1,3.690976293887812
3569.687399148941,6.327738439763518,1,3.6981633935685974
3569.797130346298,6.34556913641352,1,3.688101454015497
3569.9072601795197,6.320096712627805,1,3.702475653377068
3570.031943798065,6.335380166899231,1,3.693851133760127
3570.156592607498,6.3328329245206625,1,3.6952885536962823
3570.264935016632,6.34556913641352,1,3.688101454015497
3570.388607978821,6.3251911973849495,1,3.699600813504753
3570.5142691135406,6.320096712627805,1,3.702475653377068
3570.6417429447174,6.322643955006374,1,3.7010382334409124
3570.7351944446564,6.3328329245206625,1,3.6952885536962823
3570.8133318424225,6.335380166899231,1,3.693851133760127
3570.9220893383026,6.3251911973849495,1,3.699600813504753
3571.030799627304,6.327738439763518,1,3.6981633935685974
3571.1547570228577,6.315002227870661,1,3.7053504932493833
3571.265631198883,6.34556913641352,1,3.688101454015497
3571.358818292618,6.322643955006374,1,3.7010382334409124
3571.4519231319427,6.335380166899231,1,3.693851133760127
3571.544748544693,6.3328329245206625,1,3.6952885536962823
3571.6375527381897,6.3328329245206625,1,3.6952885536962823
3571.7293031215668,6.335380166899231,1,3.693851133760127
3571.82505607605,6.3251911973849495,1,3.699600813504753
3571.918844461441,6.337927409277807,1,3.692413713823967
3572.0255873203278,6.317549470249229,1,3.7039130733132275
3572.1658742427826,6.3328329245206625,1,3.6952885536962823
3572.289521217346,6.3251911973849495,1,3.699600813504753
3572.382339000702,6.335380166899231,1,3.693851133760127
3572.4780838489532,6.330285682142087,1,3.696725973632442
3572.587699651718,6.322643955006374,1,3.7010382334409124
3572.7144243717194,6.3328329245206625,1,3.6952885536962823
3572.823483943939,6.3251911973849495,1,3.699600813504753
3572.964237689972,6.335380166899231,1,3.693851133760127
3573.0877661705017,6.35321086354924,1,3.6837891942070224
3573.180748939514,6.34556913641352,1,3.688101454015497
3573.2725484371185,6.320096712627805,1,3.702475653377068
3573.384253025055,6.337927409277807,1,3.692413713823967
3573.494152545929,6.335380166899231,1,3.693851133760127
3573.5865206718445,6.3328329245206625,1,3.6952885536962823
3573.678698539734,6.337927409277807,1,3.692413713823967
3573.77064538002,6.335380166899231,1,3.693851133760127
3573.863530397415,6.337927409277807,1,3.692413713823967
3573.985185623169,6.3328329245206625,1,3.6952885536962823
3574.1097707748413,6.327738439763518,1,3.6981633935685974
3574.202944755554,6.330285682142087,1,3.696725973632442
3574.295514822006,6.3251911973849495,1,3.699600813504753
3574.3908882141113,6.3251911973849495,1,3.699600813504753
3574.484756708145,6.335380166899231,1,3.693851133760127
3574.5784573554993,6.335380166899231,1,3.693851133760127
3574.6709744930267,6.343021894034951,1,3.689538873951652
3574.7797091007233,6.330285682142087,1,3.696725973632442
3574.8590021133423,6.322643955006374,1,3.7010382334409124
3574.9369649887085,6.343021894034951,1,3.689538873951652
3575.030613422394,6.337927409277807,1,3.692413713823967
3575.1255073547363,6.320096712627805,1,3.702475653377068
3575.2212796211243,6.3557581059278085,1,3.6823517742708667
3575.316592693329,6.34556913641352,1,3.688101454015497
3575.4074561595917,6.330285682142087,1,3.696725973632442
3575.500811815262,6.335380166899231,1,3.693851133760127
3575.579803943634,6.327738439763518,1,3.6981633935685974
3575.6715910434723,6.335380166899231,1,3.693851133760127
3575.750661611557,6.337927409277807,1,3.692413713823967
3575.8435633182526,6.327738439763518,1,3.6981633935685974
3575.9376327991486,6.3404746516563755,1,3.690976293887812
3576.0288140773773,6.3328329245206625,1,3.6952885536962823
3576.1207456588745,6.330285682142087,1,3.696725973632442
3576.2006928920746,6.3328329245206625,1,3.6952885536962823
3576.279766559601,6.348116378792096,1,3.6866640340793375
3576.404751777649,6.337927409277807,1,3.692413713823967
3576.4995968341827,6.348116378792096,1,3.6866640340793375
3576.590658426285,6.327738439763518,1,3.6981633935685974
3576.6853954792023,6.3328329245206625,1,3.6952885536962823
3576.7941081523895,6.330285682142087,1,3.696725973632442
3576.9197673797607,6.335380166899231,1,3.693851133760127
3577.0267899036407,6.322643955006374,1,3.7010382334409124
3577.1065158843994,6.348116378792096,1,3.6866640340793375
3577.199468612671,6.350663621170664,1,3.6852266141431818
3577.2912635803223,6.3251911973849495,1,3.699600813504753
3577.367440223694,6.327738439763518,1,3.6981633935685974
3577.4469871520996,6.335380166899231,1,3.693851133760127
3577.5407371520996,6.330285682142087,1,3.696725973632442
3577.6347398757935,6.337927409277807,1,3.692413713823967
3577.742782831192,6.337927409277807,1,3.692413713823967
3577.835533618927,6.3404746516563755,1,3.690976293887812
3577.928343296051,6.322643955006374,1,3.7010382334409124
3578.02152466774,6.335380166899231,1,3.693851133760127
3578.131637573242,6.3404746516563755,1,3.690976293887812
3578.2401592731476,6.34556913641352,1,3.688101454015497
3578.3470323085785,6.3404746516563755,1,3.690976293887812
3578.4703118801117,6.358305348306377,1,3.6809143543347114
3578.564837694168,6.3404746516563755,1,3.690976293887812
3578.6565918922424,6.330285682142087,1,3.696725973632442
3578.749231338501,6.34556913641352,1,3.688101454015497
3578.8579409122467,6.327738439763518,1,3.6981633935685974
3578.9648859500885,6.330285682142087,1,3.696725973632442
3579.074384212494,6.327738439763518,1,3.6981633935685974
3579.182094335556,6.348116378792096,1,3.6866640340793375
3579.293797969818,6.327738439763518,1,3.6981633935685974
3579.401508808136,6.34556913641352,1,3.688101454015497
3579.513215780258,6.330285682142087,1,3.696725973632442
3579.6229407787323,6.348116378792096,1,3.6866640340793375
3579.716690301895,6.34556913641352,1,3.688101454015497
3579.82639670372,6.327738439763518,1,3.6981633935685974
3579.9378621578217,6.34556913641352,1,3.688101454015497
3580.0778024196625,6.322643955006374,1,3.7010382334409124
3580.1867520809174,6.3404746516563755,1,3.690976293887812
3580.2948310375214,6.3251911973849495,1,3.699600813504753
3580.404581308365,6.3404746516563755,1,3.690976293887812
3580.5129630565643,6.3328329245206625,1,3.6952885536962823
3580.6067118644714,6.3251911973849495,1,3.699600813504753
3580.7006220817566,6.335380166899231,1,3.693851133760127
3580.7927782535553,6.330285682142087,1,3.696725973632442
3580.8865633010864,6.335380166899231,1,3.693851133760127
3580.9956398010254,6.320096712627805,1,3.702475653377068
3581.088573217392,6.335380166899231,1,3.693851133760127
3581.1838555336,6.34556913641352,1,3.688101454015497
3581.291563510895,6.335380166899231,1,3.693851133760127
3581.41624045372,6.3328329245206625,1,3.6952885536962823
3581.524564743042,6.327738439763518,1,3.6981633935685974
3581.619854450226,6.3404746516563755,1,3.690976293887812
3581.7295966148376,6.3251911973849495,1,3.699600813504753
3581.8373317718506,6.350663621170664,1,3.6852266141431818
3581.929289340973,6.327738439763518,1,3.6981633935685974
3582.039882659912,6.348116378792096,1,3.6866640340793375
3582.1346254348755,6.343021894034951,1,3.689538873951652
3582.2433454990387,6.348116378792096,1,3.6866640340793375
3582.3553750514984,6.350663621170664,1,3.6852266141431818
3582.492517232895,6.335380166899231,1,3.693851133760127
3582.587562561035,6.337927409277807,1,3.692413713823967
3582.6946833133698,6.327738439763518,1,3.6981633935685974
3582.7894384860992,6.3404746516563755,1,3.690976293887812
3582.896153450012,6.335380166899231,1,3.693851133760127
3583.0066220760345,6.34556913641352,1,3.688101454015497
3583.0982172489166,6.3328329245206625,1,3.6952885536962823
3583.1926395893097,6.3328329245206625,1,3.6952885536962823
3583.3022742271423,6.335380166899231,1,3.693851133760127
3583.4077184200287,6.3404746516563755,1,3.690976293887812
3583.501666545868,6.3404746516563755,1,3.690976293887812
3583.5941922664642,6.3251911973849495,1,3.699600813504753
3583.703617811203,6.350663621170664,1,3.6852266141431818
3583.8109374046326,6.327738439763518,1,3.6981633935685974
3583.953644990921,6.350663621170664,1,3.6852266141431818
3584.062394618988,6.327738439763518,1,3.6981633935685974
3584.1561856269836,6.337927409277807,1,3.692413713823967
3584.2500212192535,6.3404746516563755,1,3.690976293887812
3584.3437621593475,6.3328329245206625,1,3.6952885536962823
3584.437505722046,6.348116378792096,1,3.6866640340793375
3584.5452530384064,6.335380166899231,1,3.693851133760127
3584.6539635658264,6.343021894034951,1,3.689538873951652
3584.7616803646088,6.3328329245206625,1,3.6952885536962823
3584.8723797798157,6.348116378792096,1,3.6866640340793375
3584.980092525482,6.335380166899231,1,3.693851133760127
3585.08780837059,6.337927409277807,1,3.692413713823967
3585.195539712906,6.330285682142087,1,3.696725973632442
3585.2887330055237,6.335380166899231,1,3.693851133760127
3585.382499933243,6.350663621170664,1,3.6852266141431818
3585.4874036312103,6.3404746516563755,1,3.690976293887812
3585.5801491737366,6.34556913641352,1,3.688101454015497
3585.686915874481,6.35321086354924,1,3.6837891942070224
3585.8444900512695,6.330285682142087,1,3.696725973632442
3585.9521672725677,6.337927409277807,1,3.692413713823967
3586.0479271411896,6.3328329245206625,1,3.6952885536962823
3586.138683319092,6.34556913641352,1,3.688101454015497
3586.231461763382,6.327738439763518,1,3.6981633935685974
3586.3114829063416,6.3251911973849495,1,3.699600813504753
3586.402596473694,6.3328329245206625,1,3.6952885536962823
3586.4973385334015,6.3251911973849495,1,3.699600813504753
3586.5900905132294,6.335380166899231,1,3.693851133760127
3586.7006583213806,6.3404746516563755,1,3.690976293887812
3586.7940406799316,6.335380166899231,1,3.693851133760127
3586.8867745399475,6.34556913641352,1,3.688101454015497
3586.9787158966064,6.335380166899231,1,3.693851133760127
3587.070699453354,6.34556913641352,1,3.688101454015497
3587.166487455368,6.337927409277807,1,3.692413713823967
3587.2606081962585,6.3251911973849495,1,3.699600813504753
3587.3538086414337,6.34556913641352,1,3.688101454015497
3587.449005842209,6.3251911973849495,1,3.699600813504753
3587.5726749897003,6.337927409277807,1,3.692413713823967
3587.6667959690094,6.3328329245206625,1,3.6952885536962823
3587.7587454319,6.337927409277807,1,3.692413713823967
3587.8504910469055,6.337927409277807,1,3.692413713823967
3587.945179462433,6.3328329245206625,1,3.6952885536962823
3588.0377209186554,6.3328329245206625,1,3.6952885536962823
3588.1172749996185,6.358305348306377,1,3.6809143543347114
3588.2102518081665,6.330285682142087,1,3.696725973632442
3588.3038291931152,6.348116378792096,1,3.6866640340793375
3588.3996818065643,6.3404746516563755,1,3.690976293887812
3588.5218377113342,6.3557581059278085,1,3.6823517742708667
3588.645752429962,6.3404746516563755,1,3.690976293887812
3588.7377922534943,6.3404746516563755,1,3.690976293887812
3588.8161993026733,6.337927409277807,1,3.692413713823967
3588.8938105106354,6.350663621170664,1,3.6852266141431818
3588.9840426445007,6.3328329245206625,1,3.6952885536962823
3589.078050136566,6.3404746516563755,1,3.690976293887812
3589.1706686019897,6.343021894034951,1,3.689538873951652
3589.248560190201,6.3328329245206625,1,3.6952885536962823
3589.3586316108704,6.348116378792096,1,3.6866640340793375
3589.4355914592743,6.34556913641352,1,3.688101454015497
3589.5291714668274,6.335380166899231,1,3.693851133760127
3589.620864391327,6.3404746516563755,1,3.690976293887812
3589.7140119075775,6.335380166899231,1,3.693851133760127
3589.809768676758,6.343021894034951,1,3.689538873951652
3589.8864352703094,6.34556913641352,1,3.688101454015497
3589.979137659073,6.335380166899231,1,3.693851133760127
3590.0727002620697,6.34556913641352,1,3.688101454015497
3590.1953523159027,6.337927409277807,1,3.692413713823967
3590.3051674365997,6.34556913641352,1,3.688101454015497
3590.3976895809174,6.3404746516563755,1,3.690976293887812
3590.4930562973022,6.348116378792096,1,3.6866640340793375
3590.5849888324738,6.350663621170664,1,3.6852266141431818
3590.6641657352448,6.335380166899231,1,3.693851133760127
3590.743848323822,6.3404746516563755,1,3.690976293887812
3590.835722208023,6.348116378792096,1,3.6866640340793375
3590.9147958755493,6.34556913641352,1,3.688101454015497
3591.0215723514557,6.343021894034951,1,3.689538873951652
3591.1311399936676,6.34556913641352,1,3.688101454015497
3591.257808446884,6.343021894034951,1,3.689538873951652
3591.351638317108,6.348116378792096,1,3.6866640340793375
3591.4445371627808,6.348116378792096,1,3.6866640340793375
3591.5358736515045,6.350663621170664,1,3.6852266141431818
3591.643539905548,6.348116378792096,1,3.6866640340793375
3591.7672181129456,6.348116378792096,1,3.6866640340793375
3591.8913989067078,6.350663621170664,1,3.6852266141431818
3591.9985134601593,6.3404746516563755,1,3.690976293887812
3592.077785730362,6.337927409277807,1,3.692413713823967
3592.171760559082,6.343021894034951,1,3.689538873951652
3592.248188972473,6.350663621170664,1,3.6852266141431818
3592.3414833545685,6.348116378792096,1,3.6866640340793375
3592.434320449829,6.348116378792096,1,3.6866640340793375
3592.5281105041504,6.348116378792096,1,3.6866640340793375
3592.6079449653625,6.35321086354924,1,3.6837891942070224
3592.6995010375977,6.3328329245206625,1,3.6952885536962823
3592.8074436187744,6.348116378792096,1,3.6866640340793375
3592.899179458618,6.350663621170664,1,3.6852266141431818
3593.010410785675,6.348116378792096,1,3.6866640340793375
3593.1341347694397,6.3404746516563755,1,3.690976293887812
3593.2573249340057,6.343021894034951,1,3.689538873951652
3593.3491401672363,6.343021894034951,1,3.689538873951652
3593.4419887065887,6.343021894034951,1,3.689538873951652
3593.5348904132843,6.348116378792096,1,3.6866640340793375
3593.6446027755737,6.34556913641352,1,3.688101454015497
3593.7353546619415,6.3557581059278085,1,3.6823517742708667
3593.858027458191,6.35321086354924,1,3.6837891942070224
3593.9799013137817,6.34556913641352,1,3.688101454015497
3594.101910829544,6.34556913641352,1,3.688101454015497
3594.1962461471558,6.327738439763518,1,3.6981633935685974
3594.27489566803,6.348116378792096,1,3.6866640340793375
3594.3668434619904,6.330285682142087,1,3.696725973632442
3594.444076538086,6.337927409277807,1,3.692413713823967
3594.535571575165,6.343021894034951,1,3.689538873951652
3594.6881766319275,6.348116378792096,1,3.6866640340793375
3594.8115627765656,6.327738439763518,1,3.6981633935685974
3594.9048080444336,6.343021894034951,1,3.689538873951652
3594.996874809265,6.3404746516563755,1,3.690976293887812
3595.075370788574,6.348116378792096,1,3.6866640340793375
3595.1693830490112,6.3404746516563755,1,3.690976293887812
3595.247721672058,6.3251911973849495,1,3.699600813504753
3595.3416271209717,6.348116378792096,1,3.6866640340793375
3595.4350321292877,6.34556913641352,1,3.688101454015497
3595.543738603592,6.343021894034951,1,3.689538873951652
3595.654443025589,6.348116378792096,1,3.6866640340793375
3595.779109477997,6.335380166899231,1,3.693851133760127
3595.889165878296,6.335380166899231,1,3.693851133760127
3595.981914281845,6.337927409277807,1,3.692413713823967
3596.075174808502,6.3328329245206625,1,3.6952885536962823
3596.1676630973816,6.337927409277807,1,3.692413713823967
3596.260428905487,6.34556913641352,1,3.688101454015497
3596.356209039688,6.343021894034951,1,3.689538873951652
3596.447966337204,6.335380166899231,1,3.693851133760127
3596.5735924243927,6.3404746516563755,1,3.690976293887812
3596.6653468608856,6.3328329245206625,1,3.6952885536962823
3596.7770476341248,6.3328329245206625,1,3.6952885536962823
3596.8707971572876,6.337927409277807,1,3.692413713823967
3596.964546918869,6.330285682142087,1,3.696725973632442
3597.058316230774,6.348116378792096,1,3.6866640340793375
3597.1512262821198,6.3328329245206625,1,3.6952885536962823
3597.2278819084167,6.3328329245206625,1,3.6952885536962823
3597.3192222118378,6.337927409277807,1,3.692413713823967
3597.4109823703766,6.34556913641352,1,3.688101454015497
3597.5033082962036,6.337927409277807,1,3.692413713823967
3597.595643043518,6.348116378792096,1,3.6866640340793375
3597.687403202057,6.3404746516563755,1,3.690976293887812
3597.7781739234924,6.3328329245206625,1,3.6952885536962823
3597.855876684189,6.350663621170664,1,3.6852266141431818
3597.93452501297,6.330285682142087,1,3.696725973632442
3598.029839038849,6.330285682142087,1,3.696725973632442
3598.1213414669037,6.348116378792096,1,3.6866640340793375
3598.247483730316,6.348116378792096,1,3.6866640340793375
3598.356700658798,6.348116378792096,1,3.6866640340793375
3598.481367111206,6.3404746516563755,1,3.690976293887812
3598.5901021957397,6.335380166899231,1,3.693851133760127
3598.7158114910126,6.327738439763518,1,3.6981633935685974
3598.825527906418,6.35321086354924,1,3.6837891942070224
3598.9342274665833,6.3251911973849495,1,3.699600813504753
3599.041204929352,6.350663621170664,1,3.6852266141431818
3599.1199386119843,6.3404746516563755,1,3.690976293887812
3599.19961643219,6.337927409277807,1,3.692413713823967
3599.2898886203766,6.335380166899231,1,3.693851133760127
3599.399337053299,6.330285682142087,1,3.696725973632442
3599.5070502758026,6.34556913641352,1,3.688101454015497
3599.6176142692566,6.335380166899231,1,3.693851133760127
3599.728318452835,6.350663621170664,1,3.6852266141431818
3599.8380057811737,6.34556913641352,1,3.688101454015497
3599.9341521263123,6.3404746516563755,1,3.690976293887812
3600.025858640671,6.3328329245206625,1,3.6952885536962823
3600.152163505554,6.343021894034951,1,3.689538873951652
3600.2618634700775,6.34556913641352,1,3.688101454015497
3600.3735642433167,6.35321086354924,1,3.6837891942070224
3600.481974840164,6.335380166899231,1,3.693851133760127
3600.5767011642456,6.348116378792096,1,3.6866640340793375
3600.6686158180237,6.327738439763518,1,3.6981633935685974
3600.7604138851166,6.34556913641352,1,3.688101454015497
3600.8533697128296,6.330285682142087,1,3.696725973632442
3600.9451246261597,6.348116378792096,1,3.6866640340793375
3601.0388741493225,6.3404746516563755,1,3.690976293887812
3601.149578809738,6.330285682142087,1,3.696725973632442
3601.2572906017303,6.35321086354924,1,3.6837891942070224
3601.3530309200287,6.3404746516563755,1,3.690976293887812
3601.4619636535645,6.34556913641352,1,3.688101454015497
3601.5716922283173,6.34556913641352,1,3.688101454015497
3601.664448261261,6.335380166899231,1,3.693851133760127
3601.7601885795593,6.34556913641352,1,3.688101454015497
3601.8679044246674,6.335380166899231,1,3.693851133760127
3602.0079967975616,6.348116378792096,1,3.6866640340793375
3602.101740837097,6.3404746516563755,1,3.690976293887812
3602.1965260505676,6.3404746516563755,1,3.690976293887812
3602.291084289551,6.3404746516563755,1,3.690976293887812
3602.39737868309,6.327738439763518,1,3.6981633935685974
3602.4909613132477,6.343021894034951,1,3.689538873951652
3602.583774805069,6.3328329245206625,1,3.6952885536962823
3602.679484605789,6.337927409277807,1,3.692413713823967
3602.774245738983,6.335380166899231,1,3.693851133760127
3602.86901307106,6.3251911973849495,1,3.699600813504753
3602.9628353118896,6.337927409277807,1,3.692413713823967
3603.0547132492065,6.348116378792096,1,3.6866640340793375
3603.1486189365387,6.34556913641352,1,3.688101454015497
3603.2264449596405,6.34556913641352,1,3.688101454015497
3603.3201942443848,6.348116378792096,1,3.6866640340793375
3603.415938138962,6.327738439763518,1,3.6981633935685974
3603.5086908340454,6.337927409277807,1,3.692413713823967
3603.618618249893,6.34556913641352,1,3.688101454015497
3603.7113711833954,6.34556913641352,1,3.688101454015497
3603.852808713913,6.337927409277807,1,3.692413713823967
3603.960521697998,6.3404746516563755,1,3.690976293887812
3604.0672369003296,6.335380166899231,1,3.693851133760127
3604.1757884025574,6.3404746516563755,1,3.690976293887812
3604.254987001419,6.348116378792096,1,3.6866640340793375
3604.3480608463287,6.350663621170664,1,3.6852266141431818
3604.4567699432373,6.350663621170664,1,3.6852266141431818
3604.564007997513,6.343021894034951,1,3.689538873951652
3604.6886751651764,6.348116378792096,1,3.6866640340793375
3604.780429840088,6.330285682142087,1,3.696725973632442
3604.8593180179596,6.348116378792096,1,3.6866640340793375
3604.951637983322,6.337927409277807,1,3.692413713823967
3605.043632507324,6.350663621170664,1,3.6852266141431818
3605.1369667053223,6.343021894034951,1,3.689538873951652
3605.2311086654663,6.3328329245206625,1,3.6952885536962823
3605.3088977336884,6.35321086354924,1,3.6837891942070224
3605.388742208481,6.350663621170664,1,3.6852266141431818
3605.4817430973053,6.335380166899231,1,3.693851133760127
3605.6061170101166,6.34556913641352,1,3.688101454015497
3605.7003269195557,6.3404746516563755,1,3.690976293887812
3605.779189825058,6.34556913641352,1,3.688101454015497
3605.8715987205505,6.337927409277807,1,3.692413713823967
3605.9633412361145,6.348116378792096,1,3.6866640340793375
3606.0416939258575,6.34556913641352,1,3.688101454015497
3606.1203536987305,6.343021894034951,1,3.689538873951652
3606.212216615677,6.348116378792096,1,3.6866640340793375
3606.3060553073883,6.34556913641352,1,3.688101454015497
3606.385354757309,6.3328329245206625,1,3.6952885536962823
3606.464741230011,6.343021894034951,1,3.689538873951652
3606.5442616939545,6.350663621170664,1,3.6852266141431818
3606.6366863250732,6.348116378792096,1,3.6866640340793375
3606.745396375656,6.3404746516563755,1,3.690976293887812
3606.8390119075775,6.34556913641352,1,3.688101454015497
3606.931777715683,6.337927409277807,1,3.692413713823967
3607.0398602485657,6.35321086354924,1,3.6837891942070224
3607.1336581707,6.3404746516563755,1,3.690976293887812
3607.2593212127686,6.3557581059278085,1,3.6823517742708667
3607.351076364517,6.337927409277807,1,3.692413713823967
3607.4448528289795,6.350663621170664,1,3.6852266141431818
3607.5366134643555,6.350663621170664,1,3.6852266141431818
3607.630380153656,6.3404746516563755,1,3.690976293887812
3607.7201404571533,6.337927409277807,1,3.692413713823967
3607.8118946552277,6.3557581059278085,1,3.6823517742708667
3607.9076380729675,6.34556913641352,1,3.688101454015497
3608.014899253845,6.343021894034951,1,3.689538873951652
3608.1076550483704,6.343021894034951,1,3.689538873951652
3608.201432943344,6.3404746516563755,1,3.690976293887812
3608.294451713562,6.34556913641352,1,3.688101454015497
3608.388155221939,6.348116378792096,1,3.6866640340793375
3608.4829018115997,6.337927409277807,1,3.692413713823967
3608.5896310806274,6.34556913641352,1,3.688101454015497
3608.6826407909393,6.34556913641352,1,3.688101454015497
3608.773487329483,6.343021894034951,1,3.689538873951652
3608.868959903717,6.343021894034951,1,3.689538873951652
3608.9946234226227,6.360852590684953,1,3.6794769343985516
3609.0883734226227,6.34556913641352,1,3.688101454015497
3609.1980798244476,6.34556913641352,1,3.688101454015497
3609.3047938346863,6.3633998330635215,1,3.6780395144623963
3609.3985431194305,6.34556913641352,1,3.688101454015497
3609.492293357849,6.348116378792096,1,3.6866640340793375
3609.5880377292633,6.34556913641352,1,3.688101454015497
3609.6967511177063,6.343021894034951,1,3.689538873951652
3609.8224148750305,6.337927409277807,1,3.692413713823967
3609.917063474655,6.3328329245206625,1,3.6952885536962823
3610.0098626613617,6.3404746516563755,1,3.690976293887812
3610.104351043701,6.3328329245206625,1,3.6952885536962823
3610.214056968689,6.348116378792096,1,3.6866640340793375
3610.325757741928,6.348116378792096,1,3.6866640340793375
3610.43546462059,6.335380166899231,1,3.693851133760127
3610.5451712608337,6.34556913641352,1,3.688101454015497
3610.653881072998,6.348116378792096,1,3.6866640340793375
3610.749633550644,6.335380166899231,1,3.693851133760127
3610.8593440055847,6.34556913641352,1,3.688101454015497
3611.016941308975,6.3328329245206625,1,3.6952885536962823
3611.108668088913,6.3404746516563755,1,3.690976293887812
3611.2044920921326,6.348116378792096,1,3.6866640340793375
3611.2982382774353,6.34556913641352,1,3.688101454015497
3611.390803337097,6.350663621170664,1,3.6852266141431818
3611.4855511188507,6.337927409277807,1,3.692413713823967
3611.577304124832,6.35321086354924,1,3.6837891942070224
3611.6872732639313,6.34556913641352,1,3.688101454015497
3611.7964177131653,6.3404746516563755,1,3.690976293887812
3611.890679836273,6.343021894034951,1,3.689538873951652
3611.9994015693665,6.3328329245206625,1,3.6952885536962823
3612.1080977916718,6.343021894034951,1,3.689538873951652
3612.218801498413,6.337927409277807,1,3.692413713823967
3612.311623573303,6.350663621170664,1,3.6852266141431818
3612.3907618522644,6.348116378792096,1,3.6866640340793375
3612.484808444977,6.335380166899231,1,3.693851133760127
3612.5925364494324,6.3328329245206625,1,3.6952885536962823
3612.7017283439636,6.3328329245206625,1,3.6952885536962823
3612.8573319911957,6.330285682142087,1,3.696725973632442
3612.953075170517,6.3251911973849495,1,3.699600813504753
3613.046700000763,6.343021894034951,1,3.689538873951652
3613.155430793762,6.3328329245206625,1,3.6952885536962823
3613.2641410827637,6.3328329245206625,1,3.6952885536962823
3613.3593316078186,6.337927409277807,1,3.692413713823967
3613.4660618305206,6.317549470249229,1,3.7039130733132275
3613.5737566947937,6.3404746516563755,1,3.690976293887812
3613.66602230072,6.330285682142087,1,3.696725973632442
3613.7592816352844,6.337927409277807,1,3.692413713823967
3613.867990255356,6.3251911973849495,1,3.699600813504753
3613.974723815918,6.3328329245206625,1,3.6952885536962823
3614.0824387073517,6.337927409277807,1,3.692413713823967
3614.219073534012,6.343021894034951,1,3.689538873951652
3614.3287806510925,6.330285682142087,1,3.696725973632442
3614.4364919662476,6.327738439763518,1,3.6981633935685974
3614.547596216202,6.322643955006374,1,3.7010382334409124
3614.654200077057,6.337927409277807,1,3.692413713823967
3614.794147014618,6.337927409277807,1,3.692413713823967
3614.8874197006226,6.327738439763518,1,3.6981633935685974
3614.996830701828,6.3404746516563755,1,3.690976293887812
3615.1065425872803,6.327738439763518,1,3.6981633935685974
3615.2182400226593,6.337927409277807,1,3.692413713823967
3615.3274400234222,6.327738439763518,1,3.6981633935685974
3615.4381437301636,6.3404746516563755,1,3.690976293887812
3615.5469658374786,6.3328329245206625,1,3.6952885536962823
3615.6576869487762,6.330285682142087,1,3.696725973632442
3615.766403913498,6.3328329245206625,1,3.6952885536962823
3615.873112678528,6.330285682142087,1,3.696725973632442
3615.9658663272858,6.330285682142087,1,3.696725973632442
3616.058125972748,6.337927409277807,1,3.692413713823967
3616.1695148944855,6.335380166899231,1,3.693851133760127
3616.263094186783,6.3328329245206625,1,3.6952885536962823
3616.35883808136,6.343021894034951,1,3.689538873951652
3616.4545822143555,6.3328329245206625,1,3.6952885536962823
3616.5618686676025,6.335380166899231,1,3.693851133760127
3616.703612089157,6.3328329245206625,1,3.6952885536962823
3616.8111655712128,6.343021894034951,1,3.689538873951652
3616.918881893158,6.327738439763518,1,3.6981633935685974
3617.028583049774,6.335380166899231,1,3.693851133760127
3617.140489578247,6.343021894034951,1,3.689538873951652
3617.233247280121,6.330285682142087,1,3.696725973632442
3617.3419904708862,6.343021894034951,1,3.689538873951652
3617.451676607132,6.34556913641352,1,3.688101454015497
3617.5464236736298,6.343021894034951,1,3.689538873951652
3617.6381781101227,6.335380166899231,1,3.693851133760127
3617.7319366931915,6.3328329245206625,1,3.6952885536962823
3617.825705051422,6.3557581059278085,1,3.6823517742708667
3617.9328541755676,6.34556913641352,1,3.688101454015497
3618.0281312465668,6.34556913641352,1,3.688101454015497
3618.1208612918854,6.343021894034951,1,3.689538873951652
3618.2156772613525,6.343021894034951,1,3.689538873951652
3618.30943107605,6.3557581059278085,1,3.6823517742708667
3618.403203010559,6.3404746516563755,1,3.690976293887812
3618.5099143981934,6.330285682142087,1,3.696725973632442
3618.618293762207,6.337927409277807,1,3.692413713823967
3618.6973094940186,6.337927409277807,1,3.692413713823967
3618.7920162677765,6.3404746516563755,1,3.690976293887812
3618.8843111991882,6.3328329245206625,1,3.6952885536962823
3618.993499994278,6.358305348306377,1,3.6809143543347114
3619.084722518921,6.327738439763518,1,3.6981633935685974
3619.179036140442,6.343021894034951,1,3.689538873951652
3619.275014400482,6.335380166899231,1,3.693851133760127
3619.382727622986,6.337927409277807,1,3.692413713823967
3619.494429588318,6.350663621170664,1,3.6852266141431818
3619.5871806144714,6.335380166899231,1,3.693851133760127
3619.6806457042694,6.34556913641352,1,3.688101454015497
3619.7575192451477,6.350663621170664,1,3.6852266141431818
3619.8517320156097,6.350663621170664,1,3.6852266141431818
3619.9604785442352,6.358305348306377,1,3.6809143543347114
3620.053243160248,6.35321086354924,1,3.6837891942070224
3620.1624686717987,6.337927409277807,1,3.692413713823967
3620.255431175232,6.34556913641352,1,3.688101454015497
3620.3820147514343,6.337927409277807,1,3.692413713823967
3620.4761633872986,6.3404746516563755,1,3.690976293887812
3620.5712201595306,6.343021894034951,1,3.689538873951652
3620.6659700870514,6.350663621170664,1,3.6852266141431818
3620.7588517665863,6.350663621170664,1,3.6852266141431818
3620.8378484249115,6.34556913641352,1,3.688101454015497
3620.9297692775726,6.343021894034951,1,3.689538873951652
3621.022618293762,6.358305348306377,1,3.6809143543347114
3621.1167571544647,6.348116378792096,1,3.6866640340793375
3621.2110633850098,6.3404746516563755,1,3.690976293887812
3621.320769548416,6.34556913641352,1,3.688101454015497
3621.412712097168,6.335380166899231,1,3.693851133760127
3621.5056405067444,6.360852590684953,1,3.6794769343985516
3621.5996181964874,6.34556913641352,1,3.688101454015497
3621.691372156143,6.360852590684953,1,3.6794769343985516
3621.784132003784,6.34556913641352,1,3.688101454015497
3621.874755859375,6.360852590684953,1,3.6794769343985516
3621.95263504982,6.302266015977796,1,3.7125375929301727
3622.0644030570984,6.3404746516563755,1,3.690976293887812
3622.1561636924744,6.343021894034951,1,3.689538873951652
3622.2509105205536,6.3328329245206625,1,3.6952885536962823
3622.342665910721,6.365947075442097,1,3.6766020945262365
3622.4374117851257,6.35321086354924,1,3.6837891942070224
3622.546130180359,6.34556913641352,1,3.688101454015497
3622.6398956775665,6.3404746516563755,1,3.690976293887812
3622.733644723892,6.34556913641352,1,3.688101454015497
3622.8413565158844,6.34556913641352,1,3.688101454015497
3622.935613632202,6.3557581059278085,1,3.6823517742708667
3623.0294456481934,6.337927409277807,1,3.692413713823967
3623.120309114456,6.360852590684953,1,3.6794769343985516
3623.2128462791443,6.3404746516563755,1,3.690976293887812
3623.2901263237,6.358305348306377,1,3.6809143543347114
3623.3695175647736,6.358305348306377,1,3.6809143543347114
3623.4474799633026,6.335380166899231,1,3.693851133760127
3623.5408153533936,6.343021894034951,1,3.689538873951652
3623.634221792221,6.343021894034951,1,3.689538873951652
3623.7407484054565,6.3557581059278085,1,3.6823517742708667
3623.8198890686035,6.358305348306377,1,3.6809143543347114
3623.8976833820343,6.3328329245206625,1,3.6952885536962823
3623.99045419693,6.34556913641352,1,3.688101454015497
3624.067731142044,6.343021894034951,1,3.689538873951652
3624.158834695816,6.34556913641352,1,3.688101454015497
3624.2507634162903,6.3404746516563755,1,3.690976293887812
3624.3438758850098,6.350663621170664,1,3.6852266141431818
3624.422423362732,6.365947075442097,1,3.6766020945262365
3624.5150730609894,6.337927409277807,1,3.692413713823967
3624.593761205673,6.365947075442097,1,3.6766020945262365
3624.6853330135345,6.365947075442097,1,3.6766020945262365
3624.7639553546906,6.3557581059278085,1,3.6823517742708667
3624.8416521549225,6.3557581059278085,1,3.6823517742708667
3624.935477733612,6.360852590684953,1,3.6794769343985516
3625.0292365550995,6.35321086354924,1,3.6837891942070224
3625.107301712036,6.3633998330635215,1,3.6780395144623963
3625.198967933655,6.350663621170664,1,3.6852266141431818
3625.2769021987915,6.343021894034951,1,3.689538873951652
3625.3877601623535,6.35321086354924,1,3.6837891942070224
3625.466103076935,6.343021894034951,1,3.689538873951652
3625.542990922928,6.34556913641352,1,3.688101454015497
3625.622223138809,6.348116378792096,1,3.6866640340793375
3625.7009415626526,6.35321086354924,1,3.6837891942070224
3625.7957639694214,6.337927409277807,1,3.692413713823967
3625.8877811431885,6.350663621170664,1,3.6852266141431818
3625.9800057411194,6.337927409277807,1,3.692413713823967
3626.0887117385864,6.350663621170664,1,3.6852266141431818
3626.1954262256622,6.337927409277807,1,3.692413713823967
3626.3051328659058,6.348116378792096,1,3.6866640340793375
3626.4138815402985,6.3557581059278085,1,3.6823517742708667
3626.52450466156,6.348116378792096,1,3.6866640340793375
3626.634211063385,6.348116378792096,1,3.6866640340793375
3626.7434735298157,6.350663621170664,1,3.6852266141431818
3626.8351662158966,6.35321086354924,1,3.6837891942070224
3626.928499698639,6.337927409277807,1,3.692413713823967
3627.038595199585,6.360852590684953,1,3.6794769343985516
3627.194184064865,6.348116378792096,1,3.6866640340793375
3627.301764726639,6.35321086354924,1,3.6837891942070224
3627.397058725357,6.34556913641352,1,3.688101454015497
3627.505290746689,6.35321086354924,1,3.6837891942070224
3627.617203950882,6.34556913641352,1,3.688101454015497
3627.7249760627747,6.34556913641352,1,3.688101454015497
3627.8341534137726,6.343021894034951,1,3.689538873951652
3627.943587779999,6.360852590684953,1,3.6794769343985516
3628.0365171432495,6.3404746516563755,1,3.690976293887812
3628.1297590732574,6.330285682142087,1,3.696725973632442
3628.2374947071075,6.3557581059278085,1,3.6823517742708667
3628.345461368561,6.3328329245206625,1,3.6952885536962823
3628.453048467636,6.3557581059278085,1,3.6823517742708667
3628.5487880706787,6.335380166899231,1,3.693851133760127
3628.6560122966766,6.343021894034951,1,3.689538873951652
3628.763969898224,6.34556913641352,1,3.688101454015497
3628.8739144802094,6.34556913641352,1,3.688101454015497
3628.9827978610992,6.34556913641352,1,3.688101454015497
3629.1252884864807,6.3557581059278085,1,3.6823517742708667
3629.219106912613,6.337927409277807,1,3.692413713823967
3629.3126306533813,6.348116378792096,1,3.6866640340793375
3629.4203412532806,6.350663621170664,1,3.6852266141431818
3629.5297136306763,6.3404746516563755,1,3.690976293887812
3629.6375603675842,6.348116378792096,1,3.6866640340793375
3629.733298778534,6.34556913641352,1,3.688101454015497
3629.84273314476,6.3557581059278085,1,3.6823517742708667
3629.9384841918945,6.3557581059278085,1,3.6823517742708667
3630.030238389969,6.343021894034951,1,3.689538873951652
3630.1229903697968,6.360852590684953,1,3.6794769343985516
3630.217948436737,6.348116378792096,1,3.6866640340793375
3630.309767484665,6.360852590684953,1,3.6794769343985516
3630.402368068695,6.360852590684953,1,3.6794769343985516
3630.4945333004,6.3557581059278085,1,3.6823517742708667
3630.5866746902466,6.348116378792096,1,3.6866640340793375
3630.680635213852,6.34556913641352,1,3.688101454015497
3630.758556127548,6.35321086354924,1,3.6837891942070224
3630.8655586242676,6.343021894034951,1,3.689538873951652
3630.9428379535675,6.34556913641352,1,3.688101454015497
3631.035148859024,6.350663621170664,1,3.6852266141431818
3631.127944469452,6.348116378792096,1,3.6866640340793375
3631.221523284912,6.360852590684953,1,3.6794769343985516
3631.314781188965,6.3404746516563755,1,3.690976293887812
3631.394071817398,6.3404746516563755,1,3.690976293887812
3631.472573041916,6.348116378792096,1,3.6866640340793375
3631.5622942447662,6.350663621170664,1,3.6852266141431818
3631.6415197849274,6.3633998330635215,1,3.6780395144623963
3631.718537092209,6.35321086354924,1,3.6837891942070224
3631.7973370552063,6.3557581059278085,1,3.6823517742708667
3631.875965356827,6.34556913641352,1,3.688101454015497
3631.9682292938232,6.3633998330635215,1,3.6780395144623963
3632.046281814575,6.348116378792096,1,3.6866640340793375
3632.1254029273987,6.360852590684953,1,3.6794769343985516
3632.2032222747803,6.34556913641352,1,3.688101454015497
3632.2948994636536,6.358305348306377,1,3.6809143543347114
3632.3878321647644,6.350663621170664,1,3.6852266141431818
3632.513496160507,6.350663621170664,1,3.6852266141431818
3632.6088650226593,6.34556913641352,1,3.688101454015497
3632.702615737915,6.3633998330635215,1,3.6780395144623963
3632.794765472412,6.3404746516563755,1,3.690976293887812
3632.8732328414917,6.350663621170664,1,3.6852266141431818
3632.9658193588257,6.35321086354924,1,3.6837891942070224
3633.044877767563,6.365947075442097,1,3.6766020945262365
3633.1368601322174,6.365947075442097,1,3.6766020945262365
3633.2151284217834,6.34556913641352,1,3.688101454015497
3633.2938528060913,6.34556913641352,1,3.688101454015497
3633.3864414691925,6.358305348306377,1,3.6809143543347114
3633.4806740283966,6.343021894034951,1,3.689538873951652
3633.5579068660736,6.3633998330635215,1,3.6780395144623963
3633.6363546848297,6.35321086354924,1,3.6837891942070224
3633.7460629940033,6.365947075442097,1,3.6766020945262365
3633.854437351227,6.360852590684953,1,3.6794769343985516
3633.9483513832092,6.3557581059278085,1,3.6823517742708667
3634.058059692383,6.360852590684953,1,3.6794769343985516
3634.200690507889,6.350663621170664,1,3.6852266141431818
3634.309415578842,6.348116378792096,1,3.6866640340793375
3634.4051752090454,6.3557581059278085,1,3.6823517742708667
3634.4988980293274,6.3557581059278085,1,3.6823517742708667
3634.5928390026093,6.34556913641352,1,3.688101454015497
3634.686760902405,6.3633998330635215,1,3.6780395144623963
3634.7947177886963,6.358305348306377,1,3.6809143543347114
3634.8887531757355,6.358305348306377,1,3.6809143543347114
3634.995487689972,6.350663621170664,1,3.6852266141431818
3635.08922290802,6.360852590684953,1,3.6794769343985516
3635.1825420856476,6.360852590684953,1,3.6794769343985516
3635.2898890972137,6.3557581059278085,1,3.6823517742708667
3635.3981335163116,6.337927409277807,1,3.692413713823967
3635.5060629844666,6.350663621170664,1,3.6852266141431818
3635.601826429367,6.35321086354924,1,3.6837891942070224
3635.6967499256134,6.343021894034951,1,3.689538873951652
3635.7885706424713,6.358305348306377,1,3.6809143543347114
3635.8833441734314,6.34556913641352,1,3.688101454015497
3636.0239732265472,6.360852590684953,1,3.6794769343985516
3636.119712114334,6.365947075442097,1,3.6766020945262365
3636.229419708252,6.343021894034951,1,3.689538873951652
3636.3379600048065,6.34556913641352,1,3.688101454015497
3636.4468603134155,6.350663621170664,1,3.6852266141431818
3636.5566256046295,6.358305348306377,1,3.6809143543347114
3636.664333820343,6.358305348306377,1,3.6809143543347114
3636.7730424404144,6.3557581059278085,1,3.6823517742708667
3636.8811123371124,6.335380166899231,1,3.693851133760127
3636.9768693447113,6.35321086354924,1,3.6837891942070224
3637.072604894638,6.368494317820666,1,3.6751646745900812
3637.1810114383698,6.35321086354924,1,3.6837891942070224
3637.290717601776,6.3633998330635215,1,3.6780395144623963
3637.4143867492676,6.335380166899231,1,3.693851133760127
3637.5227842330933,6.368494317820666,1,3.6751646745900812
3637.6285195350647,6.348116378792096,1,3.6866640340793375
3637.734236717224,6.34556913641352,1,3.688101454015497
3637.841948032379,6.312454985492085,1,3.7067879131855426
3637.9815747737885,6.34556913641352,1,3.688101454015497
3638.0726284980774,6.350663621170664,1,3.6852266141431818
3638.1666176319122,6.360852590684953,1,3.6794769343985516
3638.259369134903,6.348116378792096,1,3.6866640340793375
3638.367082118988,6.350663621170664,1,3.6852266141431818
3638.5057215690613,6.35321086354924,1,3.6837891942070224
3638.614420413971,6.350663621170664,1,3.6852266141431818
3638.7221326828003,6.358305348306377,1,3.6809143543347114
3638.8143594264984,6.337927409277807,1,3.692413713823967
3638.9073781967163,6.360852590684953,1,3.6794769343985516
3639.0000772476196,6.34556913641352,1,3.688101454015497
3639.093826532364,6.350663621170664,1,3.6852266141431818
3639.187594652176,6.358305348306377,1,3.6809143543347114
3639.2808651924133,6.343021894034951,1,3.689538873951652
3639.3749227523804,6.350663621170664,1,3.6852266141431818
3639.468591451645,6.350663621170664,1,3.6852266141431818
3639.563195705414,6.350663621170664,1,3.6852266141431818
3639.671674966812,6.3557581059278085,1,3.6823517742708667
3639.764424562454,6.350663621170664,1,3.6852266141431818
3639.891090631485,6.368494317820666,1,3.6751646745900812
3639.9818444252014,6.348116378792096,1,3.6866640340793375
3640.0765969753265,6.3557581059278085,1,3.6823517742708667
3640.169349193573,6.3557581059278085,1,3.6823517742708667
3640.265180826187,6.34556913641352,1,3.688101454015497
3640.3598551750183,6.348116378792096,1,3.6866640340793375
3640.453629255295,6.34556913641352,1,3.688101454015497
3640.545390367508,6.3633998330635215,1,3.6780395144623963
3640.637149333954,6.365947075442097,1,3.6766020945262365
3640.732493162155,6.35321086354924,1,3.6837891942070224
3640.841221809387,6.360852590684953,1,3.6794769343985516
3640.9340481758118,6.3557581059278085,1,3.6823517742708667
3641.028980731964,6.3557581059278085,1,3.6823517742708667
3641.1217515468597,6.343021894034951,1,3.689538873951652
3641.2135388851166,6.34556913641352,1,3.688101454015497
3641.306965112686,6.37358880257781,1,3.672289834717766
3641.4166736602783,6.337927409277807,1,3.692413713823967
3641.527886867523,6.350663621170664,1,3.6852266141431818
3641.665517807007,6.337927409277807,1,3.692413713823967
3641.759267091751,6.343021894034951,1,3.689538873951652
3641.852019071579,6.3557581059278085,1,3.6823517742708667
3641.962732553482,6.358305348306377,1,3.6809143543347114
3642.069441795349,6.358305348306377,1,3.6809143543347114
3642.165181875229,6.348116378792096,1,3.6866640340793375
3642.2589304447174,6.360852590684953,1,3.6794769343985516
3642.367656469345,6.34556913641352,1,3.688101454015497
3642.476243495941,6.358305348306377,1,3.6809143543347114
3642.5856556892395,6.37358880257781,1,3.672289834717766
3642.694971561432,6.34556913641352,1,3.688101454015497
3642.8042962551117,6.34556913641352,1,3.688101454015497
3642.900762796402,6.337927409277807,1,3.692413713823967
3642.993038415909,6.358305348306377,1,3.6809143543347114
3643.088301897049,6.358305348306377,1,3.6809143543347114
3643.196015357971,6.34556913641352,1,3.688101454015497
3643.291757106781,6.358305348306377,1,3.6809143543347114
3643.3875081539154,6.3557581059278085,1,3.6823517742708667
3643.529134988785,6.35321086354924,1,3.6837891942070224
3643.6248726844788,6.350663621170664,1,3.6852266141431818
3643.7336032390594,6.348116378792096,1,3.6866640340793375
3643.844306230545,6.348116378792096,1,3.6866640340793375
3643.9530148506165,6.358305348306377,1,3.6809143543347114
3644.061760663986,6.350663621170664,1,3.6852266141431818
3644.1545181274414,6.35321086354924,1,3.6837891942070224
3644.248792886734,6.348116378792096,1,3.6866640340793375
3644.35849404335,6.360852590684953,1,3.6794769343985516
3644.452248573303,6.37358880257781,1,3.672289834717766
3644.561988592148,6.34556913641352,1,3.688101454015497
3644.670696735382,6.360852590684953,1,3.6794769343985516
3644.762452363968,6.3557581059278085,1,3.6823517742708667
3644.8562009334564,6.34556913641352,1,3.688101454015497
3644.950505256653,6.34556913641352,1,3.688101454015497
3645.0462691783905,6.348116378792096,1,3.6866640340793375
3645.152983903885,6.350663621170664,1,3.6852266141431818
3645.2477486133575,6.348116378792096,1,3.6866640340793375
3645.3717131614685,6.3557581059278085,1,3.6823517742708667
3645.4664330482483,6.337927409277807,1,3.692413713823967
3645.5581879615784,6.360852590684953,1,3.6794769343985516
3645.6539359092712,6.360852590684953,1,3.6794769343985516
3645.7488598823547,6.35321086354924,1,3.6837891942070224
3645.841840028763,6.360852590684953,1,3.6794769343985516
3645.9375932216644,6.34556913641352,1,3.688101454015497
3646.04473900795,6.3557581059278085,1,3.6823517742708667
3646.1394810676575,6.365947075442097,1,3.6766020945262365
3646.2311398983,6.34556913641352,1,3.688101454015497
3646.325935602188,6.350663621170664,1,3.6852266141431818
3646.420414209366,6.360852590684953,1,3.6794769343985516
3646.529129266739,6.343021894034951,1,3.689538873951652
3646.624390602112,6.358305348306377,1,3.6809143543347114
3646.7176747322083,6.34556913641352,1,3.688101454015497
3646.8249020576477,6.3633998330635215,1,3.6780395144623963
3646.9196479320526,6.3557581059278085,1,3.6823517742708667
3647.013016939163,6.337927409277807,1,3.692413713823967
3647.1056745052338,6.3633998330635215,1,3.6780395144623963
3647.214645385742,6.348116378792096,1,3.6866640340793375
3647.29203248024,6.3557581059278085,1,3.6823517742708667
3647.3697803020477,6.365947075442097,1,3.6766020945262365
3647.46355175972,6.343021894034951,1,3.689538873951652
3647.5567343235016,6.360852590684953,1,3.6794769343985516
3647.648710489273,6.34556913641352,1,3.688101454015497
3647.756454229355,6.35321086354924,1,3.6837891942070224
3647.8510434627533,6.34556913641352,1,3.688101454015497
3647.9436478614807,6.34556913641352,1,3.688101454015497
3648.0368847846985,6.3633998330635215,1,3.6780395144623963
3648.1147406101227,6.348116378792096,1,3.6866640340793375
3648.206948041916,6.35321086354924,1,3.6837891942070224
3648.2997455596924,6.348116378792096,1,3.6866640340793375
3648.4065244197845,6.3633998330635215,1,3.6780395144623963
3648.5157220363617,6.343021894034951,1,3.689538873951652
3648.640391588211,6.35321086354924,1,3.6837891942070224
3648.7495563030243,6.3633998330635215,1,3.6780395144623963
3648.8581159114838,6.360852590684953,1,3.6794769343985516
3649.0137062072754,6.34556913641352,1,3.688101454015497
3649.106550693512,6.35321086354924,1,3.6837891942070224
3649.2151980400085,6.348116378792096,1,3.6866640340793375
3649.3071007728577,6.365947075442097,1,3.6766020945262365
3649.4028449058533,6.34556913641352,1,3.688101454015497
3649.496214389801,6.360852590684953,1,3.6794769343985516
3649.5879044532776,6.3557581059278085,1,3.6823517742708667
3649.6807186603546,6.348116378792096,1,3.6866640340793375
3649.772876739502,6.35321086354924,1,3.6837891942070224
3649.8507721424103,6.350663621170664,1,3.6852266141431818
3649.930604457855,6.34556913641352,1,3.688101454015497
3650.0243134498596,6.3633998330635215,1,3.6780395144623963
3650.1041815280914,6.368494317820666,1,3.6751646745900812
3650.195932149887,6.3557581059278085,1,3.6823517742708667
3650.28790807724,6.360852590684953,1,3.6794769343985516
3650.3669698238373,6.350663621170664,1,3.6852266141431818
3650.444896697998,6.350663621170664,1,3.6852266141431818
3650.537902355194,6.376136044956386,1,3.6708524147816064
3650.648670434952,6.35321086354924,1,3.6837891942070224
3650.740702867508,6.365947075442097,1,3.6766020945262365
3650.8328654766083,6.35321086354924,1,3.6837891942070224
3650.91055727005,6.365947075442097,1,3.6766020945262365
3651.002648830414,6.365947075442097,1,3.6766020945262365
3651.08740234375,6.376136044956386,1,3.6708524147816064
3651.173279285431,6.3633998330635215,1,3.6780395144623963
3651.2505905628204,6.348116378792096,1,3.6866640340793375
3651.3285040855408,6.350663621170664,1,3.6852266141431818
3651.405895471573,6.365947075442097,1,3.6766020945262365
3651.5000987052917,6.358305348306377,1,3.6809143543347114
3651.5790581703186,6.3557581059278085,1,3.6823517742708667
3651.6707882881165,6.35321086354924,1,3.6837891942070224
3651.7489500045776,6.365947075442097,1,3.6766020945262365
3651.844249725342,6.368494317820666,1,3.6751646745900812
3651.9234850406647,6.358305348306377,1,3.6809143543347114
3652.014918088913,6.35321086354924,1,3.6837891942070224
3652.1077740192413,6.360852590684953,1,3.6794769343985516
3652.215043783188,6.360852590684953,1,3.6794769343985516
3652.309750318527,6.3633998330635215,1,3.6780395144623963
3652.4018063545227,6.358305348306377,1,3.6809143543347114
3652.5133543014526,6.358305348306377,1,3.6809143543347114
3652.5897347927094,6.3633998330635215,1,3.6780395144623963
3652.681468963623,6.3557581059278085,1,3.6823517742708667
3652.760043144226,6.37358880257781,1,3.672289834717766
3652.852779150009,6.348116378792096,1,3.6866640340793375
3652.9307148456573,6.365947075442097,1,3.6766020945262365
3653.0241465568542,6.360852590684953,1,3.6794769343985516
3653.103009700775,6.35321086354924,1,3.6837891942070224
3653.1810302734375,6.360852590684953,1,3.6794769343985516
3653.258633375168,6.3404746516563755,1,3.690976293887812
3653.3528537750244,6.350663621170664,1,3.6852266141431818
3653.4475593566895,6.3557581059278085,1,3.6823517742708667
3653.5386810302734,6.368494317820666,1,3.6751646745900812
3653.6315660476685,6.35321086354924,1,3.6837891942070224
3653.7223970890045,6.365947075442097,1,3.6766020945262365
3653.8137488365173,6.350663621170664,1,3.6852266141431818
3653.923740386963,6.368494317820666,1,3.6751646745900812
3654.0167665481567,6.3404746516563755,1,3.690976293887812
3654.095678329468,6.3633998330635215,1,3.6780395144623963
3654.1736273765564,6.3633998330635215,1,3.6780395144623963
3654.250683784485,6.360852590684953,1,3.6794769343985516
3654.343522310257,6.360852590684953,1,3.6794769343985516
3654.4207239151,6.337927409277807,1,3.692413713823967
3654.5155041217804,6.34556913641352,1,3.688101454015497
3654.6106462478638,6.35321086354924,1,3.6837891942070224
3654.7029271125793,6.343021894034951,1,3.689538873951652
3654.7827348709106,6.348116378792096,1,3.6866640340793375
3654.8615758419037,6.3633998330635215,1,3.6780395144623963
3654.9548218250275,6.3404746516563755,1,3.690976293887812
3655.0478463172913,6.3557581059278085,1,3.6823517742708667
3655.1388068199158,6.34556913641352,1,3.688101454015497
3655.2324090003967,6.3557581059278085,1,3.6823517742708667
3655.343113183975,6.37358880257781,1,3.672289834717766
3655.4649379253387,6.358305348306377,1,3.6809143543347114
3655.6199543476105,6.360852590684953,1,3.6794769343985516
3655.6998269557953,6.350663621170664,1,3.6852266141431818
3655.7919409275055,6.34556913641352,1,3.688101454015497
3655.8856389522552,6.358305348306377,1,3.6809143543347114
3655.979602098465,6.358305348306377,1,3.6809143543347114
3656.0714304447174,6.35321086354924,1,3.6837891942070224
3656.1659202575684,6.3404746516563755,1,3.690976293887812
3656.2437732219696,6.3633998330635215,1,3.6780395144623963
3656.335676908493,6.35321086354924,1,3.6837891942070224
3656.4144608974457,6.360852590684953,1,3.6794769343985516
3656.4927985668182,6.3557581059278085,1,3.6823517742708667
3656.5859673023224,6.35321086354924,1,3.6837891942070224
3656.6779940128326,6.360852590684953,1,3.6794769343985516
